NAME : X-n167-k10
COMMENT : "Generated by Uchoa, Pecin, Pessoa, Poggi, Subramanian, and Vidal (2013)"
TYPE : CVRP
DIMENSION : 167
EDGE_WEIGHT_TYPE : EUC_2D
CAPACITY : 133
NODE_COORD_SECTION
1 0 0
2 832 885
3 777 632
4 406 257
5 620 467
6 58 70
7 116 423
8 104 445
9 714 722
10 188 503
11 856 594
12 932 448
13 749 982
14 818 889
15 377 493
16 337 419
17 772 605
18 373 448
19 519 112
20 849 274
21 533 839
22 610 417
23 69 583
24 573 195
25 988 324
26 110 550
27 271 676
28 694 130
29 791 590
30 785 614
31 321 305
32 974 292
33 804 556
34 372 893
35 867 23
36 252 660
37 588 34
38 939 685
39 511 524
40 948 479
41 912 227
42 380 807
43 309 141
44 558 759
45 241 225
46 920 87
47 269 351
48 156 776
49 251 512
50 608 874
51 853 269
52 897 572
53 316 461
54 825 529
55 474 152
56 510 453
57 15 838
58 778 928
59 1 896
60 804 492
61 630 294
62 2 966
63 254 539
64 167 28
65 646 879
66 863 49
67 508 759
68 64 165
69 249 525
70 49 605
71 990 375
72 539 272
73 833 561
74 84 571
75 378 847
76 713 485
77 489 204
78 815 905
79 307 774
80 286 204
81 517 61
82 918 74
83 864 397
84 35 597
85 918 632
86 395 570
87 87 97
88 318 94
89 893 805
90 82 392
91 471 899
92 567 895
93 349 360
94 138 560
95 459 962
96 795 461
97 398 467
98 553 606
99 952 89
100 92 22
101 853 188
102 643 80
103 801 227
104 127 74
105 727 975
106 552 48
107 311 959
108 647 876
109 742 168
110 755 589
111 741 8
112 975 954
113 820 502
114 552 300
115 802 744
116 515 599
117 585 600
118 573 793
119 159 669
120 248 369
121 868 476
122 275 194
123 930 933
124 233 587
125 198 35
126 444 648
127 184 822
128 107 840
129 312 573
130 694 813
131 446 264
132 586 483
133 648 274
134 967 362
135 194 330
136 963 135
137 846 717
138 32 487
139 358 728
140 608 182
141 250 367
142 989 392
143 820 307
144 473 274
145 408 84
146 762 800
147 917 560
148 586 830
149 571 616
150 606 445
151 939 116
152 551 528
153 191 102
154 605 583
155 627 249
156 53 819
157 427 571
158 168 479
159 679 371
160 354 415
161 638 444
162 535 918
163 243 535
164 796 796
165 886 32
166 272 699
167 421 935
PICKUP_AND_DELIVERY_SECTION
1 0 0 0 0 0 0
2 0 0 0 0 5.64068 0.359322
3 0 0 0 0 7.32046 1.67954
4 0 0 0 0 4.43103 2.56897
5 0 0 0 0 3.76613 1.23387
6 0 0 0 0 7.45714 1.54286
7 0 0 0 0 1.37116 3.62884
8 0 0 0 0 2.10337 6.89663
9 0 0 0 0 6.92244 0.0775623
10 0 0 0 0 3.73757 6.26243
11 0 0 0 0 5.5514 2.4486
12 0 0 0 0 2.88412 3.11588
13 0 0 0 0 3.81365 1.18635
14 0 0 0 0 8.28121 0.718785
15 0 0 0 0 6.11765 1.88235
16 0 0 0 0 7.23866 1.76134
17 0 0 0 0 7.83679 2.16321
18 0 0 0 0 4.16295 0.837054
19 0 0 0 0 1.5106 5.4894
20 0 0 0 0 2.58186 5.41814
21 0 0 0 0 3.1764 1.8236
22 0 0 0 0 6.15246 2.84754
23 0 0 0 0 1.06518 7.93482
24 0 0 0 0 2.3822 4.6178
25 0 0 0 0 1.63968 3.36032
26 0 0 0 0 1.4 5.6
27 0 0 0 0 3.2071 4.7929
28 0 0 0 0 0.936599 4.0634
29 0 0 0 0 7.45891 2.54109
30 0 0 0 0 7.03949 1.96051
31 0 0 0 0 8.5514 0.448598
32 0 0 0 0 2.69815 6.30185
33 0 0 0 0 6.22388 2.77612
34 0 0 0 0 2.91601 4.08399
35 0 0 0 0 0.238754 8.76125
36 0 0 0 0 1.90909 3.09091
37 0 0 0 0 0.578231 9.42177
38 0 0 0 0 4.377 1.623
39 0 0 0 0 8.77672 0.223282
40 0 0 0 0 4.54747 4.45253
41 0 0 0 0 1.24452 3.75548
42 0 0 0 0 2.82528 3.17472
43 0 0 0 0 4.56311 5.43689
44 0 0 0 0 4.41107 1.58893
45 0 0 0 0 5.60166 0.39834
46 0 0 0 0 0.756522 7.24348
47 0 0 0 0 4.59829 1.40171
48 0 0 0 0 1.20619 4.79381
49 0 0 0 0 4.90234 5.09766
50 0 0 0 0 6.26087 2.73913
51 0 0 0 0 2.2075 4.7925
52 0 0 0 0 5.10145 2.89855
53 0 0 0 0 4.1128 1.8872
54 0 0 0 0 3.84727 2.15273
55 0 0 0 0 1.92405 4.07595
56 0 0 0 0 7.10588 0.894118
57 0 0 0 0 0.0894988 4.9105
58 0 0 0 0 8.38362 1.61638
59 0 0 0 0 0.00669643 5.9933
60 0 0 0 0 5.50746 3.49254
61 0 0 0 0 4.2 4.8
62 0 0 0 0 0.0186335 8.98137
63 0 0 0 0 3.2987 3.7013
64 0 0 0 0 1.50898 7.49102
65 0 0 0 0 4.40956 1.59044
66 0 0 0 0 0.397451 6.60255
67 0 0 0 0 3.34651 1.65349
68 0 0 0 0 3.49091 5.50909
69 0 0 0 0 2.84571 3.15429
70 0 0 0 0 0.404959 4.59504
71 0 0 0 0 2.27273 3.72727
72 0 0 0 0 4.54174 4.45826
73 0 0 0 0 4.04082 1.95918
74 0 0 0 0 1.17688 6.82312
75 0 0 0 0 3.57025 4.42975
76 0 0 0 0 3.40112 1.59888
77 0 0 0 0 2.92025 4.07975
78 0 0 0 0 6.30387 0.696133
79 0 0 0 0 2.77649 4.22351
80 0 0 0 0 7.13287 2.86713
81 0 0 0 0 0.589942 4.41006
82 0 0 0 0 0.8061 9.1939
83 0 0 0 0 3.67593 4.32407
84 0 0 0 0 0.410385 6.58961
85 0 0 0 0 6.19608 2.80392
86 0 0 0 0 6.92982 3.07018
87 0 0 0 0 7.17526 0.824742
88 0 0 0 0 2.66038 6.33962
89 0 0 0 0 7.21165 0.788354
90 0 0 0 0 1.46429 5.53571
91 0 0 0 0 5.23915 4.76085
92 0 0 0 0 4.43464 2.56536
93 0 0 0 0 8.725 0.275
94 0 0 0 0 1.47857 4.52143
95 0 0 0 0 2.38565 2.61435
96 0 0 0 0 4.63899 3.36101
97 0 0 0 0 6.81799 1.18201
98 0 0 0 0 5.47525 0.524752
99 0 0 0 0 0.654412 6.34559
100 0 0 0 0 2.3913 7.6087
101 0 0 0 0 1.32239 4.67761
102 0 0 0 0 1.11975 7.88025
103 0 0 0 0 1.41698 3.58302
104 0 0 0 0 5.24409 3.75591
105 0 0 0 0 6.71077 2.28923
106 0 0 0 0 0.434783 4.56522
107 0 0 0 0 3.24296 6.75704
108 0 0 0 0 3.69292 1.30708
109 0 0 0 0 1.35849 4.64151
110 0 0 0 0 7.80132 2.19868
111 0 0 0 0 0.0755735 6.92443
112 0 0 0 0 9.78462 0.215385
113 0 0 0 0 4.89756 3.10244
114 0 0 0 0 4.34783 3.65217
115 0 0 0 0 4.6384 0.361596
116 0 0 0 0 6.87813 1.12187
117 0 0 0 0 6.825 0.175
118 0 0 0 0 4.33544 1.66456
119 0 0 0 0 2.13901 6.86099
120 0 0 0 0 6.04878 2.95122
121 0 0 0 0 3.83871 3.16129
122 0 0 0 0 4.93818 2.06182
123 0 0 0 0 9.96785 0.0321543
124 0 0 0 0 3.5724 5.4276
125 0 0 0 0 1.41414 6.58586
126 0 0 0 0 6.16667 2.83333
127 0 0 0 0 1.79075 6.20925
128 0 0 0 0 0.891667 6.10833
129 0 0 0 0 4.35602 3.64398
130 0 0 0 0 5.9754 1.0246
131 0 0 0 0 4.1435 2.8565
132 0 0 0 0 4.12116 0.87884
133 0 0 0 0 2.95988 4.04012
134 0 0 0 0 1.87177 3.12823
135 0 0 0 0 2.93939 2.06061
136 0 0 0 0 1.26168 7.73832
137 0 0 0 0 5.93262 1.06738
138 0 0 0 0 0.328542 4.67146
139 0 0 0 0 2.45879 2.54121
140 0 0 0 0 2.69408 6.30592
141 0 0 0 0 6.81199 3.18801
142 0 0 0 0 3.9636 6.0364
143 0 0 0 0 1.87195 3.12805
144 0 0 0 0 4.05497 2.94503
145 0 0 0 0 1.02941 3.97059
146 0 0 0 0 5.715 0.285
147 0 0 0 0 3.05344 1.94656
148 0 0 0 0 4.94217 2.05783
149 0 0 0 0 5.56169 0.438312
150 0 0 0 0 5.14026 1.85974
151 0 0 0 0 0.86475 6.13525
152 0 0 0 0 8.62432 0.375681
153 0 0 0 0 3.20419 2.79581
154 0 0 0 0 9.63636 0.363636
155 0 0 0 0 2.7799 4.2201
156 0 0 0 0 0.647131 9.35287
157 0 0 0 0 5.23468 1.76532
158 0 0 0 0 2.45511 4.54489
159 0 0 0 0 3.82474 3.17526
160 0 0 0 0 4.26506 0.73494
161 0 0 0 0 4.17555 1.82445
162 0 0 0 0 3.49673 2.50327
163 0 0 0 0 4.08785 4.91215
164 0 0 0 0 9 0
165 0 0 0 0 0.216704 5.7833
166 0 0 0 0 3.89127 6.10873
167 0 0 0 0 4.05241 4.94759
