NAME : X-n120-k6
COMMENT : "Generated by Uchoa, Pecin, Pessoa, Poggi, Subramanian, and Vidal (2013)"
TYPE : CVRP
DIMENSION : 120
EDGE_WEIGHT_TYPE : EUC_2D
CAPACITY : 21
NODE_COORD_SECTION
1 0 0
2 927 318
3 319 475
4 471 281
5 894 615
6 712 832
7 677 210
8 336 967
9 490 360
10 367 685
11 153 169
12 799 63
13 247 455
14 492 585
15 131 701
16 309 721
17 210 256
18 511 753
19 447 796
20 394 856
21 131 13
22 181 425
23 892 585
24 161 651
25 964 365
26 82 353
27 706 842
28 793 53
29 364 841
30 126 306
31 86 477
32 51 277
33 192 360
34 52 568
35 682 45
36 778 300
37 10 737
38 928 438
39 95 240
40 391 368
41 586 170
42 645 731
43 381 396
44 387 491
45 388 753
46 429 276
47 547 989
48 840 945
49 88 969
50 331 421
51 55 132
52 904 771
53 63 190
54 731 528
55 320 84
56 308 276
57 891 182
58 836 473
59 209 741
60 864 533
61 852 600
62 180 150
63 544 140
64 956 881
65 432 487
66 129 968
67 597 962
68 51 423
69 827 605
70 776 619
71 354 297
72 311 129
73 552 106
74 24 318
75 148 944
76 502 869
77 396 492
78 815 500
79 425 338
80 178 511
81 168 274
82 775 603
83 481 465
84 281 777
85 216 211
86 784 740
87 127 992
88 544 117
89 92 170
90 846 755
91 614 326
92 180 372
93 720 252
94 262 291
95 171 186
96 868 613
97 291 119
98 427 974
99 481 557
100 403 645
101 819 502
102 915 919
103 581 85
104 527 743
105 953 893
106 955 912
107 269 924
108 216 84
109 601 952
110 441 439
111 170 949
112 614 92
113 439 212
114 413 509
115 545 336
116 50 806
117 166 86
118 658 870
119 122 511
120 178 170
PICKUP_AND_DELIVERY_SECTION
1 0 0 0 0 0 0
2 0 0 0 0 0.343042 0.656958
3 0 0 0 0 0.671579 0.328421
4 0 0 0 0 0.596603 0.403397
5 0 0 0 0 0.687919 0.312081
6 0 0 0 0 0.855769 0.144231
7 0 0 0 0 0.310192 0.689808
8 0 0 0 0 0.347466 0.652534
9 0 0 0 0 0.734694 0.265306
10 0 0 0 0 0.535766 0.464234
11 0 0 0 0 0.905325 0.0946746
12 0 0 0 0 0.0788486 0.921151
13 0 0 0 0 0.542857 0.457143
14 0 0 0 0 0.841026 0.158974
15 0 0 0 0 0.186876 0.813124
16 0 0 0 0 0.428571 0.571429
17 0 0 0 0 0.820312 0.179688
18 0 0 0 0 0.678619 0.321381
19 0 0 0 0 0.561558 0.438442
20 0 0 0 0 0.46028 0.53972
21 0 0 0 0 0.0992366 0.900763
22 0 0 0 0 0.425882 0.574118
23 0 0 0 0 0.65583 0.34417
24 0 0 0 0 0.247312 0.752688
25 0 0 0 0 0.378631 0.621369
26 0 0 0 0 0.232295 0.767705
27 0 0 0 0 0.83848 0.16152
28 0 0 0 0 0.0668348 0.933165
29 0 0 0 0 0.432818 0.567182
30 0 0 0 0 0.411765 0.588235
31 0 0 0 0 0.180294 0.819706
32 0 0 0 0 0.184116 0.815884
33 0 0 0 0 0.533333 0.466667
34 0 0 0 0 0.0915493 0.908451
35 0 0 0 0 0.0659824 0.934018
36 0 0 0 0 0.385604 0.614396
37 0 0 0 0 0.0135685 0.986431
38 0 0 0 0 0.471983 0.528017
39 0 0 0 0 0.395833 0.604167
40 0 0 0 0 0.941176 0.0588235
41 0 0 0 0 0.290102 0.709898
42 0 0 0 0 0.882353 0.117647
43 0 0 0 0 0.962121 0.0378788
44 0 0 0 0 0.788187 0.211813
45 0 0 0 0 0.515272 0.484728
46 0 0 0 0 0.643357 0.356643
47 0 0 0 0 0.553084 0.446916
48 0 0 0 0 0.888889 0.111111
49 0 0 0 0 0.0908153 0.909185
50 0 0 0 0 0.786223 0.213777
51 0 0 0 0 0.416667 0.583333
52 0 0 0 0 0.852876 0.147124
53 0 0 0 0 0.331579 0.668421
54 0 0 0 0 0.722298 0.277702
55 0 0 0 0 0.2625 0.7375
56 0 0 0 0 0.896104 0.103896
57 0 0 0 0 0.204265 0.795735
58 0 0 0 0 0.565789 0.434211
59 0 0 0 0 0.282051 0.717949
60 0 0 0 0 0.616898 0.383102
61 0 0 0 0 0.704225 0.295775
62 0 0 0 0 0.833333 0.166667
63 0 0 0 0 0.257353 0.742647
64 0 0 0 0 0.921548 0.0784519
65 0 0 0 0 0.887064 0.112936
66 0 0 0 0 0.133264 0.866736
67 0 0 0 0 0.620582 0.379418
68 0 0 0 0 0.120567 0.879433
69 0 0 0 0 0.73156 0.26844
70 0 0 0 0 0.79768 0.20232
71 0 0 0 0 0.838983 0.161017
72 0 0 0 0 0.414791 0.585209
73 0 0 0 0 0.192029 0.807971
74 0 0 0 0 0.0754717 0.924528
75 0 0 0 0 0.15678 0.84322
76 0 0 0 0 0.577675 0.422325
77 0 0 0 0 0.804878 0.195122
78 0 0 0 0 0.613497 0.386503
79 0 0 0 0 0.795294 0.204706
80 0 0 0 0 0.348337 0.651663
81 0 0 0 0 0.613139 0.386861
82 0 0 0 0 0.778065 0.221935
83 0 0 0 0 0.966736 0.033264
84 0 0 0 0 0.361647 0.638353
85 0 0 0 0 0.976852 0.0231481
86 0 0 0 0 0.943878 0.0561224
87 0 0 0 0 0.128024 0.871976
88 0 0 0 0 0.215074 0.784926
89 0 0 0 0 0.541176 0.458824
90 0 0 0 0 0.892435 0.107565
91 0 0 0 0 0.530945 0.469055
92 0 0 0 0 0.483871 0.516129
93 0 0 0 0 0.35 0.65
94 0 0 0 0 0.900344 0.0996564
95 0 0 0 0 0.919355 0.0806452
96 0 0 0 0 0.706221 0.293779
97 0 0 0 0 0.408935 0.591065
98 0 0 0 0 0.438398 0.561602
99 0 0 0 0 0.863555 0.136445
100 0 0 0 0 0.624806 0.375194
101 0 0 0 0 0.612943 0.387057
102 0 0 0 0 0.995647 0.00435256
103 0 0 0 0 0.146299 0.853701
104 0 0 0 0 0.709287 0.290713
105 0 0 0 0 0.937041 0.0629591
106 0 0 0 0 0.954974 0.0450262
107 0 0 0 0 0.291126 0.708874
108 0 0 0 0 0.388889 0.611111
109 0 0 0 0 0.631303 0.368697
110 0 0 0 0 0.995465 0.00453515
111 0 0 0 0 0.179136 0.820864
112 0 0 0 0 0.149837 0.850163
113 0 0 0 0 0.482916 0.517084
114 0 0 0 0 0.811395 0.188605
115 0 0 0 0 0.616514 0.383486
116 0 0 0 0 0.0620347 0.937965
117 0 0 0 0 0.518072 0.481928
118 0 0 0 0 0.756322 0.243678
119 0 0 0 0 0.238748 0.761252
120 0 0 0 0 0.955056 0.0449438
