NAME : X-n115-k10
COMMENT : "Generated by Uchoa, Pecin, Pessoa, Poggi, Subramanian, and Vidal (2013)"
TYPE : CVRP
DIMENSION : 115
EDGE_WEIGHT_TYPE : EUC_2D
CAPACITY : 169
NODE_COORD_SECTION
1 500 500
2 865 693
3 633 220
4 173 361
5 89 714
6 350 102
7 301 24
8 834 663
9 841 997
10 394 790
11 276 488
12 779 312
13 939 66
14 595 462
15 940 964
16 459 459
17 432 280
18 379 338
19 128 439
20 401 22
21 69 887
22 499 657
23 633 46
24 713 182
25 806 525
26 540 169
27 696 559
28 577 888
29 298 725
30 410 644
31 512 889
32 756 352
33 405 407
34 850 365
35 731 588
36 90 553
37 691 383
38 926 631
39 955 351
40 998 736
41 921 854
42 532 257
43 238 513
44 976 912
45 565 912
46 893 74
47 590 548
48 99 355
49 294 39
50 58 429
51 471 573
52 520 109
53 486 611
54 409 682
55 296 843
56 970 479
57 717 390
58 152 711
59 934 255
60 257 539
61 270 31
62 823 409
63 203 849
64 770 627
65 630 581
66 786 186
67 380 300
68 973 847
69 985 975
70 732 465
71 690 428
72 910 568
73 725 539
74 181 186
75 814 694
76 702 927
77 946 492
78 984 305
79 385 696
80 48 323
81 944 440
82 813 293
83 490 676
84 729 923
85 719 883
86 675 637
87 167 14
88 98 159
89 476 709
90 402 339
91 911 734
92 590 230
93 122 698
94 154 418
95 165 998
96 217 599
97 766 21
98 922 407
99 831 607
100 70 494
101 220 740
102 19 855
103 759 507
104 818 409
105 503 304
106 595 827
107 254 282
108 205 607
109 331 57
110 118 404
111 576 658
112 558 611
113 629 732
114 893 182
115 435 1000
PICKUP_AND_DELIVERY_SECTION
1 0 0 0 0 0 0
2 0 0 0 0 68.8994 17.1006
3 0 0 0 0 34.06 63.94
4 0 0 0 0 42.651 46.349
5 0 0 0 0 11.3431 79.6569
6 0 0 0 0 21.5657 52.4343
7 0 0 0 0 6.93688 80.0631
8 0 0 0 0 51.6727 13.3273
9 0 0 0 0 52.2989 9.7011
10 0 0 0 0 29.9241 30.0759
11 0 0 0 0 55.9918 43.0082
12 0 0 0 0 38.4493 57.5507
13 0 0 0 0 5.55272 73.4473
14 0 0 0 0 4.65882 1.34118
15 0 0 0 0 9.75104 0.248963
16 0 0 0 0 3 0
17 0 0 0 0 5.18519 2.81481
18 0 0 0 0 7.13456 0.865435
19 0 0 0 0 2.91572 7.08428
20 0 0 0 0 0.0548628 0.945137
21 0 0 0 0 0.700113 8.29989
22 0 0 0 0 4.55708 1.44292
23 0 0 0 0 0.290679 3.70932
24 0 0 0 0 1.2763 3.7237
25 0 0 0 0 3.90819 2.09181
26 0 0 0 0 0.938889 2.06111
27 0 0 0 0 7.22845 1.77155
28 0 0 0 0 4.54842 2.45158
29 0 0 0 0 2.87724 4.12276
30 0 0 0 0 3.18323 1.81677
31 0 0 0 0 1.15186 0.848144
32 0 0 0 0 1.86243 2.13757
33 0 0 0 0 7.96069 0.039312
34 0 0 0 0 3.43529 4.56471
35 0 0 0 0 0.804378 0.195622
36 0 0 0 0 0.650995 3.34901
37 0 0 0 0 2.77135 2.22865
38 0 0 0 0 4.76998 2.23002
39 0 0 0 0 2.94031 5.05969
40 0 0 0 0 6.63727 2.36273
41 0 0 0 0 0.927253 0.072747
42 0 0 0 0 3.86466 4.13534
43 0 0 0 0 0.927875 1.07212
44 0 0 0 0 1.86885 0.131148
45 0 0 0 0 5.57566 3.42434
46 0 0 0 0 0.580067 6.41993
47 0 0 0 0 7.43051 0.569492
48 0 0 0 0 0.278873 0.721127
49 0 0 0 0 0.132653 0.867347
50 0 0 0 0 1.21678 7.78322
51 0 0 0 0 6.57592 1.42408
52 0 0 0 0 0.838462 3.16154
53 0 0 0 0 5.56792 1.43208
54 0 0 0 0 1.19941 0.800587
55 0 0 0 0 0.351127 0.648873
56 0 0 0 0 1.48144 1.51856
57 0 0 0 0 3.80753 3.19247
58 0 0 0 0 2.13783 7.86217
59 0 0 0 0 0.546039 1.45396
60 0 0 0 0 1.43043 1.56957
61 0 0 0 0 0.114815 0.885185
62 0 0 0 0 0.993925 1.00608
63 0 0 0 0 2.39105 7.60895
64 0 0 0 0 0.814286 0.185714
65 0 0 0 0 3.68889 0.311111
66 0 0 0 0 0.709924 2.29008
67 0 0 0 0 3.94737 1.05263
68 0 0 0 0 5.22302 0.776978
69 0 0 0 0 2.96954 0.0304569
70 0 0 0 0 0.635246 0.364754
71 0 0 0 0 5.58261 3.41739
72 0 0 0 0 1.87253 1.12747
73 0 0 0 0 2.97379 1.02621
74 0 0 0 0 0.973118 0.0268817
75 0 0 0 0 3.41032 0.589681
76 0 0 0 0 3.78641 1.21359
77 0 0 0 0 0.520085 0.479915
78 0 0 0 0 0.619919 1.38008
79 0 0 0 0 2.7658 2.2342
80 0 0 0 0 1.48607 8.51393
81 0 0 0 0 2.79661 3.20339
82 0 0 0 0 0.360394 0.639606
83 0 0 0 0 4.34911 1.65089
84 0 0 0 0 7.10834 1.89166
85 0 0 0 0 2.44281 0.557191
86 0 0 0 0 4.71852 0.281481
87 0 0 0 0 0.502994 5.49701
88 0 0 0 0 3.69811 2.30189
89 0 0 0 0 6.71368 3.28632
90 0 0 0 0 1.68657 0.313433
91 0 0 0 0 1.61142 0.388584
92 0 0 0 0 1.94915 3.05085
93 0 0 0 0 1.74785 8.25215
94 0 0 0 0 3.68421 6.31579
95 0 0 0 0 0.826653 4.17335
96 0 0 0 0 1.81135 3.18865
97 0 0 0 0 0.219321 7.78068
98 0 0 0 0 2.20716 2.79284
99 0 0 0 0 3.65223 1.34777
100 0 0 0 0 1.1336 6.8664
101 0 0 0 0 1.48649 3.51351
102 0 0 0 0 0.177778 7.82222
103 0 0 0 0 4.00791 1.99209
104 0 0 0 0 4 4
105 0 0 0 0 3.02187 1.97813
106 0 0 0 0 2.87787 1.12213
107 0 0 0 0 9.00709 0.992908
108 0 0 0 0 3.03954 5.96046
109 0 0 0 0 0.861027 4.13897
110 0 0 0 0 1.4604 3.5396
111 0 0 0 0 4.3769 0.6231
112 0 0 0 0 2.73977 0.260229
113 0 0 0 0 6.87432 1.12568
114 0 0 0 0 1.42665 5.57335
115 0 0 0 0 2.61 3.39
