NAME : X-n148-k46
COMMENT : "Generated by Uchoa, Pecin, Pessoa, Poggi, Subramanian, and Vidal (2013)"
TYPE : CVRP
DIMENSION : 148
EDGE_WEIGHT_TYPE : EUC_2D
CAPACITY : 18
NODE_COORD_SECTION
1 707 633
2 405 122
3 811 419
4 11 667
5 336 612
6 366 50
7 98 836
8 414 996
9 243 713
10 100 232
11 891 946
12 132 204
13 25 642
14 994 18
15 636 897
16 214 651
17 108 619
18 882 399
19 863 607
20 409 585
21 247 882
22 553 507
23 677 258
24 673 644
25 25 182
26 251 111
27 263 799
28 660 359
29 351 288
30 172 127
31 382 441
32 231 650
33 966 485
34 964 107
35 876 164
36 949 328
37 936 70
38 229 744
39 161 214
40 581 594
41 154 860
42 23 374
43 736 600
44 594 542
45 846 684
46 355 471
47 675 597
48 663 653
49 61 889
50 685 150
51 129 248
52 161 301
53 180 836
54 427 670
55 833 860
56 669 251
57 411 403
58 450 926
59 591 505
60 468 157
61 288 484
62 574 955
63 795 521
64 41 65
65 175 486
66 74 436
67 907 13
68 579 912
69 765 835
70 176 189
71 972 351
72 470 22
73 577 469
74 561 672
75 110 670
76 811 614
77 460 344
78 862 486
79 22 369
80 898 295
81 89 934
82 89 973
83 896 544
84 503 364
85 765 469
86 832 504
87 702 482
88 481 321
89 827 627
90 541 599
91 111 694
92 891 231
93 884 324
94 555 436
95 186 502
96 442 319
97 823 255
98 367 339
99 572 872
100 715 620
101 134 794
102 85 912
103 191 561
104 79 911
105 924 508
106 132 871
107 962 682
108 783 515
109 170 677
110 847 462
111 840 535
112 732 383
113 904 368
114 980 376
115 281 669
116 84 809
117 114 715
118 83 648
119 800 540
120 45 944
121 84 965
122 465 407
123 779 427
124 854 305
125 518 500
126 216 721
127 597 643
128 847 501
129 859 298
130 954 764
131 339 814
132 142 552
133 400 366
134 21 341
135 802 487
136 67 772
137 897 552
138 847 538
139 189 530
140 930 232
141 472 396
142 92 325
143 877 475
144 451 370
145 1 416
146 712 100
147 869 270
148 100 342
PICKUP_AND_DELIVERY_SECTION
1 0 0 0 0 0 0
2 0 0 0 0 3.01235 6.98765
3 0 0 0 0 2.06658 1.93342
4 0 0 0 0 0.115442 6.88456
5 0 0 0 0 2.19608 1.80392
6 0 0 0 0 1.0929 6.9071
7 0 0 0 0 0.117225 0.882775
8 0 0 0 0 1.66265 2.33735
9 0 0 0 0 0.340813 0.659187
10 0 0 0 0 2.15517 2.84483
11 0 0 0 0 4.7093 0.290698
12 0 0 0 0 0.647059 0.352941
13 0 0 0 0 0.155763 3.84424
14 0 0 0 0 0.0724346 3.92757
15 0 0 0 0 2.83612 1.16388
16 0 0 0 0 0.65745 1.34255
17 0 0 0 0 0.872375 4.12763
18 0 0 0 0 1.35714 1.64286
19 0 0 0 0 7.0336 2.9664
20 0 0 0 0 0.699145 0.300855
21 0 0 0 0 0.560091 1.43991
22 0 0 0 0 8.25136 0.748644
23 0 0 0 0 1.90547 3.09453
24 0 0 0 0 4.78455 0.215453
25 0 0 0 0 0.274725 1.72527
26 0 0 0 0 0.442231 0.557769
27 0 0 0 0 2.30413 4.69587
28 0 0 0 0 5.43939 4.56061
29 0 0 0 0 4.10256 0.897436
30 0 0 0 0 7.38372 2.61628
31 0 0 0 0 8.66213 1.33787
32 0 0 0 0 0.710769 1.28923
33 0 0 0 0 4.51863 4.48137
34 0 0 0 0 0.110996 0.889004
35 0 0 0 0 1.87215 8.12785
36 0 0 0 0 3.11064 5.88936
37 0 0 0 0 0.149573 1.85043
38 0 0 0 0 0.923387 2.07661
39 0 0 0 0 3.00935 0.990654
40 0 0 0 0 3.91246 0.0875421
41 0 0 0 0 1.61163 7.38837
42 0 0 0 0 0.614973 9.38503
43 0 0 0 0 4.07609 0.923913
44 0 0 0 0 3.64983 0.350168
45 0 0 0 0 8.08511 1.91489
46 0 0 0 0 0.753715 0.246285
47 0 0 0 0 4.42222 0.577778
48 0 0 0 0 7.87934 0.120664
49 0 0 0 0 0.343082 4.65692
50 0 0 0 0 0.218978 0.781022
51 0 0 0 0 3.12097 2.87903
52 0 0 0 0 5.34884 4.65116
53 0 0 0 0 0.215311 0.784689
54 0 0 0 0 3.82388 2.17612
55 0 0 0 0 3.87442 0.125581
56 0 0 0 0 1.12556 1.87444
57 0 0 0 0 6.86375 0.136253
58 0 0 0 0 0.971922 1.02808
59 0 0 0 0 6.83587 1.16413
60 0 0 0 0 2.01282 3.98718
61 0 0 0 0 2.38017 1.61983
62 0 0 0 0 2.40419 1.59581
63 0 0 0 0 1.31069 0.689308
64 0 0 0 0 1.89231 1.10769
65 0 0 0 0 1.80041 3.19959
66 0 0 0 0 1.01835 4.98165
67 0 0 0 0 0.0573319 3.94267
68 0 0 0 0 5.07895 2.92105
69 0 0 0 0 1.83234 0.167665
70 0 0 0 0 2.79365 0.206349
71 0 0 0 0 1.08333 1.91667
72 0 0 0 0 0.234043 4.76596
73 0 0 0 0 4.87695 1.12305
74 0 0 0 0 8.34821 1.65179
75 0 0 0 0 1.31343 6.68657
76 0 0 0 0 6.05672 1.94328
77 0 0 0 0 2.9913 1.0087
78 0 0 0 0 3.38283 2.61717
79 0 0 0 0 0.298103 4.7019
80 0 0 0 0 0.328508 0.671492
81 0 0 0 0 0.476445 4.52355
82 0 0 0 0 0.823227 8.17677
83 0 0 0 0 1.21429 0.785714
84 0 0 0 0 5.78926 2.21074
85 0 0 0 0 4.2915 2.7085
86 0 0 0 0 3.63462 2.36538
87 0 0 0 0 3.43305 1.56695
88 0 0 0 0 4.00416 1.99584
89 0 0 0 0 5.30713 1.69287
90 0 0 0 0 9.03172 0.96828
91 0 0 0 0 1.59942 8.40058
92 0 0 0 0 2.59259 7.40741
93 0 0 0 0 0.366516 0.633484
94 0 0 0 0 7.07027 1.92973
95 0 0 0 0 1.11155 1.88845
96 0 0 0 0 7.21719 2.78281
97 0 0 0 0 0.929526 2.07047
98 0 0 0 0 6.46594 0.53406
99 0 0 0 0 1.31193 0.688073
100 0 0 0 0 6.93706 1.06294
101 0 0 0 0 0.337531 1.66247
102 0 0 0 0 0.466009 4.53399
103 0 0 0 0 0.340463 0.659537
104 0 0 0 0 0.520307 5.47969
105 0 0 0 0 2.19913 1.80087
106 0 0 0 0 1.36395 7.63605
107 0 0 0 0 7.0894 2.9106
108 0 0 0 0 5.26181 2.73819
109 0 0 0 0 1.25554 3.74446
110 0 0 0 0 3.27273 2.72727
111 0 0 0 0 2.54762 1.45238
112 0 0 0 0 0.523224 0.476776
113 0 0 0 0 4.0708 5.9292
114 0 0 0 0 3.45306 5.54694
115 0 0 0 0 2.10015 2.89985
116 0 0 0 0 0.830655 7.16934
117 0 0 0 0 0.956643 5.04336
118 0 0 0 0 0.768519 5.23148
119 0 0 0 0 5.4 2.6
120 0 0 0 0 0.238347 4.76165
121 0 0 0 0 0.435233 4.56477
122 0 0 0 0 6.12688 0.873118
123 0 0 0 0 4.93325 4.06675
124 0 0 0 0 2.14286 3.85714
125 0 0 0 0 1.9305 0.0694981
126 0 0 0 0 0.898752 2.10125
127 0 0 0 0 1.85692 0.143079
128 0 0 0 0 2.366 1.634
129 0 0 0 0 2.42841 4.57159
130 0 0 0 0 4.80503 1.19497
131 0 0 0 0 3.74816 5.25184
132 0 0 0 0 0.514493 1.48551
133 0 0 0 0 9.15 0.85
134 0 0 0 0 0.307918 4.69208
135 0 0 0 0 3.64339 2.35661
136 0 0 0 0 0.520725 5.47927
137 0 0 0 0 4.30769 2.69231
138 0 0 0 0 4.44628 2.55372
139 0 0 0 0 2.49623 4.50377
140 0 0 0 0 1.9957 6.0043
141 0 0 0 0 7.55085 1.44915
142 0 0 0 0 1.98154 5.01846
143 0 0 0 0 1.08324 0.916762
144 0 0 0 0 4.92239 1.07761
145 0 0 0 0 0.0240385 9.97596
146 0 0 0 0 0.421348 2.57865
147 0 0 0 0 3.10702 6.89298
148 0 0 0 0 1.46199 3.53801
