NAME : X-n139-k10
COMMENT : "Generated by Uchoa, Pecin, Pessoa, Poggi, Subramanian, and Vidal (2013)"
TYPE : CVRP
DIMENSION : 139
EDGE_WEIGHT_TYPE : EUC_2D
CAPACITY : 106
NODE_COORD_SECTION
1 500 500
2 645 7
3 720 867
4 513 499
5 208 766
6 976 884
7 991 864
8 596 532
9 765 632
10 270 818
11 223 552
12 871 193
13 825 816
14 128 518
15 802 281
16 786 635
17 435 675
18 976 204
19 563 43
20 870 774
21 348 458
22 566 113
23 295 969
24 229 790
25 515 805
26 482 998
27 241 830
28 47 633
29 594 244
30 635 626
31 597 538
32 86 516
33 444 697
34 763 281
35 12 649
36 187 417
37 630 975
38 934 263
39 88 855
40 768 582
41 916 277
42 40 387
43 881 490
44 325 20
45 771 700
46 308 482
47 397 30
48 934 7
49 869 723
50 788 896
51 100 591
52 746 587
53 584 721
54 859 990
55 403 428
56 493 63
57 496 458
58 728 641
59 174 440
60 986 511
61 887 589
62 931 743
63 234 663
64 608 268
65 239 159
66 832 704
67 857 776
68 828 438
69 744 105
70 122 949
71 270 596
72 687 391
73 790 753
74 323 417
75 152 585
76 308 261
77 472 319
78 282 64
79 138 342
80 391 452
81 87 413
82 676 362
83 314 108
84 713 127
85 638 532
86 507 797
87 720 264
88 630 720
89 326 566
90 610 371
91 847 833
92 576 429
93 58 295
94 145 103
95 141 976
96 564 716
97 946 889
98 100 526
99 503 496
100 684 811
101 800 409
102 794 190
103 784 339
104 603 208
105 637 306
106 369 159
107 288 88
108 70 168
109 177 924
110 300 515
111 275 468
112 408 217
113 343 995
114 889 853
115 455 846
116 20 645
117 760 141
118 763 785
119 494 727
120 889 11
121 254 378
122 381 438
123 508 257
124 70 637
125 361 611
126 529 957
127 570 727
128 204 110
129 813 135
130 820 999
131 201 62
132 5 787
133 48 135
134 196 237
135 881 333
136 767 284
137 709 189
138 427 864
139 538 248
PICKUP_AND_DELIVERY_SECTION
1 0 0 0 0 0 0
2 0 0 0 0 0.108527 9.89147
3 0 0 0 0 8.3045 1.6955
4 0 0 0 0 4.86355 0.136452
5 0 0 0 0 2.44386 6.55614
6 0 0 0 0 7.2459 0.754098
7 0 0 0 0 4.35923 0.640767
8 0 0 0 0 4.46309 0.536913
9 0 0 0 0 6.60915 1.39085
10 0 0 0 0 1.98044 4.01956
11 0 0 0 0 3.23188 4.76812
12 0 0 0 0 2.21584 7.78416
13 0 0 0 0 8.90182 0.0981818
14 0 0 0 0 2.22394 6.77606
15 0 0 0 0 2.80299 5.19701
16 0 0 0 0 7.27099 1.72901
17 0 0 0 0 3.22222 1.77778
18 0 0 0 0 2.09016 7.90984
19 0 0 0 0 0.534636 6.46536
20 0 0 0 0 5.33793 0.662069
21 0 0 0 0 6.83843 2.16157
22 0 0 0 0 1.99647 8.00353
23 0 0 0 0 1.82663 4.17337
24 0 0 0 0 2.89873 7.10127
25 0 0 0 0 3.19876 1.80124
26 0 0 0 0 3.86373 4.13627
27 0 0 0 0 1.74217 4.25783
28 0 0 0 0 0.593997 7.406
29 0 0 0 0 2.05387 2.94613
30 0 0 0 0 5.91496 0.0850394
31 0 0 0 0 4.50586 0.494137
32 0 0 0 0 1.16667 5.83333
33 0 0 0 0 6.37016 3.62984
34 0 0 0 0 3.31455 5.68545
35 0 0 0 0 0.12943 6.87057
36 0 0 0 0 2.24221 2.75779
37 0 0 0 0 5.81538 3.18462
38 0 0 0 0 1.68951 4.31049
39 0 0 0 0 0.823392 7.17661
40 0 0 0 0 6.82031 2.17969
41 0 0 0 0 1.51201 3.48799
42 0 0 0 0 0.930233 8.06977
43 0 0 0 0 5.00568 3.99432
44 0 0 0 0 0.307692 4.69231
45 0 0 0 0 4.53956 0.460441
46 0 0 0 0 3.83402 2.16598
47 0 0 0 0 0.528967 6.47103
48 0 0 0 0 0.0449679 5.95503
49 0 0 0 0 7.48792 1.51208
50 0 0 0 0 4.39732 0.602679
51 0 0 0 0 1.35364 6.64636
52 0 0 0 0 7.08177 1.91823
53 0 0 0 0 6.47989 1.52011
54 0 0 0 0 6.94141 1.05859
55 0 0 0 0 6.59112 0.408879
56 0 0 0 0 1.1501 7.8499
57 0 0 0 0 8.31048 0.689516
58 0 0 0 0 6.16346 0.836538
59 0 0 0 0 3.95455 6.04545
60 0 0 0 0 3.10953 2.89047
61 0 0 0 0 5.31229 2.68771
62 0 0 0 0 7.1826 1.8174
63 0 0 0 0 3.17647 5.82353
64 0 0 0 0 2.20395 2.79605
65 0 0 0 0 3.99163 2.00837
66 0 0 0 0 8.46154 1.53846
67 0 0 0 0 9.05484 0.945158
68 0 0 0 0 4.23188 3.76812
69 0 0 0 0 0.705645 4.29435
70 0 0 0 0 0.899895 6.10011
71 0 0 0 0 2.2651 2.7349
72 0 0 0 0 5.12227 3.87773
73 0 0 0 0 4.76582 0.234177
74 0 0 0 0 3.8729 1.1271
75 0 0 0 0 2.33846 6.66154
76 0 0 0 0 8.47403 1.52597
77 0 0 0 0 6.08263 2.91737
78 0 0 0 0 1.3617 4.6383
79 0 0 0 0 4.03509 5.96491
80 0 0 0 0 6.92035 1.07965
81 0 0 0 0 2.10654 7.89346
82 0 0 0 0 4.28402 3.71598
83 0 0 0 0 2.75159 5.24841
84 0 0 0 0 1.06872 4.93128
85 0 0 0 0 7.5047 1.4953
86 0 0 0 0 3.18068 1.81932
87 0 0 0 0 2.2 3.8
88 0 0 0 0 6.125 0.875
89 0 0 0 0 4.60777 3.39223
90 0 0 0 0 5.47377 3.52623
91 0 0 0 0 6.8843 0.115702
92 0 0 0 0 5.21354 1.78646
93 0 0 0 0 0.983051 4.01695
94 0 0 0 0 5.68276 2.31724
95 0 0 0 0 1.15574 6.84426
96 0 0 0 0 7.08939 1.91061
97 0 0 0 0 5.63848 0.361522
98 0 0 0 0 1.71103 7.28897
99 0 0 0 0 9.86083 0.139165
100 0 0 0 0 5.90382 1.09618
101 0 0 0 0 2.55625 2.44375
102 0 0 0 0 2.15365 6.84635
103 0 0 0 0 2.16199 2.83801
104 0 0 0 0 3.44942 6.55058
105 0 0 0 0 3.84301 4.15699
106 0 0 0 0 3.44715 4.55285
107 0 0 0 0 2.75 6.25
108 0 0 0 0 2.08333 2.91667
109 0 0 0 0 1.14935 4.85065
110 0 0 0 0 4.66019 3.33981
111 0 0 0 0 5.87607 4.12393
112 0 0 0 0 4.78676 4.21324
113 0 0 0 0 3.10251 5.89749
114 0 0 0 0 4.79753 0.202475
115 0 0 0 0 4.3026 3.6974
116 0 0 0 0 0.155039 4.84496
117 0 0 0 0 1.85526 8.14474
118 0 0 0 0 5.83185 0.168153
119 0 0 0 0 6.11554 2.88446
120 0 0 0 0 0.111361 8.88864
121 0 0 0 0 3.35979 1.64021
122 0 0 0 0 8.69863 1.30137
123 0 0 0 0 3.03543 2.96457
124 0 0 0 0 0.879121 7.12088
125 0 0 0 0 5.90835 4.09165
126 0 0 0 0 4.42215 3.57785
127 0 0 0 0 3.92022 1.07978
128 0 0 0 0 3.77451 3.22549
129 0 0 0 0 1.32841 6.67159
130 0 0 0 0 6.56657 1.43343
131 0 0 0 0 2.1592 4.8408
132 0 0 0 0 0.0571792 8.94282
133 0 0 0 0 1.77778 3.22222
134 0 0 0 0 4.13502 0.864979
135 0 0 0 0 3.02384 4.97616
136 0 0 0 0 2.96219 5.03781
137 0 0 0 0 1.59944 4.40056
138 0 0 0 0 2.96528 3.03472
139 0 0 0 0 4.60967 5.39033
