NAME : X-n176-k26
COMMENT : "Generated by Uchoa, Pecin, Pessoa, Poggi, Subramanian, and Vidal (2013)"
TYPE : CVRP
DIMENSION : 176
EDGE_WEIGHT_TYPE : EUC_2D
CAPACITY : 142
NODE_COORD_SECTION
1 0 0
2 628 103
3 291 573
4 129 447
5 973 643
6 830 868
7 398 563
8 731 423
9 201 995
10 167 174
11 13 605
12 446 262
13 229 774
14 740 231
15 21 546
16 224 615
17 605 837
18 473 759
19 758 880
20 93 900
21 580 935
22 622 494
23 513 236
24 659 797
25 606 204
26 267 688
27 28 888
28 606 754
29 841 676
30 823 611
31 1 247
32 195 486
33 644 771
34 524 45
35 581 366
36 769 471
37 78 800
38 940 790
39 867 441
40 243 453
41 410 464
42 465 161
43 417 304
44 616 944
45 609 356
46 822 489
47 738 932
48 462 718
49 847 459
50 563 619
51 792 940
52 434 318
53 1000 647
54 566 413
55 492 83
56 764 550
57 145 182
58 540 249
59 208 760
60 759 988
61 66 221
62 520 521
63 260 508
64 307 468
65 747 308
66 370 136
67 421 505
68 373 597
69 876 881
70 281 18
71 419 69
72 502 242
73 343 764
74 275 610
75 434 161
76 314 40
77 744 675
78 698 364
79 600 881
80 9 893
81 875 724
82 728 253
83 502 969
84 867 464
85 237 907
86 868 263
87 680 306
88 740 688
89 534 615
90 450 898
91 126 415
92 565 260
93 172 126
94 137 674
95 789 958
96 853 147
97 762 111
98 416 626
99 63 237
100 194 75
101 616 133
102 104 804
103 304 699
104 758 40
105 249 141
106 848 770
107 316 426
108 791 803
109 884 980
110 618 107
111 858 644
112 116 388
113 939 880
114 217 912
115 138 217
116 639 588
117 542 965
118 775 294
119 325 154
120 839 459
121 21 751
122 248 883
123 34 101
124 274 824
125 408 641
126 923 320
127 838 846
128 83 772
129 938 432
130 913 766
131 758 816
132 481 156
133 548 809
134 660 393
135 773 579
136 261 97
137 380 849
138 433 893
139 312 347
140 295 480
141 277 519
142 833 970
143 760 470
144 33 455
145 289 176
146 283 845
147 953 937
148 2 939
149 164 71
150 539 756
151 679 880
152 309 113
153 857 842
154 184 455
155 181 70
156 136 928
157 23 17
158 127 710
159 657 422
160 248 593
161 525 519
162 109 805
163 754 487
164 484 90
165 923 157
166 195 38
167 74 961
168 261 663
169 984 135
170 281 227
171 673 176
172 78 322
173 177 543
174 590 199
175 559 609
176 9 343
PICKUP_AND_DELIVERY_SECTION
1 0 0 0 0 0 0
2 0 0 0 0 15.4172 78.5828
3 0 0 0 0 33.0105 31.9895
4 0 0 0 0 19.9128 49.0872
5 0 0 0 0 58.815 30.185
6 0 0 0 0 70.7604 3.23963
7 0 0 0 0 67.1581 27.8419
8 0 0 0 0 50.3434 36.6566
9 0 0 0 0 19.393 76.607
10 0 0 0 0 53.7471 2.25287
11 0 0 0 0 2.01983 91.9802
12 0 0 0 0 46.4081 32.5919
13 0 0 0 0 26.9238 64.0762
14 0 0 0 0 23.4122 51.5878
15 0 0 0 0 2.07692 51.9231
16 0 0 0 0 35.3301 61.6699
17 0 0 0 0 67.2222 25.7778
18 0 0 0 0 50.4783 30.5217
19 0 0 0 0 86.1364 13.8636
20 0 0 0 0 7.75 67.25
21 0 0 0 0 34.738 21.262
22 0 0 0 0 56.3891 14.6109
23 0 0 0 0 46.0039 53.9961
24 0 0 0 0 44.6499 9.35006
25 0 0 0 0 33.6634 66.3366
26 0 0 0 0 24.061 37.939
27 0 0 0 0 1.60811 49.3919
28 0 0 0 0 46.6154 11.3846
29 0 0 0 0 63.5006 15.4994
30 0 0 0 0 48.2564 16.7436
31 0 0 0 0 0.210526 51.7895
32 0 0 0 0 26.0802 38.9198
33 0 0 0 0 54.2931 10.7069
34 0 0 0 0 5.06679 53.9332
35 0 0 0 0 48.506 28.494
36 0 0 0 0 54.5111 34.4889
37 0 0 0 0 6.435 59.565
38 0 0 0 0 59.6702 11.3298
39 0 0 0 0 5.08651 4.91349
40 0 0 0 0 5.36424 4.63576
41 0 0 0 0 0.883621 0.116379
42 0 0 0 0 3.11613 5.88387
43 0 0 0 0 2.91607 1.08393
44 0 0 0 0 5.87288 3.12712
45 0 0 0 0 4.67652 3.32348
46 0 0 0 0 2.37956 1.62044
47 0 0 0 0 6.33476 1.66524
48 0 0 0 0 4.50418 2.49582
49 0 0 0 0 4.87721 4.12279
50 0 0 0 0 9.09532 0.904685
51 0 0 0 0 5.05532 0.944681
52 0 0 0 0 1.46544 0.534562
53 0 0 0 0 3.882 2.118
54 0 0 0 0 6.56714 2.43286
55 0 0 0 0 0.843496 4.1565
56 0 0 0 0 2.15969 0.840314
57 0 0 0 0 3.18681 0.813187
58 0 0 0 0 2.30556 2.69444
59 0 0 0 0 1.64211 4.35789
60 0 0 0 0 4.60931 1.39069
61 0 0 0 0 1.79186 4.20814
62 0 0 0 0 0.998081 0.00191939
63 0 0 0 0 4.09449 3.90551
64 0 0 0 0 5.90385 3.09615
65 0 0 0 0 2.4739 3.5261
66 0 0 0 0 1.83784 3.16216
67 0 0 0 0 6.66931 1.33069
68 0 0 0 0 3.12395 1.87605
69 0 0 0 0 8.94892 0.0510783
70 0 0 0 0 0.128114 1.87189
71 0 0 0 0 0.494033 2.50597
72 0 0 0 0 4.33865 4.66135
73 0 0 0 0 4.04058 4.95942
74 0 0 0 0 1.80328 2.19672
75 0 0 0 0 0.741935 1.25806
76 0 0 0 0 0.254777 1.74522
77 0 0 0 0 9.07258 0.927419
78 0 0 0 0 4.69341 4.30659
79 0 0 0 0 6.1294 2.8706
80 0 0 0 0 0.0806271 7.91937
81 0 0 0 0 6.61943 1.38057
82 0 0 0 0 3.12775 5.87225
83 0 0 0 0 4.66254 4.33746
84 0 0 0 0 3.21107 2.78893
85 0 0 0 0 1.56781 4.43219
86 0 0 0 0 2.42396 5.57604
87 0 0 0 0 4.05 4.95
88 0 0 0 0 6.50811 0.491892
89 0 0 0 0 8.68293 1.31707
90 0 0 0 0 5.01114 4.98886
91 0 0 0 0 0.303614 0.696386
92 0 0 0 0 3.22124 3.77876
93 0 0 0 0 2.93023 1.06977
94 0 0 0 0 0.203264 0.796736
95 0 0 0 0 4.94154 1.05846
96 0 0 0 0 0.861665 4.13834
97 0 0 0 0 0.728346 4.27165
98 0 0 0 0 5.31629 2.68371
99 0 0 0 0 1.06329 2.93671
100 0 0 0 0 2.31959 3.68041
101 0 0 0 0 1.51136 5.48864
102 0 0 0 0 1.29353 8.70647
103 0 0 0 0 4.34907 5.65093
104 0 0 0 0 0.316623 5.68338
105 0 0 0 0 3.39759 2.60241
106 0 0 0 0 7.26415 0.735849
107 0 0 0 0 5.19249 1.80751
108 0 0 0 0 7.88045 0.119552
109 0 0 0 0 7.21633 0.783673
110 0 0 0 0 0.346278 1.65372
111 0 0 0 0 6.00466 1.99534
112 0 0 0 0 2.09278 4.90722
113 0 0 0 0 8.4345 0.565495
114 0 0 0 0 1.42763 4.57237
115 0 0 0 0 6.35945 3.64055
116 0 0 0 0 1.84038 0.159624
117 0 0 0 0 2.24663 1.75337
118 0 0 0 0 1.13806 1.86194
119 0 0 0 0 0.947692 1.05231
120 0 0 0 0 2.7354 2.2646
121 0 0 0 0 0.0279627 0.972037
122 0 0 0 0 0.280861 0.719139
123 0 0 0 0 2.35644 4.64356
124 0 0 0 0 1.99515 4.00485
125 0 0 0 0 2.54602 1.45398
126 0 0 0 0 1.73348 3.26652
127 0 0 0 0 8.91489 0.0851064
128 0 0 0 0 0.430052 3.56995
129 0 0 0 0 0.921109 1.07889
130 0 0 0 0 5.03395 0.966046
131 0 0 0 0 3.71569 0.284314
132 0 0 0 0 1.2973 2.7027
133 0 0 0 0 6.09642 2.90358
134 0 0 0 0 0.595455 0.404545
135 0 0 0 0 2.24709 0.752911
136 0 0 0 0 1.48659 2.51341
137 0 0 0 0 1.79034 2.20966
138 0 0 0 0 1.93953 2.06047
139 0 0 0 0 8.09222 0.907781
140 0 0 0 0 5.53125 3.46875
141 0 0 0 0 1.60116 1.39884
142 0 0 0 0 5.15258 0.847423
143 0 0 0 0 3.71053 2.28947
144 0 0 0 0 0.29011 3.70989
145 0 0 0 0 2.43599 1.56401
146 0 0 0 0 1.00473 1.99527
147 0 0 0 0 2.94963 0.0503673
148 0 0 0 0 0.00212993 0.99787
149 0 0 0 0 1.29878 1.70122
150 0 0 0 0 5.7037 2.2963
151 0 0 0 0 6.94432 2.05568
152 0 0 0 0 0.731392 1.26861
153 0 0 0 0 8.84247 0.157526
154 0 0 0 0 0.404396 0.595604
155 0 0 0 0 3.48066 5.51934
156 0 0 0 0 1.02586 5.97414
157 0 0 0 0 5.91304 2.08696
158 0 0 0 0 1.25211 5.74789
159 0 0 0 0 4.49619 2.50381
160 0 0 0 0 3.3457 4.6543
161 0 0 0 0 8.89714 0.102857
162 0 0 0 0 1.35404 8.64596
163 0 0 0 0 1.93767 1.06233
164 0 0 0 0 0.371901 1.6281
165 0 0 0 0 1.53088 7.46912
166 0 0 0 0 1.55897 6.44103
167 0 0 0 0 0.462019 5.53798
168 0 0 0 0 2.75566 4.24434
169 0 0 0 0 0.960366 6.03963
170 0 0 0 0 4.03915 0.960854
171 0 0 0 0 0.784547 2.21545
172 0 0 0 0 2.18012 6.81988
173 0 0 0 0 2.9337 6.0663
174 0 0 0 0 1.34915 2.65085
175 0 0 0 0 6.42529 0.574713
176 0 0 0 0 0.104956 3.89504
