NAME : X-n1001-k43
COMMENT : "Generated by Uchoa, Pecin, Pessoa, Poggi, Subramanian, and Vidal (2013)"
TYPE : CVRP
DIMENSION : 1001
EDGE_WEIGHT_TYPE : EUC_2D
CAPACITY : 131
NODE_COORD_SECTION
1 2 857
2 407 102
3 915 965
4 797 45
5 997 241
6 650 683
7 748 248
8 99 174
9 2 545
10 277 689
11 568 771
12 76 105
13 117 973
14 171 971
15 327 183
16 277 697
17 269 246
18 670 18
19 51 901
20 951 696
21 710 102
22 61 465
23 348 606
24 551 243
25 524 793
26 89 582
27 900 748
28 235 368
29 122 587
30 449 781
31 970 38
32 362 490
33 742 267
34 289 115
35 898 957
36 996 922
37 951 633
38 713 779
39 603 247
40 402 363
41 143 0
42 274 608
43 81 422
44 550 408
45 43 699
46 482 575
47 909 254
48 613 37
49 202 575
50 297 297
51 736 288
52 464 127
53 499 491
54 635 531
55 796 328
56 184 941
57 641 824
58 863 673
59 396 950
60 555 631
61 664 966
62 301 260
63 425 990
64 559 746
65 431 827
66 724 472
67 847 51
68 888 721
69 136 331
70 859 627
71 206 5
72 429 381
73 798 918
74 886 684
75 123 488
76 779 445
77 764 43
78 938 743
79 800 398
80 734 20
81 211 678
82 601 545
83 512 403
84 796 106
85 644 810
86 416 973
87 115 435
88 667 91
89 395 941
90 374 546
91 546 191
92 754 255
93 124 588
94 423 929
95 314 637
96 668 268
97 321 786
98 960 423
99 11 499
100 721 692
101 803 584
102 337 475
103 806 773
104 429 478
105 214 547
106 361 166
107 944 218
108 12 468
109 527 255
110 789 724
111 250 862
112 892 896
113 545 806
114 832 12
115 628 495
116 194 884
117 395 309
118 655 39
119 558 175
120 247 947
121 36 394
122 877 451
123 599 724
124 83 489
125 754 703
126 65 35
127 889 230
128 938 307
129 662 394
130 248 220
131 642 549
132 747 86
133 201 643
134 400 574
135 653 798
136 653 904
137 643 138
138 951 307
139 793 865
140 500 726
141 585 586
142 285 769
143 511 898
144 336 912
145 454 207
146 239 951
147 335 815
148 911 708
149 2 239
150 602 984
151 372 799
152 177 756
153 816 435
154 617 639
155 806 796
156 793 584
157 803 561
158 479 831
159 397 20
160 618 113
161 702 902
162 838 111
163 989 451
164 215 154
165 581 757
166 294 174
167 997 332
168 350 909
169 335 941
170 906 354
171 920 675
172 493 469
173 187 284
174 678 127
175 831 755
176 316 319
177 188 134
178 73 608
179 884 613
180 193 831
181 717 851
182 508 52
183 809 556
184 705 769
185 983 312
186 847 359
187 415 658
188 132 789
189 520 413
190 913 564
191 90 256
192 960 936
193 693 559
194 980 347
195 300 456
196 376 144
197 192 177
198 272 525
199 88 626
200 772 743
201 540 206
202 474 559
203 575 901
204 241 949
205 583 602
206 215 48
207 460 683
208 81 368
209 998 835
210 585 234
211 522 137
212 294 501
213 788 392
214 621 498
215 116 698
216 81 236
217 788 277
218 817 861
219 678 560
220 351 354
221 156 507
222 617 486
223 218 189
224 213 23
225 884 616
226 923 177
227 829 814
228 479 307
229 285 153
230 584 878
231 176 928
232 166 656
233 507 183
234 907 171
235 7 792
236 995 412
237 22 787
238 149 784
239 649 933
240 885 309
241 131 560
242 22 81
243 502 640
244 462 970
245 465 114
246 192 569
247 547 473
248 557 408
249 480 579
250 775 395
251 845 753
252 701 529
253 962 95
254 842 847
255 31 68
256 627 629
257 524 322
258 918 853
259 823 774
260 775 894
261 109 935
262 478 480
263 511 488
264 785 899
265 487 121
266 453 440
267 470 598
268 1 111
269 756 89
270 728 583
271 647 753
272 973 391
273 842 559
274 637 397
275 72 370
276 948 485
277 999 268
278 471 517
279 350 131
280 381 534
281 310 467
282 973 212
283 164 485
284 429 565
285 186 426
286 838 897
287 779 143
288 452 1
289 866 928
290 214 623
291 532 586
292 513 152
293 915 772
294 204 585
295 343 558
296 877 720
297 730 272
298 364 617
299 210 569
300 514 296
301 33 761
302 202 695
303 706 395
304 597 866
305 376 83
306 679 434
307 483 578
308 0 299
309 639 101
310 709 590
311 774 925
312 804 864
313 528 192
314 660 561
315 888 7
316 788 712
317 79 750
318 854 884
319 710 665
320 939 390
321 156 683
322 62 737
323 207 501
324 944 334
325 952 915
326 14 440
327 923 386
328 693 370
329 485 885
330 890 951
331 478 956
332 782 216
333 104 50
334 822 370
335 73 108
336 7 981
337 987 382
338 397 439
339 986 513
340 871 661
341 636 866
342 154 39
343 70 100
344 75 647
345 383 5
346 86 692
347 263 570
348 26 218
349 892 317
350 139 60
351 76 883
352 336 44
353 648 837
354 713 447
355 98 769
356 316 688
357 470 613
358 157 295
359 499 223
360 482 100
361 3 209
362 280 692
363 525 6
364 54 122
365 220 208
366 838 860
367 0 143
368 455 989
369 923 705
370 41 665
371 829 426
372 809 821
373 238 811
374 57 114
375 490 911
376 445 135
377 126 154
378 502 856
379 543 422
380 395 335
381 873 378
382 947 675
383 127 46
384 895 216
385 590 641
386 415 0
387 456 639
388 881 466
389 721 116
390 884 403
391 323 319
392 495 158
393 534 496
394 784 89
395 600 973
396 582 263
397 630 484
398 498 412
399 737 749
400 187 137
401 433 302
402 864 360
403 262 566
404 63 28
405 698 186
406 669 65
407 280 605
408 163 577
409 7 891
410 156 301
411 977 815
412 144 312
413 272 181
414 524 978
415 112 407
416 865 155
417 232 344
418 418 650
419 529 362
420 889 916
421 952 677
422 443 10
423 644 925
424 982 797
425 328 995
426 652 395
427 954 103
428 614 890
429 583 127
430 54 278
431 534 176
432 457 678
433 769 423
434 111 776
435 537 183
436 887 534
437 263 242
438 238 143
439 693 433
440 481 223
441 276 463
442 301 278
443 813 997
444 522 400
445 342 979
446 121 219
447 282 213
448 495 110
449 824 196
450 974 643
451 567 187
452 588 289
453 415 542
454 84 369
455 711 288
456 192 263
457 634 955
458 134 858
459 836 650
460 401 251
461 330 390
462 757 708
463 640 675
464 512 860
465 179 319
466 36 160
467 902 529
468 526 587
469 186 229
470 15 596
471 979 645
472 647 323
473 182 123
474 184 38
475 302 219
476 781 849
477 330 18
478 991 649
479 887 717
480 37 331
481 616 448
482 331 231
483 822 365
484 230 835
485 359 963
486 60 730
487 776 660
488 376 810
489 703 627
490 481 728
491 495 862
492 192 598
493 121 520
494 854 951
495 305 495
496 603 933
497 916 240
498 889 765
499 608 852
500 233 438
501 715 397
502 250 676
503 385 490
504 911 127
505 977 120
506 57 831
507 695 732
508 168 907
509 487 552
510 379 518
511 175 165
512 741 69
513 859 350
514 741 665
515 542 145
516 65 804
517 34 189
518 618 340
519 87 291
520 784 685
521 785 260
522 943 254
523 183 988
524 239 180
525 206 769
526 597 257
527 780 886
528 981 148
529 227 435
530 918 839
531 905 402
532 257 337
533 100 996
534 194 631
535 164 219
536 524 887
537 909 704
538 169 906
539 241 785
540 937 826
541 62 828
542 538 74
543 399 812
544 855 575
545 802 150
546 451 192
547 979 779
548 342 445
549 692 472
550 9 452
551 897 431
552 665 139
553 128 106
554 768 689
555 150 279
556 791 248
557 836 385
558 235 877
559 315 98
560 895 755
561 363 154
562 373 633
563 42 430
564 850 534
565 592 274
566 95 712
567 565 82
568 736 849
569 227 124
570 770 512
571 191 627
572 334 855
573 307 97
574 718 570
575 808 903
576 630 96
577 694 101
578 714 65
579 380 514
580 311 9
581 581 60
582 483 315
583 452 330
584 269 422
585 986 414
586 207 280
587 645 986
588 97 50
589 258 620
590 19 60
591 159 382
592 594 3
593 575 648
594 505 396
595 271 186
596 259 278
597 440 484
598 204 169
599 839 329
600 796 265
601 184 633
602 110 901
603 794 510
604 612 243
605 471 610
606 168 254
607 651 691
608 317 884
609 788 451
610 778 532
611 999 602
612 223 747
613 951 203
614 290 179
615 5 237
616 848 785
617 606 434
618 511 279
619 919 357
620 409 840
621 726 723
622 198 57
623 563 987
624 330 143
625 112 165
626 564 379
627 841 919
628 736 821
629 895 875
630 772 252
631 233 210
632 956 386
633 29 477
634 440 322
635 300 683
636 19 243
637 804 616
638 139 376
639 177 425
640 164 188
641 330 450
642 894 845
643 81 292
644 327 908
645 52 153
646 681 294
647 806 403
648 650 476
649 238 416
650 930 935
651 220 643
652 976 863
653 487 945
654 23 117
655 777 163
656 352 425
657 224 959
658 800 833
659 1 880
660 530 411
661 205 696
662 47 211
663 1 975
664 463 461
665 12 909
666 9 25
667 960 395
668 808 103
669 555 364
670 881 187
671 640 356
672 423 259
673 574 348
674 312 251
675 881 836
676 874 740
677 135 158
678 904 910
679 102 78
680 926 747
681 133 610
682 712 498
683 801 94
684 46 372
685 792 533
686 744 492
687 49 160
688 910 98
689 161 275
690 462 5
691 2 317
692 892 299
693 623 197
694 280 296
695 390 873
696 569 740
697 382 176
698 67 260
699 22 899
700 224 74
701 976 106
702 643 937
703 286 733
704 343 347
705 768 396
706 281 2
707 646 481
708 113 496
709 449 469
710 209 276
711 146 512
712 925 847
713 541 265
714 108 218
715 909 962
716 873 616
717 891 741
718 610 429
719 632 229
720 254 413
721 174 367
722 801 148
723 94 483
724 70 736
725 396 630
726 722 757
727 652 154
728 524 473
729 390 532
730 865 278
731 739 441
732 522 405
733 315 92
734 676 875
735 367 807
736 174 702
737 161 844
738 52 348
739 628 479
740 294 425
741 245 335
742 849 644
743 188 955
744 898 25
745 712 633
746 369 346
747 795 493
748 704 846
749 33 817
750 872 179
751 774 620
752 635 620
753 512 482
754 67 510
755 527 626
756 316 970
757 777 242
758 622 844
759 35 70
760 577 911
761 285 224
762 652 328
763 358 274
764 950 346
765 824 571
766 228 251
767 133 826
768 166 573
769 5 941
770 876 539
771 74 80
772 668 777
773 773 7
774 71 263
775 476 656
776 94 533
777 895 963
778 744 131
779 710 940
780 790 311
781 470 10
782 778 994
783 726 581
784 301 968
785 425 873
786 510 342
787 551 998
788 880 251
789 13 286
790 229 807
791 791 870
792 980 301
793 319 503
794 678 661
795 131 647
796 756 147
797 752 792
798 552 315
799 833 41
800 570 210
801 550 937
802 0 825
803 237 533
804 484 801
805 281 735
806 126 383
807 261 867
808 765 621
809 340 504
810 483 824
811 904 551
812 380 261
813 450 572
814 581 121
815 737 364
816 504 708
817 162 788
818 379 894
819 415 846
820 11 831
821 357 10
822 794 896
823 168 803
824 981 897
825 740 619
826 192 525
827 307 810
828 193 59
829 348 6
830 896 319
831 718 704
832 635 865
833 44 81
834 677 455
835 365 89
836 993 748
837 21 769
838 264 253
839 794 836
840 158 537
841 299 507
842 837 673
843 625 578
844 726 948
845 225 753
846 529 813
847 57 217
848 493 88
849 977 476
850 926 415
851 370 421
852 960 959
853 56 666
854 568 361
855 418 120
856 830 947
857 799 823
858 447 171
859 136 12
860 510 332
861 864 465
862 510 511
863 37 62
864 610 786
865 739 627
866 155 680
867 710 998
868 443 869
869 243 357
870 736 125
871 323 814
872 526 532
873 20 222
874 54 930
875 124 270
876 76 619
877 43 801
878 872 318
879 938 393
880 518 361
881 114 189
882 398 156
883 666 975
884 976 884
885 362 501
886 799 452
887 791 71
888 778 700
889 745 362
890 691 851
891 870 506
892 957 214
893 547 416
894 645 140
895 41 367
896 747 223
897 884 821
898 686 750
899 520 508
900 86 411
901 196 752
902 790 247
903 100 49
904 116 857
905 754 899
906 387 843
907 653 877
908 682 525
909 156 967
910 861 886
911 628 139
912 829 776
913 829 177
914 48 367
915 553 756
916 308 857
917 525 768
918 739 419
919 534 906
920 74 407
921 829 489
922 174 812
923 756 539
924 783 958
925 651 110
926 551 459
927 980 868
928 295 427
929 729 915
930 518 915
931 46 872
932 172 627
933 130 202
934 677 872
935 374 795
936 181 760
937 751 788
938 83 664
939 459 649
940 792 917
941 813 502
942 746 768
943 377 708
944 676 582
945 367 690
946 124 298
947 280 13
948 209 128
949 794 714
950 636 512
951 901 875
952 970 319
953 301 452
954 146 305
955 45 362
956 239 811
957 423 798
958 477 717
959 102 815
960 504 648
961 524 158
962 902 424
963 538 337
964 951 766
965 296 959
966 647 246
967 395 299
968 970 492
969 260 138
970 394 642
971 795 836
972 657 44
973 263 655
974 776 212
975 436 346
976 309 29
977 982 977
978 879 198
979 99 1000
980 927 947
981 419 592
982 742 981
983 138 226
984 714 685
985 410 503
986 858 581
987 988 225
988 576 24
989 114 728
990 673 162
991 660 459
992 624 134
993 520 801
994 86 528
995 245 156
996 671 77
997 944 270
998 951 622
999 412 813
1000 732 304
1001 532 201
PICKUP_AND_DELIVERY_SECTION
1 0 0 0 0 0 0
2 0 0 0 0 1.50369 4.49631
3 0 0 0 0 0.948187 0.0518135
4 0 0 0 0 0.564617 9.43538
5 0 0 0 0 1.69208 5.30792
6 0 0 0 0 5.7101 0.289898
7 0 0 0 0 0.663102 1.3369
8 0 0 0 0 4.55172 3.44828
9 0 0 0 0 0.0256881 6.97431
10 0 0 0 0 1.2061 1.7939
11 0 0 0 0 3.68353 1.31647
12 0 0 0 0 0.72381 0.27619
13 0 0 0 0 0.480987 3.51901
14 0 0 0 0 1.76107 8.23893
15 0 0 0 0 2.23853 1.76147
16 0 0 0 0 3.97418 6.02582
17 0 0 0 0 2.74349 0.256506
18 0 0 0 0 0.161194 5.83881
19 0 0 0 0 0.226415 3.77358
20 0 0 0 0 2.19558 0.804416
21 0 0 0 0 1.43662 8.56338
22 0 0 0 0 1.04946 6.95054
23 0 0 0 0 3.44554 2.55446
24 0 0 0 0 3.08711 3.91289
25 0 0 0 0 4.62547 2.37453
26 0 0 0 0 0.611684 3.38832
27 0 0 0 0 0.831111 0.168889
28 0 0 0 0 3.19293 1.80707
29 0 0 0 0 0.623509 2.37649
30 0 0 0 0 3.44942 2.55058
31 0 0 0 0 0.313402 7.6866
32 0 0 0 0 3.69388 1.30612
33 0 0 0 0 3.23854 5.76146
34 0 0 0 0 2.38754 3.61246
35 0 0 0 0 8.44514 0.554859
36 0 0 0 0 8.33133 0.668675
37 0 0 0 0 2.66246 1.33754
38 0 0 0 0 0.915276 0.084724
39 0 0 0 0 3.68657 5.31343
40 0 0 0 0 9.02985 0.970149
41 0 0 0 0 0 2
42 0 0 0 0 1.80263 2.19737
43 0 0 0 0 0.191943 0.808057
44 0 0 0 0 7.41818 2.58182
45 0 0 0 0 0.0615165 0.938484
46 0 0 0 0 8.38261 1.61739
47 0 0 0 0 0.558856 1.44114
48 0 0 0 0 0.603589 9.39641
49 0 0 0 0 0.351304 0.648696
50 0 0 0 0 4 0
51 0 0 0 0 1.95652 3.04348
52 0 0 0 0 1.36853 3.63147
53 0 0 0 0 5.90381 0.0961924
54 0 0 0 0 5.01732 0.982677
55 0 0 0 0 3.70854 5.29146
56 0 0 0 0 0.782147 3.21785
57 0 0 0 0 3.11165 0.88835
58 0 0 0 0 7.01854 1.98146
59 0 0 0 0 1.25053 1.74947
60 0 0 0 0 6.15689 0.843106
61 0 0 0 0 4.12422 1.87578
62 0 0 0 0 6.9103 1.0897
63 0 0 0 0 2.14646 2.85354
64 0 0 0 0 6.74397 2.25603
65 0 0 0 0 1.56348 1.43652
66 0 0 0 0 5.8674 3.1326
67 0 0 0 0 0.0602125 0.939787
68 0 0 0 0 0.811937 0.188063
69 0 0 0 0 2.05438 2.94562
70 0 0 0 0 5.10943 1.89057
71 0 0 0 0 0.145631 5.85437
72 0 0 0 0 5.32867 0.671329
73 0 0 0 0 7.82353 1.17647
74 0 0 0 0 2.31603 0.683973
75 0 0 0 0 2.01639 5.98361
76 0 0 0 0 2.85623 2.14377
77 0 0 0 0 0.506545 8.49346
78 0 0 0 0 7.92111 2.07889
79 0 0 0 0 4.4775 4.5225
80 0 0 0 0 0.13624 4.86376
81 0 0 0 0 2.80088 6.19912
82 0 0 0 0 4.53411 0.46589
83 0 0 0 0 7.87109 2.12891
84 0 0 0 0 0.133166 0.866834
85 0 0 0 0 1.59012 0.409877
86 0 0 0 0 3.84789 5.15211
87 0 0 0 0 0.793103 2.2069
88 0 0 0 0 1.09145 6.90855
89 0 0 0 0 0.839532 1.16047
90 0 0 0 0 4.10989 1.89011
91 0 0 0 0 0.349817 0.650183
92 0 0 0 0 1.01459 1.98541
93 0 0 0 0 0.210884 0.789116
94 0 0 0 0 3.64263 4.35737
95 0 0 0 0 3.94349 4.05651
96 0 0 0 0 2.40719 3.59281
97 0 0 0 0 3.67557 5.32443
98 0 0 0 0 2.20312 2.79688
99 0 0 0 0 0.11022 4.88978
100 0 0 0 0 8.638 0.361997
101 0 0 0 0 0.727273 0.272727
102 0 0 0 0 6.38526 2.61474
103 0 0 0 0 5.75434 0.245658
104 0 0 0 0 2.69247 0.307531
105 0 0 0 0 1.5649 2.4351
106 0 0 0 0 4.1385 4.8615
107 0 0 0 0 1.61653 5.38347
108 0 0 0 0 0.025641 0.974359
109 0 0 0 0 4.35484 4.64516
110 0 0 0 0 5.5057 0.494297
111 0 0 0 0 2.90023 7.09977
112 0 0 0 0 1.99107 0.00892857
113 0 0 0 0 2.02854 0.971464
114 0 0 0 0 0.129808 8.87019
115 0 0 0 0 4.7293 1.2707
116 0 0 0 0 0.877828 3.12217
117 0 0 0 0 7.04051 1.95949
118 0 0 0 0 0.59542 9.40458
119 0 0 0 0 0.94086 2.05914
120 0 0 0 0 1.82577 5.17423
121 0 0 0 0 0.548223 5.45178
122 0 0 0 0 3.08552 2.91448
123 0 0 0 0 3.30939 0.690608
124 0 0 0 0 0.848671 4.15133
125 0 0 0 0 8.39125 0.608753
126 0 0 0 0 1.07692 0.923077
127 0 0 0 0 0.517435 1.48256
128 0 0 0 0 1.30917 2.69083
129 0 0 0 0 2.97583 2.02417
130 0 0 0 0 5.32258 0.677419
131 0 0 0 0 0.85514 0.14486
132 0 0 0 0 0.575636 4.42436
133 0 0 0 0 1.25039 2.74961
134 0 0 0 0 2.09059 0.909408
135 0 0 0 0 3.27318 0.726817
136 0 0 0 0 6.50111 2.49889
137 0 0 0 0 0.858476 3.14152
138 0 0 0 0 0.968454 2.03155
139 0 0 0 0 4.58382 0.416185
140 0 0 0 0 6.88705 3.11295
141 0 0 0 0 1.99659 0.00341297
142 0 0 0 0 1.85306 3.14694
143 0 0 0 0 4.55234 3.44766
144 0 0 0 0 2.94737 5.05263
145 0 0 0 0 4.55947 5.44053
146 0 0 0 0 1.7592 5.2408
147 0 0 0 0 1.23313 1.76687
148 0 0 0 0 4.66301 1.33699
149 0 0 0 0 0.0753138 8.92469
150 0 0 0 0 3.05894 1.94106
151 0 0 0 0 0.931164 1.06884
152 0 0 0 0 2.34127 7.65873
153 0 0 0 0 2.13235 1.86765
154 0 0 0 0 8.69014 0.309859
155 0 0 0 0 1.97519 0.0248139
156 0 0 0 0 4.41866 1.58134
157 0 0 0 0 0.69863 0.30137
158 0 0 0 0 3.45848 2.54152
159 0 0 0 0 0.0503778 0.949622
160 0 0 0 0 0.182848 0.817152
161 0 0 0 0 5.44789 1.55211
162 0 0 0 0 1.32458 8.67542
163 0 0 0 0 3.19211 3.80789
164 0 0 0 0 2.14884 0.851163
165 0 0 0 0 4.60502 1.39498
166 0 0 0 0 2.36735 1.63265
167 0 0 0 0 1.332 2.668
168 0 0 0 0 1.15512 1.84488
169 0 0 0 0 1.78002 3.21998
170 0 0 0 0 1.56291 2.43709
171 0 0 0 0 1.46739 0.532609
172 0 0 0 0 4.75659 0.243408
173 0 0 0 0 0.658451 0.341549
174 0 0 0 0 1.87316 8.12684
175 0 0 0 0 6.35981 0.640193
176 0 0 0 0 2.97179 0.0282132
177 0 0 0 0 4.98936 2.01064
178 0 0 0 0 1.20066 8.79934
179 0 0 0 0 6.93439 3.06561
180 0 0 0 0 0.464501 1.5355
181 0 0 0 0 2.52761 0.472385
182 0 0 0 0 1.02362 8.97638
183 0 0 0 0 4.12361 1.87639
184 0 0 0 0 2.75033 0.249675
185 0 0 0 0 0.317396 0.682604
186 0 0 0 0 1.6954 2.3046
187 0 0 0 0 1.8921 1.1079
188 0 0 0 0 1.673 8.327
189 0 0 0 0 7.94231 2.05769
190 0 0 0 0 2.47097 1.52903
191 0 0 0 0 2.8125 5.1875
192 0 0 0 0 4.875 0.125
193 0 0 0 0 1.61328 0.386724
194 0 0 0 0 2.83265 5.16735
195 0 0 0 0 1.31579 0.684211
196 0 0 0 0 1.91489 3.08511
197 0 0 0 0 7.375 0.625
198 0 0 0 0 3.62667 3.37333
199 0 0 0 0 1.40575 8.59425
200 0 0 0 0 0.962435 0.0375648
201 0 0 0 0 1.90741 3.09259
202 0 0 0 0 3.39177 0.608229
203 0 0 0 0 4.46726 2.53274
204 0 0 0 0 2.03161 5.96839
205 0 0 0 0 6.77907 0.22093
206 0 0 0 0 1.78605 6.21395
207 0 0 0 0 2.0205 0.979502
208 0 0 0 0 0.440217 1.55978
209 0 0 0 0 7.53006 1.46994
210 0 0 0 0 2.8 4.2
211 0 0 0 0 1.31226 3.68774
212 0 0 0 0 1.76048 1.23952
213 0 0 0 0 1.49239 1.50761
214 0 0 0 0 8.01932 1.98068
215 0 0 0 0 1.32951 6.67049
216 0 0 0 0 1.7161 3.2839
217 0 0 0 0 1.75761 3.24239
218 0 0 0 0 2.84669 0.15331
219 0 0 0 0 5.78171 1.21829
220 0 0 0 0 8.92373 0.0762712
221 0 0 0 0 1.53846 3.46154
222 0 0 0 0 1.57536 0.424635
223 0 0 0 0 6.06881 0.931193
224 0 0 0 0 0.323944 2.67606
225 0 0 0 0 4.181 1.819
226 0 0 0 0 0.191766 0.808234
227 0 0 0 0 5.89144 0.108565
228 0 0 0 0 1.92276 1.07724
229 0 0 0 0 0.536842 0.463158
230 0 0 0 0 5.32118 2.67882
231 0 0 0 0 0.948276 4.05172
232 0 0 0 0 0.253049 0.746951
233 0 0 0 0 3.24852 5.75148
234 0 0 0 0 0.377067 1.62293
235 0 0 0 0 0.0795455 8.92045
236 0 0 0 0 1.24221 1.75779
237 0 0 0 0 0.279543 9.72046
238 0 0 0 0 0.570153 2.42985
239 0 0 0 0 5.56484 2.43516
240 0 0 0 0 2.09492 3.90508
241 0 0 0 0 0.935714 3.06429
242 0 0 0 0 2.44444 6.55556
243 0 0 0 0 7.05938 1.94062
244 0 0 0 0 1.42887 1.57113
245 0 0 0 0 2.45161 7.54839
246 0 0 0 0 3.37434 6.62566
247 0 0 0 0 0.864717 0.135283
248 0 0 0 0 2.92998 1.07002
249 0 0 0 0 0.829016 0.170984
250 0 0 0 0 2.54839 2.45161
251 0 0 0 0 1.78225 0.217751
252 0 0 0 0 3.77318 1.22682
253 0 0 0 0 0.987526 9.01247
254 0 0 0 0 5.96458 0.0354191
255 0 0 0 0 1.82353 2.17647
256 0 0 0 0 2.99046 0.00953895
257 0 0 0 0 3.68702 2.31298
258 0 0 0 0 9.29194 0.708061
259 0 0 0 0 6.58323 0.416768
260 0 0 0 0 1.73378 0.266219
261 0 0 0 0 0.93262 7.06738
262 0 0 0 0 0.995833 0.00416667
263 0 0 0 0 4.77495 0.225049
264 0 0 0 0 1.74638 0.253615
265 0 0 0 0 1.2423 3.7577
266 0 0 0 0 8.74172 0.258278
267 0 0 0 0 5.50167 1.49833
268 0 0 0 0 0.018018 1.98198
269 0 0 0 0 0.470899 3.5291
270 0 0 0 0 0.800824 0.199176
271 0 0 0 0 6.01461 0.985392
272 0 0 0 0 4.0185 5.9815
273 0 0 0 0 5.31116 2.68884
274 0 0 0 0 3.7394 2.2606
275 0 0 0 0 1.94595 8.05405
276 0 0 0 0 2.04641 1.95359
277 0 0 0 0 1.60961 4.39039
278 0 0 0 0 5.46615 0.533849
279 0 0 0 0 0.374286 0.625714
280 0 0 0 0 4.99438 2.00562
281 0 0 0 0 4.64668 2.35332
282 0 0 0 0 0.435766 1.56423
283 0 0 0 0 2.70515 5.29485
284 0 0 0 0 1.51858 0.481416
285 0 0 0 0 2.1831 2.8169
286 0 0 0 0 9.34225 0.657748
287 0 0 0 0 0.183569 0.816431
288 0 0 0 0 0.00663717 2.99336
289 0 0 0 0 8.39871 0.601293
290 0 0 0 0 1.0305 1.9695
291 0 0 0 0 4.53925 0.460751
292 0 0 0 0 0.888889 2.11111
293 0 0 0 0 7.59344 1.40656
294 0 0 0 0 1.04615 1.95385
295 0 0 0 0 1.84409 1.15591
296 0 0 0 0 1.64196 0.358039
297 0 0 0 0 2.98082 5.01918
298 0 0 0 0 2.94976 2.05024
299 0 0 0 0 3.69069 6.30931
300 0 0 0 0 4.607 3.393
301 0 0 0 0 0.390276 8.60972
302 0 0 0 0 2.03453 4.96547
303 0 0 0 0 2.23796 1.76204
304 0 0 0 0 2.06813 0.931871
305 0 0 0 0 1.76596 6.23404
306 0 0 0 0 5.1134 2.8866
307 0 0 0 0 6.68512 1.31488
308 0 0 0 0 0 8
309 0 0 0 0 0.474178 2.52582
310 0 0 0 0 1.66432 0.335684
311 0 0 0 0 8.36757 1.63243
312 0 0 0 0 1.86111 0.138889
313 0 0 0 0 3.63636 6.36364
314 0 0 0 0 2.55 0.45
315 0 0 0 0 0.0236486 2.97635
316 0 0 0 0 2.71066 0.28934
317 0 0 0 0 0.316 2.684
318 0 0 0 0 8.69457 0.30543
319 0 0 0 0 2.80986 0.190141
320 0 0 0 0 0.415335 0.584665
321 0 0 0 0 2.28404 7.71596
322 0 0 0 0 0.16825 1.83175
323 0 0 0 0 3.71856 5.28144
324 0 0 0 0 3.18432 5.81568
325 0 0 0 0 6.72794 0.272059
326 0 0 0 0 0.254545 7.74545
327 0 0 0 0 1.2546 1.7454
328 0 0 0 0 3.73737 3.26263
329 0 0 0 0 3.28814 2.71186
330 0 0 0 0 0.935857 0.064143
331 0 0 0 0 4 4
332 0 0 0 0 0.828645 2.17136
333 0 0 0 0 3.36538 3.63462
334 0 0 0 0 3.15085 3.84915
335 0 0 0 0 1.35185 0.648148
336 0 0 0 0 0.0214067 2.97859
337 0 0 0 0 3.87031 6.12969
338 0 0 0 0 6.3303 0.669704
339 0 0 0 0 5.20284 4.79716
340 0 0 0 0 7.58898 2.41102
341 0 0 0 0 1.46882 0.531178
342 0 0 0 0 1.01299 2.98701
343 0 0 0 0 2.8 1.2
344 0 0 0 0 0.811437 6.18856
345 0 0 0 0 0.0652742 4.93473
346 0 0 0 0 0.99422 7.00578
347 0 0 0 0 3.22982 3.77018
348 0 0 0 0 1.07339 7.92661
349 0 0 0 0 1.42152 2.57848
350 0 0 0 0 4.31655 5.68345
351 0 0 0 0 0.430351 4.56965
352 0 0 0 0 0.654762 4.34524
353 0 0 0 0 5.41935 1.58065
354 0 0 0 0 4.3885 2.6115
355 0 0 0 0 0.892068 6.10793
356 0 0 0 0 1.83721 2.16279
357 0 0 0 0 2.30016 0.699837
358 0 0 0 0 0.532203 0.467797
359 0 0 0 0 4.02204 4.97796
360 0 0 0 0 1.24481 4.75519
361 0 0 0 0 0.0717703 4.92823
362 0 0 0 0 2.42775 3.57225
363 0 0 0 0 0.0914286 7.90857
364 0 0 0 0 0.885246 1.11475
365 0 0 0 0 9.45455 0.545455
366 0 0 0 0 4.87209 0.127907
367 0 0 0 0 0 7
368 0 0 0 0 3.22042 3.77958
369 0 0 0 0 0.763814 0.236186
370 0 0 0 0 0.0616541 0.938346
371 0 0 0 0 3.5971 3.4029
372 0 0 0 0 0.985384 0.0146163
373 0 0 0 0 1.46732 3.53268
374 0 0 0 0 4 4
375 0 0 0 0 3.22722 2.77278
376 0 0 0 0 3.03371 6.96629
377 0 0 0 0 7.36364 1.63636
378 0 0 0 0 4.69159 3.30841
379 0 0 0 0 6.99448 2.00552
380 0 0 0 0 4.24051 0.759494
381 0 0 0 0 0.43299 0.56701
382 0 0 0 0 5.70222 2.29778
383 0 0 0 0 3.25984 5.74016
384 0 0 0 0 0.482682 1.51732
385 0 0 0 0 5.52262 0.477379
386 0 0 0 0 0 8
387 0 0 0 0 6.42254 2.57746
388 0 0 0 0 5.28944 4.71056
389 0 0 0 0 1.2871 6.7129
390 0 0 0 0 4.10294 4.89706
391 0 0 0 0 5.9257 0.0743034
392 0 0 0 0 2.23434 4.76566
393 0 0 0 0 0.928839 0.071161
394 0 0 0 0 0.11352 0.88648
395 0 0 0 0 1.2333 0.766701
396 0 0 0 0 2.71134 3.28866
397 0 0 0 0 6.91429 2.08571
398 0 0 0 0 6.61847 1.38153
399 0 0 0 0 1.96796 0.0320427
400 0 0 0 0 2.93048 1.06952
401 0 0 0 0 4.88222 2.11778
402 0 0 0 0 0.833333 1.16667
403 0 0 0 0 3.24028 3.75972
404 0 0 0 0 1.77778 2.22222
405 0 0 0 0 0.799427 2.20057
406 0 0 0 0 0.874439 8.12556
407 0 0 0 0 0.46281 0.53719
408 0 0 0 0 2.25997 5.74003
409 0 0 0 0 0.0628507 7.93715
410 0 0 0 0 2.07309 1.92691
411 0 0 0 0 6.67349 1.32651
412 0 0 0 0 1.38462 1.61538
413 0 0 0 0 3.32721 1.67279
414 0 0 0 0 3.75051 3.24949
415 0 0 0 0 2.75184 7.24816
416 0 0 0 0 0.179191 0.820809
417 0 0 0 0 2.02326 0.976744
418 0 0 0 0 3.85846 2.14154
419 0 0 0 0 3.42155 1.57845
420 0 0 0 0 8.73472 0.265284
421 0 0 0 0 2.84454 1.15546
422 0 0 0 0 0.13544 5.86456
423 0 0 0 0 4.87351 2.12649
424 0 0 0 0 5.68126 1.31874
425 0 0 0 0 0.329648 0.670352
426 0 0 0 0 4.2408 2.7592
427 0 0 0 0 0.647799 5.3522
428 0 0 0 0 5.5191 2.4809
429 0 0 0 0 1.08919 3.91081
430 0 0 0 0 1.94245 8.05755
431 0 0 0 0 0.329588 0.670412
432 0 0 0 0 0.674041 0.325959
433 0 0 0 0 2.75033 2.24967
434 0 0 0 0 1.28737 7.71263
435 0 0 0 0 3.40782 6.59218
436 0 0 0 0 1.80609 1.19391
437 0 0 0 0 7.36122 0.638783
438 0 0 0 0 0.60084 0.39916
439 0 0 0 0 0.62482 0.37518
440 0 0 0 0 4.63617 5.36383
441 0 0 0 0 0.596112 0.403888
442 0 0 0 0 3.69435 0.305648
443 0 0 0 0 2.44634 0.553661
444 0 0 0 0 3.83142 1.16858
445 0 0 0 0 2.44535 4.55465
446 0 0 0 0 2.21005 1.78995
447 0 0 0 0 2.26596 0.734043
448 0 0 0 0 1.77778 6.22222
449 0 0 0 0 1.42718 4.57282
450 0 0 0 0 6.60164 3.39836
451 0 0 0 0 0.659612 1.34039
452 0 0 0 0 2.45748 2.54252
453 0 0 0 0 2.29705 0.702952
454 0 0 0 0 1.82114 6.17886
455 0 0 0 0 2.43038 3.56962
456 0 0 0 0 3.65019 1.34981
457 0 0 0 0 1.32775 0.672251
458 0 0 0 0 0.468531 2.53147
459 0 0 0 0 0.777512 0.222488
460 0 0 0 0 0.625935 0.374065
461 0 0 0 0 0.846154 0.153846
462 0 0 0 0 6.5469 0.453104
463 0 0 0 0 7.58519 0.414815
464 0 0 0 0 4.16744 2.83256
465 0 0 0 0 1.12226 0.877743
466 0 0 0 0 0.675 2.325
467 0 0 0 0 2.3459 1.6541
468 0 0 0 0 8.96082 1.03918
469 0 0 0 0 0.812227 0.187773
470 0 0 0 0 0.0251678 0.974832
471 0 0 0 0 1.97651 1.02349
472 0 0 0 0 1.49768 1.50232
473 0 0 0 0 1.35165 0.648352
474 0 0 0 0 0.206522 0.793478
475 0 0 0 0 2.1755 0.824503
476 0 0 0 0 4.59953 0.400471
477 0 0 0 0 0.490909 8.50909
478 0 0 0 0 1.96468 1.03532
479 0 0 0 0 8.08343 1.91657
480 0 0 0 0 0.335347 2.66465
481 0 0 0 0 0.727273 0.272727
482 0 0 0 0 1.39577 0.60423
483 0 0 0 0 4.44039 5.55961
484 0 0 0 0 0.275449 0.724551
485 0 0 0 0 2.23676 3.76324
486 0 0 0 0 0.821918 9.17808
487 0 0 0 0 6.80412 1.19588
488 0 0 0 0 3.71358 4.28642
489 0 0 0 0 8.91892 1.08108
490 0 0 0 0 6.60714 3.39286
491 0 0 0 0 3.44548 2.55452
492 0 0 0 0 2.56856 5.43144
493 0 0 0 0 1.62885 5.37115
494 0 0 0 0 3.59201 0.407992
495 0 0 0 0 4.31313 2.68687
496 0 0 0 0 4.52412 2.47588
497 0 0 0 0 1.04803 2.95197
498 0 0 0 0 4.30259 0.697413
499 0 0 0 0 5.70892 2.29108
500 0 0 0 0 3.72374 3.27626
501 0 0 0 0 2.22098 1.77902
502 0 0 0 0 1.47929 2.52071
503 0 0 0 0 6.28571 1.71429
504 0 0 0 0 0.697036 4.30296
505 0 0 0 0 0.9826 7.0174
506 0 0 0 0 0.274368 3.72563
507 0 0 0 0 6.64617 0.353825
508 0 0 0 0 0.92613 4.07387
509 0 0 0 0 2.64674 0.353261
510 0 0 0 0 6.58494 2.41506
511 0 0 0 0 6.6 0.4
512 0 0 0 0 0.186235 1.81377
513 0 0 0 0 1.6298 2.3702
514 0 0 0 0 0.897436 0.102564
515 0 0 0 0 2.14022 5.85978
516 0 0 0 0 0.727612 8.27239
517 0 0 0 0 0.899471 4.10053
518 0 0 0 0 3.85113 3.14887
519 0 0 0 0 1.79381 4.20619
520 0 0 0 0 2.62117 0.378827
521 0 0 0 0 0.33121 0.66879
522 0 0 0 0 2.42418 6.57582
523 0 0 0 0 1.667 7.333
524 0 0 0 0 1.50628 0.493724
525 0 0 0 0 1.60728 4.39272
526 0 0 0 0 3.0134 3.9866
527 0 0 0 0 1.76072 0.239278
528 0 0 0 0 0.301733 1.69827
529 0 0 0 0 3.65287 3.34713
530 0 0 0 0 3.65577 0.344227
531 0 0 0 0 0.888398 1.1116
532 0 0 0 0 6.8635 2.1365
533 0 0 0 0 0.903614 8.09639
534 0 0 0 0 1.53724 3.46276
535 0 0 0 0 2.24658 0.753425
536 0 0 0 0 2.36302 1.63698
537 0 0 0 0 5.42134 1.57866
538 0 0 0 0 0.746137 3.25386
539 0 0 0 0 1.22803 2.77197
540 0 0 0 0 7.05229 0.947705
541 0 0 0 0 0.748792 9.25121
542 0 0 0 0 1.23792 7.76208
543 0 0 0 0 3.43966 3.56034
544 0 0 0 0 2.69006 1.30994
545 0 0 0 0 0.374065 1.62594
546 0 0 0 0 3.40576 4.59424
547 0 0 0 0 4.77426 1.22574
548 0 0 0 0 1.53708 0.462921
549 0 0 0 0 0.682081 0.317919
550 0 0 0 0 0.0995575 4.90044
551 0 0 0 0 2.40245 2.59755
552 0 0 0 0 2.09023 7.90977
553 0 0 0 0 2.48438 0.515625
554 0 0 0 0 8.07422 0.925781
555 0 0 0 0 5.37634 4.62366
556 0 0 0 0 1.56764 3.43236
557 0 0 0 0 4.14474 4.85526
558 0 0 0 0 2.67959 7.32041
559 0 0 0 0 2.48889 5.51111
560 0 0 0 0 6.7486 1.2514
561 0 0 0 0 3.81818 5.18182
562 0 0 0 0 0.589258 0.410742
563 0 0 0 0 0.488372 4.51163
564 0 0 0 0 3.76941 2.23059
565 0 0 0 0 3.23986 3.76014
566 0 0 0 0 1.20084 7.79916
567 0 0 0 0 1.45133 8.54867
568 0 0 0 0 6.06832 0.931684
569 0 0 0 0 2.18502 1.81498
570 0 0 0 0 6.64935 3.35065
571 0 0 0 0 0.913876 2.08612
572 0 0 0 0 2.7345 4.2655
573 0 0 0 0 0.315961 0.684039
574 0 0 0 0 5.5571 1.4429
575 0 0 0 0 4.47398 0.526024
576 0 0 0 0 0.914286 5.08571
577 0 0 0 0 0.145533 0.854467
578 0 0 0 0 0.273109 2.72689
579 0 0 0 0 0.7393 0.2607
580 0 0 0 0 0.0868167 2.91318
581 0 0 0 0 0.619621 5.38038
582 0 0 0 0 5.86957 3.13043
583 0 0 0 0 5.84071 2.15929
584 0 0 0 0 3.1872 1.8128
585 0 0 0 0 0.839757 1.16024
586 0 0 0 0 0.739286 0.260714
587 0 0 0 0 4.57911 2.42089
588 0 0 0 0 0.515464 0.484536
589 0 0 0 0 2.9129 4.0871
590 0 0 0 0 2.85 6.15
591 0 0 0 0 3.32984 4.67016
592 0 0 0 0 0.0151515 2.98485
593 0 0 0 0 4.43673 0.563272
594 0 0 0 0 5.48911 1.51089
595 0 0 0 0 4.11808 1.88192
596 0 0 0 0 2.79496 0.205036
597 0 0 0 0 8.18182 0.818182
598 0 0 0 0 0.828431 0.171569
599 0 0 0 0 1.1764 1.8236
600 0 0 0 0 0.998744 2.00126
601 0 0 0 0 1.74408 4.25592
602 0 0 0 0 0.36626 2.63374
603 0 0 0 0 2.56927 1.43073
604 0 0 0 0 1.98529 3.01471
605 0 0 0 0 6.94918 2.05082
606 0 0 0 0 5.95276 3.04724
607 0 0 0 0 3.76845 0.231548
608 0 0 0 0 2.15158 3.84842
609 0 0 0 0 4.57868 3.42132
610 0 0 0 0 4.78663 2.21337
611 0 0 0 0 2.41041 1.58959
612 0 0 0 0 1.19411 2.80589
613 0 0 0 0 0.21346 0.78654
614 0 0 0 0 2.46897 1.53103
615 0 0 0 0 0.21097 9.78903
616 0 0 0 0 5.55425 0.445755
617 0 0 0 0 3.58086 1.41914
618 0 0 0 0 3.27593 2.72407
619 0 0 0 0 3.88466 6.11534
620 0 0 0 0 0.97381 1.02619
621 0 0 0 0 1.99174 0.00826446
622 0 0 0 0 2.87879 7.12121
623 0 0 0 0 3.99291 3.00709
624 0 0 0 0 2.16667 2.83333
625 0 0 0 0 1.35758 0.642424
626 0 0 0 0 0.671986 0.328014
627 0 0 0 0 2.74538 0.254625
628 0 0 0 0 1.79294 0.207065
629 0 0 0 0 7.82123 0.178771
630 0 0 0 0 2.6114 5.3886
631 0 0 0 0 6.30901 0.690987
632 0 0 0 0 3.63389 5.36611
633 0 0 0 0 0.607966 9.39203
634 0 0 0 0 2.19545 0.804545
635 0 0 0 0 2.19619 2.80381
636 0 0 0 0 0.390947 4.60905
637 0 0 0 0 3.83085 1.16915
638 0 0 0 0 3.69681 6.30319
639 0 0 0 0 3.33176 4.66824
640 0 0 0 0 2.61702 0.382979
641 0 0 0 0 7.33333 2.66667
642 0 0 0 0 8.50671 0.493289
643 0 0 0 0 0.832192 2.16781
644 0 0 0 0 3.24119 5.75881
645 0 0 0 0 2.71895 5.28105
646 0 0 0 0 2.15859 2.84141
647 0 0 0 0 2.5 2.5
648 0 0 0 0 1.46462 0.535385
649 0 0 0 0 4.00481 2.99519
650 0 0 0 0 2.98396 0.0160428
651 0 0 0 0 2.73717 5.26283
652 0 0 0 0 0.884221 0.115779
653 0 0 0 0 3.09206 2.90794
654 0 0 0 0 1.37607 5.62393
655 0 0 0 0 1.67825 6.32175
656 0 0 0 0 1.65647 0.343529
657 0 0 0 0 1.86861 6.13139
658 0 0 0 0 3.84154 0.158463
659 0 0 0 0 0.00795455 6.99205
660 0 0 0 0 4.65283 1.34717
661 0 0 0 0 1.17816 2.82184
662 0 0 0 0 0.668246 2.33175
663 0 0 0 0 0.00717949 6.99282
664 0 0 0 0 3.98272 0.0172786
665 0 0 0 0 0.0264026 1.9736
666 0 0 0 0 0.72 1.28
667 0 0 0 0 2.05729 2.94271
668 0 0 0 0 1.14728 7.85272
669 0 0 0 0 6.55856 3.44144
670 0 0 0 0 1.06129 3.93871
671 0 0 0 0 1.1125 0.8875
672 0 0 0 0 1.83688 1.16312
673 0 0 0 0 1.81882 1.18118
674 0 0 0 0 8.04487 1.95513
675 0 0 0 0 7.59137 0.408627
676 0 0 0 0 8.46682 1.53318
677 0 0 0 0 7.68987 1.31013
678 0 0 0 0 8.94066 0.0593407
679 0 0 0 0 5.35294 1.64706
680 0 0 0 0 7.26026 1.73974
681 0 0 0 0 1.3082 4.6918
682 0 0 0 0 1.39888 0.601124
683 0 0 0 0 0.117353 0.882647
684 0 0 0 0 1.23656 8.76344
685 0 0 0 0 6.7298 3.2702
686 0 0 0 0 3.96774 2.03226
687 0 0 0 0 1.8375 4.1625
688 0 0 0 0 0.215385 1.78462
689 0 0 0 0 4.68364 3.31636
690 0 0 0 0 0.0649351 5.93506
691 0 0 0 0 0.0315457 4.96845
692 0 0 0 0 2.68161 5.31839
693 0 0 0 0 3.16212 6.83788
694 0 0 0 0 2.83784 0.162162
695 0 0 0 0 2.23368 2.76632
696 0 0 0 0 3.07568 0.924324
697 0 0 0 0 4.1466 4.8534
698 0 0 0 0 2.06154 5.93846
699 0 0 0 0 0.0978865 3.90211
700 0 0 0 0 3.30357 6.69643
701 0 0 0 0 0.651639 5.34836
702 0 0 0 0 6.17609 2.82391
703 0 0 0 0 3.90177 6.09823
704 0 0 0 0 3.95389 0.0461095
705 0 0 0 0 2.0625 1.9375
706 0 0 0 0 0.00711744 0.992883
707 0 0 0 0 5.21207 1.78793
708 0 0 0 0 0.227823 0.772177
709 0 0 0 0 4.78678 0.21322
710 0 0 0 0 7.57246 2.42754
711 0 0 0 0 2.85156 7.14844
712 0 0 0 0 5.49405 0.505946
713 0 0 0 0 3.91867 4.08133
714 0 0 0 0 2.47706 2.52294
715 0 0 0 0 5.66944 0.330561
716 0 0 0 0 2.11684 0.883162
717 0 0 0 0 4.9899 1.0101
718 0 0 0 0 2.10984 0.890164
719 0 0 0 0 1.81171 3.18829
720 0 0 0 0 1.84504 1.15496
721 0 0 0 0 4.26703 4.73297
722 0 0 0 0 1.47815 6.52185
723 0 0 0 0 1.36232 5.63768
724 0 0 0 0 0.0951087 0.904891
725 0 0 0 0 3.77143 2.22857
726 0 0 0 0 2.86129 0.138705
727 0 0 0 0 1.41718 4.58282
728 0 0 0 0 7.22137 0.778626
729 0 0 0 0 5.86466 2.13534
730 0 0 0 0 0.964162 2.03584
731 0 0 0 0 5.96752 4.03248
732 0 0 0 0 0.775862 0.224138
733 0 0 0 0 1.16825 2.83175
734 0 0 0 0 6.95314 2.04686
735 0 0 0 0 2.27385 2.72615
736 0 0 0 0 1.23932 3.76068
737 0 0 0 0 1.71682 7.28318
738 0 0 0 0 0.149425 0.850575
739 0 0 0 0 7.62739 2.37261
740 0 0 0 0 2.07529 0.924706
741 0 0 0 0 5.85075 2.14925
742 0 0 0 0 2.27562 0.724382
743 0 0 0 0 1.37801 5.62199
744 0 0 0 0 0.0278396 0.97216
745 0 0 0 0 8.0014 0.998596
746 0 0 0 0 1.87534 0.124661
747 0 0 0 0 1.86038 1.13962
748 0 0 0 0 2.49645 0.503546
749 0 0 0 0 0.201958 4.79804
750 0 0 0 0 0.41055 1.58945
751 0 0 0 0 6.40827 1.59173
752 0 0 0 0 0.976378 0.023622
753 0 0 0 0 6.58984 0.410156
754 0 0 0 0 1.18235 7.81765
755 0 0 0 0 1.68371 0.316294
756 0 0 0 0 1.95464 4.04536
757 0 0 0 0 1.55727 3.44273
758 0 0 0 0 6.6327 2.3673
759 0 0 0 0 1.5 1.5
760 0 0 0 0 1.90011 1.09989
761 0 0 0 0 3.14386 0.85614
762 0 0 0 0 3.0184 2.9816
763 0 0 0 0 2.29609 0.703911
764 0 0 0 0 1.45684 2.54316
765 0 0 0 0 4.85073 2.14927
766 0 0 0 0 8.1753 0.824701
767 0 0 0 0 0.483051 2.51695
768 0 0 0 0 0.86911 2.13089
769 0 0 0 0 0.0265675 4.97343
770 0 0 0 0 0.615297 0.384703
771 0 0 0 0 4.625 0.375
772 0 0 0 0 8.59717 1.40283
773 0 0 0 0 0.072445 7.92755
774 0 0 0 0 1.07985 2.92015
775 0 0 0 0 2.90244 1.09756
776 0 0 0 0 0.35272 1.64728
777 0 0 0 0 6.50571 0.494289
778 0 0 0 0 0.352151 1.64785
779 0 0 0 0 0.755319 0.244681
780 0 0 0 0 0.787342 1.21266
781 0 0 0 0 0.191489 8.80851
782 0 0 0 0 7.04427 1.95573
783 0 0 0 0 8.00275 1.99725
784 0 0 0 0 1.8657 4.1343
785 0 0 0 0 4.86827 5.13173
786 0 0 0 0 0.670588 0.329412
787 0 0 0 0 4.96894 4.03106
788 0 0 0 0 2.28182 5.71818
789 0 0 0 0 0.363636 7.63636
790 0 0 0 0 1.13507 2.86493
791 0 0 0 0 1.81839 0.181609
792 0 0 0 0 2.45714 5.54286
793 0 0 0 0 3.17097 1.82903
794 0 0 0 0 7.79941 0.20059
795 0 0 0 0 0.202473 0.797527
796 0 0 0 0 0.777778 3.22222
797 0 0 0 0 4.74747 0.252525
798 0 0 0 0 2.28261 1.71739
799 0 0 0 0 0.295318 5.70468
800 0 0 0 0 2.57895 4.42105
801 0 0 0 0 5.28282 3.71718
802 0 0 0 0 0 2
803 0 0 0 0 0.444653 0.555347
804 0 0 0 0 3.02122 1.97878
805 0 0 0 0 3.44082 5.55918
806 0 0 0 0 2.63185 5.36815
807 0 0 0 0 1.20415 2.79585
808 0 0 0 0 4.05882 0.941176
809 0 0 0 0 5.39683 2.60317
810 0 0 0 0 3.51699 2.48301
811 0 0 0 0 5.48562 3.51438
812 0 0 0 0 2.06053 0.939474
813 0 0 0 0 7.86713 2.13287
814 0 0 0 0 1.87435 7.12565
815 0 0 0 0 2.46947 2.53053
816 0 0 0 0 3.55932 1.44068
817 0 0 0 0 0.616751 2.38325
818 0 0 0 0 1.27181 1.72819
819 0 0 0 0 3.92435 4.07565
820 0 0 0 0 0.119134 8.88087
821 0 0 0 0 0.196078 6.80392
822 0 0 0 0 5.31696 0.683036
823 0 0 0 0 1.46451 5.53549
824 0 0 0 0 9.14373 0.856269
825 0 0 0 0 5.85541 1.14459
826 0 0 0 0 3.65714 6.34286
827 0 0 0 0 1.51605 2.48395
828 0 0 0 0 0.611399 1.3886
829 0 0 0 0 0.0172414 0.982759
830 0 0 0 0 3.56027 6.43973
831 0 0 0 0 8.82451 0.175487
832 0 0 0 0 2.20231 0.797688
833 0 0 0 0 3.25926 2.74074
834 0 0 0 0 2.01625 0.983752
835 0 0 0 0 2.19452 6.80548
836 0 0 0 0 7.53273 2.46727
837 0 0 0 0 0.0273082 0.972692
838 0 0 0 0 0.958333 0.0416667
839 0 0 0 0 0.949761 0.0502392
840 0 0 0 0 2.94227 7.05773
841 0 0 0 0 4.71795 3.28205
842 0 0 0 0 4.02031 0.979689
843 0 0 0 0 6.4736 0.5264
844 0 0 0 0 6.12658 1.87342
845 0 0 0 0 2.39044 5.60956
846 0 0 0 0 5.20541 2.79459
847 0 0 0 0 1.83871 5.16129
848 0 0 0 0 0.892495 4.10751
849 0 0 0 0 1.94882 2.05118
850 0 0 0 0 2.24082 2.75918
851 0 0 0 0 6.15202 0.847981
852 0 0 0 0 0.998958 0.00104167
853 0 0 0 0 0.168168 1.83183
854 0 0 0 0 5.72007 3.27993
855 0 0 0 0 2.87081 7.12919
856 0 0 0 0 6.13516 0.864836
857 0 0 0 0 5.82503 0.17497
858 0 0 0 0 0.38255 0.61745
859 0 0 0 0 0.0882353 0.911765
860 0 0 0 0 0.65098 0.34902
861 0 0 0 0 2.69097 2.30903
862 0 0 0 0 2.99413 0.00587084
863 0 0 0 0 2.98387 2.01613
864 0 0 0 0 7.76081 2.23919
865 0 0 0 0 3.39378 0.606225
866 0 0 0 0 1.13971 3.86029
867 0 0 0 0 4.26854 1.73146
868 0 0 0 0 4.07825 3.92175
869 0 0 0 0 4.08403 1.91597
870 0 0 0 0 1.18886 5.81114
871 0 0 0 0 3.57125 5.42875
872 0 0 0 0 2.96617 0.0338346
873 0 0 0 0 0.27027 2.72973
874 0 0 0 0 0.522581 8.47742
875 0 0 0 0 0.918519 1.08148
876 0 0 0 0 0.122779 0.877221
877 0 0 0 0 0.322097 5.6779
878 0 0 0 0 3.64679 6.35321
879 0 0 0 0 4.18977 5.81023
880 0 0 0 0 3.48456 1.51544
881 0 0 0 0 4.8254 3.1746
882 0 0 0 0 3.52764 5.47236
883 0 0 0 0 3.41538 1.58462
884 0 0 0 0 8.15164 0.848361
885 0 0 0 0 5.05788 1.94212
886 0 0 0 0 4.52566 3.47434
887 0 0 0 0 0.538559 5.46144
888 0 0 0 0 5.39846 0.601542
889 0 0 0 0 4.85906 5.14094
890 0 0 0 0 1.62397 0.376028
891 0 0 0 0 5.81609 4.18391
892 0 0 0 0 0.894462 3.10554
893 0 0 0 0 7.60512 2.39488
894 0 0 0 0 1.51938 5.48062
895 0 0 0 0 1.11717 8.88283
896 0 0 0 0 1.49264 3.50736
897 0 0 0 0 8.3586 0.641403
898 0 0 0 0 7.31733 0.682667
899 0 0 0 0 1.95385 0.0461538
900 0 0 0 0 0.627737 2.37226
901 0 0 0 0 1.30319 3.69681
902 0 0 0 0 0.937975 2.06203
903 0 0 0 0 0.98 1.02
904 0 0 0 0 0.406068 2.59393
905 0 0 0 0 1.67742 0.322581
906 0 0 0 0 3.21352 3.78648
907 0 0 0 0 4.4675 1.5325
908 0 0 0 0 3.84897 1.15103
909 0 0 0 0 0.806618 4.19338
910 0 0 0 0 1.94357 0.0564334
911 0 0 0 0 1.7707 6.2293
912 0 0 0 0 2.8082 0.191797
913 0 0 0 0 0.640531 2.35947
914 0 0 0 0 0.523161 3.47684
915 0 0 0 0 0.731481 0.268519
916 0 0 0 0 1.07818 1.92182
917 0 0 0 0 0.683594 0.316406
918 0 0 0 0 4.53586 3.46414
919 0 0 0 0 5.89404 4.10596
920 0 0 0 0 1.09091 4.90909
921 0 0 0 0 2.94934 2.05066
922 0 0 0 0 0.642857 2.35714
923 0 0 0 0 1.42593 0.574074
924 0 0 0 0 3.26931 0.730689
925 0 0 0 0 1.01382 4.98618
926 0 0 0 0 6.66425 1.33575
927 0 0 0 0 6.2 0.8
928 0 0 0 0 4.1452 1.8548
929 0 0 0 0 5.57705 1.42295
930 0 0 0 0 1.69836 1.30164
931 0 0 0 0 0.316514 5.68349
932 0 0 0 0 1.64593 4.35407
933 0 0 0 0 6.43564 3.56436
934 0 0 0 0 2.32913 0.670872
935 0 0 0 0 2.3522 2.6478
936 0 0 0 0 1.90526 6.09474
937 0 0 0 0 8.57741 0.422589
938 0 0 0 0 0.125 0.875
939 0 0 0 0 3.53621 1.46379
940 0 0 0 0 1.72737 0.272628
941 0 0 0 0 4.32226 2.67774
942 0 0 0 0 7.77083 0.229167
943 0 0 0 0 2.66243 2.33757
944 0 0 0 0 4.30473 0.695266
945 0 0 0 0 2.12754 1.87246
946 0 0 0 0 0.416107 0.583893
947 0 0 0 0 0.232143 4.76786
948 0 0 0 0 4.89952 3.10048
949 0 0 0 0 7.19395 0.806045
950 0 0 0 0 4.83019 1.16981
951 0 0 0 0 4.85572 0.144284
952 0 0 0 0 1.64433 3.35567
953 0 0 0 0 4.6615 2.3385
954 0 0 0 0 2.39344 2.60656
955 0 0 0 0 0.497238 3.50276
956 0 0 0 0 1.17879 2.82121
957 0 0 0 0 3.18045 2.81955
958 0 0 0 0 6.65272 3.34728
959 0 0 0 0 1.25153 8.74847
960 0 0 0 0 1.55556 0.444444
961 0 0 0 0 1.80916 4.19084
962 0 0 0 0 4.70067 5.29933
963 0 0 0 0 4.38476 2.61524
964 0 0 0 0 0.805468 0.194532
965 0 0 0 0 0.925965 2.07404
966 0 0 0 0 0.760433 1.23957
967 0 0 0 0 0.756962 0.243038
968 0 0 0 0 2.53608 2.46392
969 0 0 0 0 1.06154 0.938462
970 0 0 0 0 0.613707 0.386293
971 0 0 0 0 9.50957 0.490431
972 0 0 0 0 0.334855 4.66514
973 0 0 0 0 1.20458 1.79542
974 0 0 0 0 1.09278 2.90722
975 0 0 0 0 3.96789 1.03211
976 0 0 0 0 0.0938511 0.906149
977 0 0 0 0 8.95418 0.0458248
978 0 0 0 0 2.25256 7.74744
979 0 0 0 0 0.495 4.505
980 0 0 0 0 5.87328 0.126716
981 0 0 0 0 5.66216 2.33784
982 0 0 0 0 4.53823 1.46177
983 0 0 0 0 3.66372 2.33628
984 0 0 0 0 9.59384 0.406162
985 0 0 0 0 2.44533 0.554672
986 0 0 0 0 5.41725 2.58275
987 0 0 0 0 1.59413 5.40587
988 0 0 0 0 0.25 5.75
989 0 0 0 0 0.156593 0.843407
990 0 0 0 0 0.240713 0.759287
991 0 0 0 0 2.08636 0.913636
992 0 0 0 0 1.93269 7.06731
993 0 0 0 0 1.29838 0.701623
994 0 0 0 0 1.30303 6.69697
995 0 0 0 0 2.54694 1.45306
996 0 0 0 0 1.14754 8.85246
997 0 0 0 0 1.43008 3.56992
998 0 0 0 0 4.57834 2.42166
999 0 0 0 0 2.53383 2.46617
1000 0 0 0 0 0.830601 1.1694
1001 0 0 0 0 2.64474 4.35526
