NAME : X-n106-k14
COMMENT : "Generated by Uchoa, Pecin, Pessoa, Poggi, Subramanian, and Vidal (2013)"
TYPE : CVRP
DIMENSION : 106
EDGE_WEIGHT_TYPE : EUC_2D
CAPACITY : 600
NODE_COORD_SECTION
1 0 0
2 615 190
3 890 200
4 983 684
5 959 743
6 569 146
7 969 841
8 607 256
9 936 274
10 650 221
11 943 547
12 789 172
13 632 209
14 849 163
15 829 283
16 618 147
17 925 627
18 925 192
19 903 460
20 666 368
21 906 622
22 833 185
23 411 136
24 989 691
25 601 221
26 429 500
27 522 218
28 760 346
29 674 183
30 720 99
31 951 705
32 898 154
33 953 661
34 425 212
35 775 159
36 900 649
37 943 290
38 724 315
39 927 705
40 865 817
41 872 161
42 966 478
43 974 694
44 669 159
45 603 140
46 598 122
47 715 230
48 777 693
49 890 231
50 775 230
51 908 849
52 625 138
53 490 185
54 643 163
55 849 183
56 998 675
57 619 495
58 844 67
59 861 276
60 888 679
61 641 141
62 869 766
63 495 244
64 852 110
65 976 143
66 921 783
67 688 211
68 857 199
69 758 636
70 990 213
71 973 806
72 748 240
73 737 95
74 933 664
75 770 172
76 616 250
77 641 146
78 867 199
79 544 327
80 711 277
81 893 778
82 992 868
83 685 11
84 869 204
85 646 260
86 849 185
87 918 400
88 645 144
89 923 339
90 931 686
91 582 212
92 1000 309
93 572 192
94 676 183
95 989 59
96 798 642
97 582 39
98 686 188
99 995 720
100 802 185
101 603 126
102 657 185
103 574 195
104 661 174
105 614 195
106 961 162
PICKUP_AND_DELIVERY_SECTION
1 0 0 0 0 0 0
2 0 0 0 0 25.0244 55.9756
3 0 0 0 0 14.382 49.618
4 0 0 0 0 35.4873 15.5127
5 0 0 0 0 47.2607 13.7393
6 0 0 0 0 18.2179 52.7821
7 0 0 0 0 72.0361 10.9639
8 0 0 0 0 38.8007 53.1993
9 0 0 0 0 19.3205 46.6795
10 0 0 0 0 31.28 60.72
11 0 0 0 0 45.245 32.755
12 0 0 0 0 21.3638 76.6362
13 0 0 0 0 29.1013 58.8987
14 0 0 0 0 13.4393 56.5607
15 0 0 0 0 24.579 47.421
16 0 0 0 0 21.8835 70.1165
17 0 0 0 0 56.9384 27.0616
18 0 0 0 0 10.5859 40.4141
19 0 0 0 0 41.2625 39.7375
20 0 0 0 0 39.2312 31.7688
21 0 0 0 0 67.2804 30.7196
22 0 0 0 0 15.5462 54.4538
23 0 0 0 0 17.5377 35.4623
24 0 0 0 0 53.1001 22.8999
25 0 0 0 0 30.5208 52.4792
26 0 0 0 0 71.214 11.786
27 0 0 0 0 32.1571 44.8429
28 0 0 0 0 37.3316 44.6684
29 0 0 0 0 23.8932 64.1068
30 0 0 0 0 7.975 50.025
31 0 0 0 0 71.9085 25.0915
32 0 0 0 0 9.08909 43.9109
33 0 0 0 0 36.0672 15.9328
34 0 0 0 0 44.3953 44.6047
35 0 0 0 0 17.849 69.151
36 0 0 0 0 36.0556 13.9444
37 0 0 0 0 22.4496 50.5504
38 0 0 0 0 25.2348 32.7652
39 0 0 0 0 76.0518 23.9482
40 0 0 0 0 55.726 3.27399
41 0 0 0 0 12.3704 54.6296
42 0 0 0 0 37.1118 37.8882
43 0 0 0 0 46.3142 18.6858
44 0 0 0 0 19.0135 60.9865
45 0 0 0 0 15.0912 49.9088
46 0 0 0 0 12.8528 50.1472
47 0 0 0 0 18.979 40.021
48 0 0 0 0 66.8919 8.10811
49 0 0 0 0 14.5348 41.4652
50 0 0 0 0 22.5548 53.4452
51 0 0 0 0 77.6068 5.39317
52 0 0 0 0 18.768 66.232
53 0 0 0 0 36.2449 59.7551
54 0 0 0 0 14.703 43.297
55 0 0 0 0 10.7774 39.2226
56 0 0 0 0 36.523 17.477
57 0 0 0 0 64.7738 16.2262
58 0 0 0 0 6.50948 75.4905
59 0 0 0 0 31.7352 67.2648
60 0 0 0 0 51.2309 15.7691
61 0 0 0 0 19.3573 68.6427
62 0 0 0 0 81.0955 10.9045
63 0 0 0 0 47.8141 49.1859
64 0 0 0 0 6.4554 43.5446
65 0 0 0 0 9.08402 52.916
66 0 0 0 0 50.1596 8.84039
67 0 0 0 0 25.4549 57.5451
68 0 0 0 0 19.9697 66.0303
69 0 0 0 0 72.1583 13.8417
70 0 0 0 0 11.8333 43.1667
71 0 0 0 0 82.0082 16.9918
72 0 0 0 0 28.2353 59.7647
73 0 0 0 0 12.7612 86.2388
74 0 0 0 0 56.9346 23.0654
75 0 0 0 0 21.8909 76.1091
76 0 0 0 0 35.3084 51.6916
77 0 0 0 0 18.4493 62.5507
78 0 0 0 0 13.3126 44.6874
79 0 0 0 0 34.2629 22.7371
80 0 0 0 0 33.8945 53.1055
81 0 0 0 0 43.561 6.43897
82 0 0 0 0 84 12
83 0 0 0 0 1.01168 61.9883
84 0 0 0 0 17.6064 57.3936
85 0 0 0 0 31.7957 47.2043
86 0 0 0 0 21.7903 78.2097
87 0 0 0 0 43.1373 55.8627
88 0 0 0 0 21.2093 73.7907
89 0 0 0 0 20.935 36.065
90 0 0 0 0 43.4737 15.5263
91 0 0 0 0 34.2405 59.7595
92 0 0 0 0 28.119 62.881
93 0 0 0 0 28.5315 56.4685
94 0 0 0 0 25.7175 69.2825
95 0 0 0 0 2.98281 47.0172
96 0 0 0 0 42.6391 10.3609
97 0 0 0 0 4.42268 61.5773
98 0 0 0 0 15.3469 40.6531
99 0 0 0 0 45.5879 17.4121
100 0 0 0 0 19.8379 66.1621
101 0 0 0 0 14.8358 56.1642
102 0 0 0 0 14.0791 35.9209
103 0 0 0 0 22.0819 42.9181
104 0 0 0 0 20.5325 57.4675
105 0 0 0 0 17.785 38.215
106 0 0 0 0 12.1374 59.8626
