NAME : X-n125-k30
COMMENT : "Generated by Uchoa, Pecin, Pessoa, Poggi, Subramanian, and Vidal (2013)"
TYPE : CVRP
DIMENSION : 125
EDGE_WEIGHT_TYPE : EUC_2D
CAPACITY : 188
NODE_COORD_SECTION
1 989 944
2 5 730
3 769 200
4 698 515
5 72 561
6 52 397
7 771 177
8 81 537
9 43 371
10 716 202
11 106 406
12 627 172
13 10 338
14 776 432
15 761 469
16 759 287
17 593 363
18 773 290
19 129 398
20 709 193
21 99 564
22 163 418
23 48 619
24 907 406
25 929 527
26 69 672
27 675 960
28 50 763
29 736 240
30 46 518
31 128 793
32 699 581
33 58 398
34 43 393
35 783 186
36 58 360
37 45 712
38 38 393
39 652 524
40 37 364
41 37 617
42 61 534
43 664 358
44 555 445
45 712 465
46 38 469
47 2 729
48 65 620
49 156 497
50 857 475
51 773 234
52 879 98
53 685 466
54 21 421
55 109 536
56 60 738
57 897 564
58 96 383
59 76 582
60 739 193
61 669 548
62 284 462
63 193 813
64 15 696
65 102 541
66 28 578
67 828 292
68 73 519
69 70 645
70 40 433
71 745 159
72 0 486
73 75 511
74 228 312
75 732 427
76 61 407
77 495 621
78 84 538
79 751 246
80 22 714
81 63 571
82 641 350
83 873 540
84 211 418
85 287 618
86 155 796
87 627 595
88 546 199
89 795 58
90 805 15
91 649 486
92 145 377
93 673 319
94 700 678
95 86 623
96 158 613
97 673 619
98 738 444
99 17 449
100 122 182
101 108 334
102 100 550
103 677 505
104 23 365
105 20 512
106 892 41
107 452 457
108 70 541
109 224 931
110 67 692
111 198 317
112 513 731
113 159 369
114 51 378
115 556 137
116 800 100
117 795 278
118 158 773
119 43 656
120 41 488
121 70 375
122 132 545
123 203 328
124 728 467
125 759 208
PICKUP_AND_DELIVERY_SECTION
1 0 0 0 0 0 0
2 0 0 0 0 0.219178 31.7808
3 0 0 0 0 1.82055 5.17945
4 0 0 0 0 61.2393 21.7607
5 0 0 0 0 3.85027 26.1497
6 0 0 0 0 8.12091 53.8791
7 0 0 0 0 5.96887 20.0311
8 0 0 0 0 4.67598 26.324
9 0 0 0 0 8.69272 66.3073
10 0 0 0 0 1.41061 3.58939
11 0 0 0 0 22.1921 62.8079
12 0 0 0 0 4.11483 10.8852
13 0 0 0 0 2.78107 91.2189
14 0 0 0 0 8.90722 7.09278
15 0 0 0 0 23.4192 14.5808
16 0 0 0 0 12.1001 19.8999
17 0 0 0 0 3.06071 1.93929
18 0 0 0 0 6.37775 10.6223
19 0 0 0 0 29.8191 62.1809
20 0 0 0 0 13.6107 36.3893
21 0 0 0 0 2.80851 13.1915
22 0 0 0 0 30.8062 48.1938
23 0 0 0 0 0.852989 10.147
24 0 0 0 0 14.7718 18.2282
25 0 0 0 0 34.0366 25.9634
26 0 0 0 0 1.12946 9.87054
27 0 0 0 0 67.5 28.5
28 0 0 0 0 3.01442 42.9856
29 0 0 0 0 15.6522 32.3478
30 0 0 0 0 2.7529 28.2471
31 0 0 0 0 4.03531 20.9647
32 0 0 0 0 79.794 16.206
33 0 0 0 0 10.3467 60.6533
34 0 0 0 0 6.6743 54.3257
35 0 0 0 0 0.712644 2.28736
36 0 0 0 0 16.1111 83.8889
37 0 0 0 0 0.379213 5.62079
38 0 0 0 0 9.08906 84.9109
39 0 0 0 0 70.7239 17.2761
40 0 0 0 0 5.38736 47.6126
41 0 0 0 0 1.13938 17.8606
42 0 0 0 0 5.71161 44.2884
43 0 0 0 0 10.244 8.75602
44 0 0 0 0 31.2703 7.72973
45 0 0 0 0 13.7149 7.28511
46 0 0 0 0 7.69723 87.3028
47 0 0 0 0 0.0192044 6.9808
48 0 0 0 0 4.19355 35.8065
49 0 0 0 0 16.008 34.992
50 0 0 0 0 8.86814 7.13186
51 0 0 0 0 14.2277 32.7723
52 0 0 0 0 1.44937 11.5506
53 0 0 0 0 20.4088 9.59124
54 0 0 0 0 2.79335 53.2067
55 0 0 0 0 1.01679 3.98321
56 0 0 0 0 0.731707 8.26829
57 0 0 0 0 59.7324 35.2676
58 0 0 0 0 17.5457 52.4543
59 0 0 0 0 0.652921 4.34708
60 0 0 0 0 8.09608 22.9039
61 0 0 0 0 65.5306 14.4694
62 0 0 0 0 32.5801 20.4199
63 0 0 0 0 6.64699 21.353
64 0 0 0 0 0.818966 37.181
65 0 0 0 0 1.31978 5.68022
66 0 0 0 0 1.3564 26.6436
67 0 0 0 0 6.34783 11.6522
68 0 0 0 0 4.36031 26.6397
69 0 0 0 0 0.651163 5.34884
70 0 0 0 0 6.55889 64.4411
71 0 0 0 0 0.213423 0.786577
72 0 0 0 0 0 84
73 0 0 0 0 6.89824 40.1018
74 0 0 0 0 49.6923 18.3077
75 0 0 0 0 7 5
76 0 0 0 0 13.1892 74.8108
77 0 0 0 0 31.087 7.91304
78 0 0 0 0 4.84015 26.1599
79 0 0 0 0 1.96538 4.03462
80 0 0 0 0 0.92437 29.0756
81 0 0 0 0 2.09632 16.9037
82 0 0 0 0 20.7488 17.2512
83 0 0 0 0 45.7732 28.2268
84 0 0 0 0 37.8589 37.1411
85 0 0 0 0 0.928803 1.0712
86 0 0 0 0 6.03643 24.9636
87 0 0 0 0 63.5805 3.41946
88 0 0 0 0 17.13 29.87
89 0 0 0 0 3.42893 43.5711
90 0 0 0 0 0.670807 35.3292
91 0 0 0 0 14.9769 5.02311
92 0 0 0 0 25 40
93 0 0 0 0 8.05795 8.94205
94 0 0 0 0 78.4543 2.54571
95 0 0 0 0 5.24559 32.7544
96 0 0 0 0 2.06199 5.93801
97 0 0 0 0 87.3774 7.62259
98 0 0 0 0 10.8293 7.17073
99 0 0 0 0 2.65033 67.3497
100 0 0 0 0 63.6813 31.3187
101 0 0 0 0 21.018 43.982
102 0 0 0 0 7.63636 34.3636
103 0 0 0 0 65.6425 22.3575
104 0 0 0 0 5.54521 82.4548
105 0 0 0 0 0.195312 4.80469
106 0 0 0 0 1.97646 41.0235
107 0 0 0 0 75.1685 0.83151
108 0 0 0 0 5.95194 40.0481
109 0 0 0 0 4.09023 12.9098
110 0 0 0 0 3.48555 32.5145
111 0 0 0 0 46.2208 27.7792
112 0 0 0 0 68.0725 28.9275
113 0 0 0 0 37.0569 48.9431
114 0 0 0 0 8.76984 56.2302
115 0 0 0 0 9.36331 28.6367
116 0 0 0 0 5.875 41.125
117 0 0 0 0 14.3371 26.6629
118 0 0 0 0 3.47477 13.5252
119 0 0 0 0 0.458841 6.54116
120 0 0 0 0 4.36885 47.6311
121 0 0 0 0 18.2933 79.7067
122 0 0 0 0 9.44587 29.5541
123 0 0 0 0 36.5152 22.4848
124 0 0 0 0 6.41484 3.58516
125 0 0 0 0 13.7022 36.2978
