NAME : X-n129-k18
COMMENT : "Generated by Uchoa, Pecin, Pessoa, Poggi, Subramanian, and Vidal (2013)"
TYPE : CVRP
DIMENSION : 129
EDGE_WEIGHT_TYPE : EUC_2D
CAPACITY : 39
NODE_COORD_SECTION
1 0 0
2 51 570
3 691 985
4 66 119
5 502 415
6 434 289
7 427 584
8 342 576
9 790 87
10 312 475
11 908 531
12 840 566
13 863 232
14 284 833
15 515 175
16 9 243
17 768 209
18 777 582
19 84 508
20 380 523
21 255 267
22 544 961
23 408 661
24 57 588
25 278 44
26 168 722
27 726 406
28 223 385
29 495 70
30 560 632
31 235 655
32 643 127
33 765 267
34 459 976
35 585 962
36 154 796
37 650 444
38 931 52
39 377 19
40 178 633
41 917 803
42 871 677
43 667 164
44 208 651
45 35 437
46 503 680
47 462 870
48 322 123
49 677 829
50 878 407
51 223 251
52 671 94
53 218 351
54 375 220
55 367 567
56 986 869
57 236 769
58 202 998
59 761 712
60 75 520
61 14 737
62 895 632
63 224 725
64 328 387
65 36 300
66 817 531
67 31 283
68 209 574
69 490 395
70 659 121
71 410 207
72 761 450
73 768 348
74 873 349
75 439 179
76 51 269
77 886 558
78 151 752
79 208 186
80 897 547
81 469 396
82 607 437
83 202 433
84 642 100
85 180 703
86 873 595
87 103 184
88 466 416
89 124 311
90 71 321
91 8 357
92 51 200
93 899 471
94 67 236
95 482 432
96 991 388
97 933 309
98 649 131
99 497 404
100 626 195
101 807 375
102 776 626
103 624 275
104 55 288
105 877 515
106 821 533
107 456 317
108 625 410
109 783 403
110 662 97
111 733 533
112 499 470
113 766 340
114 206 385
115 822 285
116 571 304
117 934 461
118 533 242
119 442 24
120 303 249
121 675 92
122 467 432
123 575 338
124 385 239
125 272 512
126 567 124
127 738 447
128 379 165
129 610 408
PICKUP_AND_DELIVERY_SECTION
1 0 0 0 0 0 0
2 0 0 0 0 0.805263 8.19474
3 0 0 0 0 5.61218 2.38782
4 0 0 0 0 4.43697 3.56303
5 0 0 0 0 3.30677 0.693227
6 0 0 0 0 2.66359 1.33641
7 0 0 0 0 2.19349 0.806507
8 0 0 0 0 3.5625 2.4375
9 0 0 0 0 1.10127 8.89873
10 0 0 0 0 5.25474 2.74526
11 0 0 0 0 4.67841 3.32159
12 0 0 0 0 2.02143 0.978571
13 0 0 0 0 0.537659 1.46234
14 0 0 0 0 2.72749 5.27251
15 0 0 0 0 1.35922 2.64078
16 0 0 0 0 0.333333 8.66667
17 0 0 0 0 1.08854 2.91146
18 0 0 0 0 4.49421 1.50579
19 0 0 0 0 0.826772 4.17323
20 0 0 0 0 0.726577 0.273423
21 0 0 0 0 1.91011 0.0898876
22 0 0 0 0 1.13215 0.867846
23 0 0 0 0 2.46899 1.53101
24 0 0 0 0 0.193878 1.80612
25 0 0 0 0 0.47482 2.52518
26 0 0 0 0 1.39612 4.60388
27 0 0 0 0 3.9146 3.0854
28 0 0 0 0 4.63377 3.36623
29 0 0 0 0 1.27273 7.72727
30 0 0 0 0 7.08861 0.911392
31 0 0 0 0 2.51145 4.48855
32 0 0 0 0 1.7776 7.2224
33 0 0 0 0 1.7451 3.2549
34 0 0 0 0 1.88115 2.11885
35 0 0 0 0 4.86486 3.13514
36 0 0 0 0 0.386935 1.61307
37 0 0 0 0 5.46462 2.53538
38 0 0 0 0 0.446831 7.55317
39 0 0 0 0 0.453581 8.54642
40 0 0 0 0 2.81201 7.18799
41 0 0 0 0 7.88113 1.11887
42 0 0 0 0 3.88634 1.11366
43 0 0 0 0 0.245877 0.754123
44 0 0 0 0 0.958525 2.04147
45 0 0 0 0 0.800915 9.19908
46 0 0 0 0 7.39706 2.60294
47 0 0 0 0 1.06207 0.937931
48 0 0 0 0 3.81988 6.18012
49 0 0 0 0 3.26659 0.733414
50 0 0 0 0 2.78132 3.21868
51 0 0 0 0 6.21912 0.780876
52 0 0 0 0 0.420268 2.57973
53 0 0 0 0 4.34758 2.65242
54 0 0 0 0 1.76 1.24
55 0 0 0 0 1.9418 1.0582
56 0 0 0 0 5.28803 0.711968
57 0 0 0 0 1.53446 3.46554
58 0 0 0 0 0.809619 3.19038
59 0 0 0 0 0.935611 0.064389
60 0 0 0 0 0.865385 5.13462
61 0 0 0 0 0.189959 9.81004
62 0 0 0 0 2.11844 0.881564
63 0 0 0 0 1.54483 3.45517
64 0 0 0 0 2.54264 0.457364
65 0 0 0 0 0.12 0.88
66 0 0 0 0 5.84945 3.15055
67 0 0 0 0 0.219081 1.78092
68 0 0 0 0 2.91289 5.08711
69 0 0 0 0 7.2551 1.7449
70 0 0 0 0 0.367223 1.63278
71 0 0 0 0 2.01951 1.98049
72 0 0 0 0 4.13929 2.86071
73 0 0 0 0 4.53125 5.46875
74 0 0 0 0 2.7984 4.2016
75 0 0 0 0 0.407745 0.592255
76 0 0 0 0 1.32714 5.67286
77 0 0 0 0 0.629797 0.370203
78 0 0 0 0 1.00399 3.99601
79 0 0 0 0 3.57692 0.423077
80 0 0 0 0 0.60981 0.39019
81 0 0 0 0 4.22175 0.778252
82 0 0 0 0 7.19934 2.80066
83 0 0 0 0 4.66513 5.33487
84 0 0 0 0 0.311526 1.68847
85 0 0 0 0 1.02418 2.97582
86 0 0 0 0 1.36312 0.636884
87 0 0 0 0 1.11957 0.880435
88 0 0 0 0 1.78541 0.214592
89 0 0 0 0 2.39228 3.60772
90 0 0 0 0 1.54829 5.45171
91 0 0 0 0 0.134454 5.86555
92 0 0 0 0 2.04 5.96
93 0 0 0 0 1.57175 1.42825
94 0 0 0 0 0.283898 0.716102
95 0 0 0 0 1.79253 0.207469
96 0 0 0 0 0.391524 0.608476
97 0 0 0 0 2.98071 6.01929
98 0 0 0 0 0.201849 0.798151
99 0 0 0 0 4.87726 1.12274
100 0 0 0 0 1.55751 3.44249
101 0 0 0 0 2.7881 3.2119
102 0 0 0 0 0.806701 0.193299
103 0 0 0 0 0.440705 0.559295
104 0 0 0 0 0.572917 2.42708
105 0 0 0 0 4.1106 2.8894
106 0 0 0 0 1.29842 0.701583
107 0 0 0 0 2.7807 1.2193
108 0 0 0 0 2.624 1.376
109 0 0 0 0 2.05875 1.94125
110 0 0 0 0 0.879154 5.12085
111 0 0 0 0 1.4543 0.545703
112 0 0 0 0 8.47695 0.523046
113 0 0 0 0 3.99478 5.00522
114 0 0 0 0 2.67532 2.32468
115 0 0 0 0 0.346715 0.653285
116 0 0 0 0 4.79159 4.20841
117 0 0 0 0 0.493576 0.506424
118 0 0 0 0 4.54034 5.45966
119 0 0 0 0 0.217195 3.78281
120 0 0 0 0 3.28713 0.712871
121 0 0 0 0 1.36296 8.63704
122 0 0 0 0 0.925054 0.0749465
123 0 0 0 0 3.52696 2.47304
124 0 0 0 0 1.24156 0.758442
125 0 0 0 0 4.78125 4.21875
126 0 0 0 0 1.53086 5.46914
127 0 0 0 0 0.605691 0.394309
128 0 0 0 0 3.04749 3.95251
129 0 0 0 0 2.00656 0.993443
