NAME : X-n143-k7
COMMENT : "Generated by Uchoa, Pecin, Pessoa, Poggi, Subramanian, and Vidal (2013)"
TYPE : CVRP
DIMENSION : 143
EDGE_WEIGHT_TYPE : EUC_2D
CAPACITY : 1190
NODE_COORD_SECTION
1 0 0
2 175 821
3 62 495
4 662 959
5 109 216
6 156 748
7 178 957
8 347 184
9 89 814
10 257 265
11 662 892
12 881 69
13 478 9
14 76 79
15 898 650
16 711 766
17 325 163
18 42 411
19 722 221
20 366 190
21 378 521
22 907 497
23 924 738
24 954 524
25 594 724
26 253 89
27 746 971
28 655 716
29 627 301
30 994 958
31 384 833
32 234 979
33 337 173
34 865 383
35 488 878
36 531 291
37 289 151
38 935 667
39 659 800
40 965 898
41 248 436
42 97 623
43 953 932
44 30 810
45 683 120
46 577 83
47 376 751
48 804 302
49 265 688
50 425 392
51 392 371
52 438 417
53 373 511
54 19 913
55 415 49
56 663 461
57 583 355
58 569 522
59 312 683
60 288 508
61 177 874
62 609 113
63 905 309
64 701 895
65 640 112
66 504 95
67 466 606
68 367 726
69 161 8
70 944 892
71 223 393
72 329 371
73 130 888
74 450 443
75 857 128
76 709 966
77 642 967
78 872 705
79 0 414
80 207 911
81 993 855
82 883 147
83 740 490
84 600 372
85 184 48
86 489 259
87 114 737
88 244 783
89 420 439
90 522 41
91 617 177
92 575 340
93 607 806
94 144 513
95 695 974
96 603 507
97 855 318
98 343 206
99 244 929
100 418 513
101 976 38
102 435 672
103 120 988
104 691 853
105 986 418
106 566 975
107 625 733
108 166 787
109 605 798
110 209 194
111 19 892
112 169 840
113 756 913
114 666 928
115 13 829
116 103 304
117 63 384
118 564 787
119 271 50
120 949 738
121 357 228
122 363 898
123 912 704
124 765 462
125 167 348
126 848 405
127 5 76
128 188 65
129 229 41
130 632 968
131 75 96
132 936 903
133 982 492
134 658 258
135 600 833
136 299 593
137 65 277
138 695 468
139 508 995
140 651 522
141 824 865
142 842 802
143 684 432
PICKUP_AND_DELIVERY_SECTION
1 0 0 0 0 0 0
2 0 0 0 0 20.2497 74.7503
3 0 0 0 0 4.38384 30.6162
4 0 0 0 0 55.9145 25.0855
5 0 0 0 0 6.05556 5.94444
6 0 0 0 0 0.625668 2.37433
7 0 0 0 0 18.4138 80.5862
8 0 0 0 0 24.9222 22.0778
9 0 0 0 0 6.99754 57.0025
10 0 0 0 0 19.3962 0.603774
11 0 0 0 0 34.8812 12.1188
12 0 0 0 0 2.11464 24.8854
13 0 0 0 0 1.44979 75.5502
14 0 0 0 0 48.1013 1.89873
15 0 0 0 0 54.2873 20.7127
16 0 0 0 0 12.9948 1.00522
17 0 0 0 0 12.0369 11.9631
18 0 0 0 0 0.306569 2.69343
19 0 0 0 0 17.7535 40.2465
20 0 0 0 0 33.7432 31.2568
21 0 0 0 0 71.1017 26.8983
22 0 0 0 0 19.1786 15.8214
23 0 0 0 0 27.9545 7.04545
24 0 0 0 0 24.717 20.283
25 0 0 0 0 42.663 9.33702
26 0 0 0 0 3.86957 7.13043
27 0 0 0 0 9.98764 3.01236
28 0 0 0 0 10.0628 0.937151
29 0 0 0 0 36.4848 39.5152
30 0 0 0 0 94.4507 3.5493
31 0 0 0 0 2.30492 2.69508
32 0 0 0 0 2.15117 6.84883
33 0 0 0 0 44.6617 42.3383
34 0 0 0 0 31.437 39.563
35 0 0 0 0 46.1321 36.8679
36 0 0 0 0 1.09605 0.903955
37 0 0 0 0 28.2145 25.7855
38 0 0 0 0 44.9422 18.0578
39 0 0 0 0 51.8963 11.1038
40 0 0 0 0 19.542 1.45803
41 0 0 0 0 20.4771 15.5229
42 0 0 0 0 2.64687 14.3531
43 0 0 0 0 14.6695 0.330535
44 0 0 0 0 1.62963 42.3704
45 0 0 0 0 10.8931 51.1069
46 0 0 0 0 12.5147 74.4853
47 0 0 0 0 45.0599 44.9401
48 0 0 0 0 34.5572 57.4428
49 0 0 0 0 6.93314 11.0669
50 0 0 0 0 37.8165 3.18353
51 0 0 0 0 80.4464 4.55357
52 0 0 0 0 59.0274 2.9726
53 0 0 0 0 52.5558 19.4442
54 0 0 0 0 0.187295 8.81271
55 0 0 0 0 2.1253 15.8747
56 0 0 0 0 52.8446 23.1554
57 0 0 0 0 10.3516 6.64837
58 0 0 0 0 38.5308 3.46924
59 0 0 0 0 19.6428 23.3572
60 0 0 0 0 31.1811 23.8189
61 0 0 0 0 8.50572 33.4943
62 0 0 0 0 0.3711 1.6289
63 0 0 0 0 26.632 51.368
64 0 0 0 0 19.581 5.41899
65 0 0 0 0 5.075 23.925
66 0 0 0 0 14.7024 63.2976
67 0 0 0 0 51.5215 15.4785
68 0 0 0 0 20.2204 19.7796
69 0 0 0 0 3.52795 67.472
70 0 0 0 0 19.8432 1.15678
71 0 0 0 0 32.3435 24.6565
72 0 0 0 0 31.0377 3.96226
73 0 0 0 0 2.48874 14.5113
74 0 0 0 0 13.7822 0.217778
75 0 0 0 0 1.64294 9.35706
76 0 0 0 0 2.20186 0.798137
77 0 0 0 0 29.8759 15.1241
78 0 0 0 0 43.6583 10.3417
79 0 0 0 0 0 39
80 0 0 0 0 21.8134 74.1866
81 0 0 0 0 48.2175 7.78248
82 0 0 0 0 12.1529 60.8471
83 0 0 0 0 36.4189 18.5811
84 0 0 0 0 32.86 20.14
85 0 0 0 0 24 68
86 0 0 0 0 37.6053 33.3947
87 0 0 0 0 9.74491 53.2551
88 0 0 0 0 14.6462 32.3538
89 0 0 0 0 82.2779 3.7221
90 0 0 0 0 6.75479 79.2452
91 0 0 0 0 16.6386 41.3614
92 0 0 0 0 40.2087 27.7913
93 0 0 0 0 20.3337 6.66625
94 0 0 0 0 21.614 55.386
95 0 0 0 0 47.808 19.192
96 0 0 0 0 15.9751 3.02488
97 0 0 0 0 22.3158 37.6842
98 0 0 0 0 25.2245 16.7755
99 0 0 0 0 0.787944 2.21206
100 0 0 0 0 38.2963 8.7037
101 0 0 0 0 0.155738 3.84426
102 0 0 0 0 36.8973 20.1027
103 0 0 0 0 5.34413 38.6559
104 0 0 0 0 72.9074 17.0926
105 0 0 0 0 41.1217 55.8783
106 0 0 0 0 21.479 15.521
107 0 0 0 0 41.7804 7.21965
108 0 0 0 0 12.2338 45.7662
109 0 0 0 0 50.7957 16.2043
110 0 0 0 0 27.8469 2.15311
111 0 0 0 0 1.81054 83.1895
112 0 0 0 0 6.2369 24.7631
113 0 0 0 0 23.1851 4.8149
114 0 0 0 0 18.6595 7.34052
115 0 0 0 0 1.34861 84.6514
116 0 0 0 0 30.4934 59.5066
117 0 0 0 0 16.2422 82.7578
118 0 0 0 0 70.9479 28.0521
119 0 0 0 0 6.45756 28.5424
120 0 0 0 0 48.215 13.785
121 0 0 0 0 31.2941 17.7059
122 0 0 0 0 28.7004 42.2996
123 0 0 0 0 57.1228 16.8772
124 0 0 0 0 1.81176 1.18824
125 0 0 0 0 34.0718 36.9282
126 0 0 0 0 47.2818 51.7182
127 0 0 0 0 2.5 35.5
128 0 0 0 0 33.1915 62.8085
129 0 0 0 0 12.7118 58.2882
130 0 0 0 0 60.0661 31.9339
131 0 0 0 0 4.6875 1.3125
132 0 0 0 0 74.2853 2.71474
133 0 0 0 0 47.0957 46.9043
134 0 0 0 0 18.4286 28.5714
135 0 0 0 0 66.2665 25.7335
136 0 0 0 0 45.3794 44.6206
137 0 0 0 0 15.722 51.278
138 0 0 0 0 10.7741 5.2259
139 0 0 0 0 23.996 23.004
140 0 0 0 0 48.9124 12.0876
141 0 0 0 0 64.7769 3.22312
142 0 0 0 0 88.5819 4.41805
143 0 0 0 0 60.6316 35.3684
