NAME : X-n190-k8
COMMENT : "Generated by Uchoa, Pecin, Pessoa, Poggi, Subramanian, and Vidal (2013)"
TYPE : CVRP
DIMENSION : 190
EDGE_WEIGHT_TYPE : EUC_2D
CAPACITY : 138
NODE_COORD_SECTION
1 0 0
2 425 323
3 806 514
4 853 637
5 564 311
6 871 502
7 803 526
8 822 680
9 827 577
10 834 646
11 636 403
12 699 724
13 830 479
14 486 257
15 411 384
16 881 642
17 424 422
18 807 718
19 949 612
20 362 135
21 836 662
22 791 570
23 822 508
24 794 622
25 823 464
26 803 367
27 390 502
28 868 651
29 732 456
30 356 253
31 794 481
32 356 312
33 994 676
34 817 658
35 591 333
36 776 532
37 811 509
38 298 246
39 813 517
40 793 488
41 944 655
42 901 555
43 847 594
44 696 429
45 454 303
46 369 330
47 721 539
48 874 502
49 860 564
50 381 508
51 773 575
52 671 571
53 901 482
54 852 672
55 887 576
56 805 608
57 828 575
58 434 177
59 715 450
60 827 622
61 757 746
62 977 648
63 826 595
64 439 212
65 514 184
66 836 661
67 503 227
68 499 447
69 792 564
70 791 599
71 932 582
72 904 484
73 453 362
74 636 374
75 781 639
76 723 590
77 911 613
78 834 510
79 786 449
80 772 732
81 776 461
82 749 533
83 825 882
84 401 275
85 965 597
86 760 479
87 841 501
88 901 531
89 443 318
90 771 511
91 854 615
92 821 631
93 734 539
94 705 577
95 773 573
96 646 327
97 842 630
98 806 436
99 960 576
100 350 337
101 828 580
102 876 502
103 532 332
104 518 383
105 770 509
106 251 3
107 264 445
108 817 655
109 493 395
110 777 522
111 525 263
112 793 632
113 713 403
114 810 633
115 837 649
116 757 561
117 766 750
118 411 544
119 315 293
120 362 490
121 484 275
122 754 590
123 736 784
124 911 461
125 882 671
126 845 506
127 895 582
128 453 298
129 581 300
130 472 372
131 828 569
132 296 298
133 766 642
134 461 360
135 771 657
136 727 553
137 883 400
138 853 527
139 748 466
140 447 363
141 884 716
142 953 573
143 748 499
144 818 424
145 761 559
146 754 551
147 915 521
148 802 462
149 997 502
150 411 333
151 797 466
152 873 543
153 902 534
154 981 614
155 843 695
156 796 701
157 459 378
158 681 627
159 781 616
160 726 474
161 407 302
162 782 644
163 832 667
164 575 296
165 788 619
166 430 313
167 593 548
168 945 400
169 490 287
170 772 449
171 419 448
172 499 256
173 427 245
174 720 625
175 871 555
176 701 703
177 859 496
178 925 476
179 790 585
180 811 591
181 991 637
182 902 569
183 405 298
184 861 389
185 394 306
186 942 611
187 912 528
188 876 663
189 399 126
190 850 696
PICKUP_AND_DELIVERY_SECTION
1 0 0 0 0 0 0
2 0 0 0 0 2.28 0.72
3 0 0 0 0 4.46402 2.53598
4 0 0 0 0 1.49355 0.506448
5 0 0 0 0 2.20567 1.79433
6 0 0 0 0 1.72905 1.27095
7 0 0 0 0 1.31009 0.689913
8 0 0 0 0 3.309 0.690998
9 0 0 0 0 0.697703 0.302297
10 0 0 0 0 4.64748 1.35252
11 0 0 0 0 3.80189 2.19811
12 0 0 0 0 8.68923 0.310773
13 0 0 0 0 1.15422 0.845783
14 0 0 0 0 2.11523 1.88477
15 0 0 0 0 0.934307 0.0656934
16 0 0 0 0 5.82974 2.17026
17 0 0 0 0 3.98113 0.0188679
18 0 0 0 0 1.77943 0.22057
19 0 0 0 0 3.22445 1.77555
20 0 0 0 0 1.49171 2.50829
21 0 0 0 0 7.12679 1.87321
22 0 0 0 0 7.20607 2.79393
23 0 0 0 0 4.94404 3.05596
24 0 0 0 0 0.783375 0.216625
25 0 0 0 0 4.51033 3.48967
26 0 0 0 0 2.28518 2.71482
27 0 0 0 0 5.43825 1.56175
28 0 0 0 0 7.5 2.5
29 0 0 0 0 1.86885 1.13115
30 0 0 0 0 2.13202 0.867978
31 0 0 0 0 5.45214 3.54786
32 0 0 0 0 0.876404 0.123596
33 0 0 0 0 2.04024 0.959759
34 0 0 0 0 7.24847 1.75153
35 0 0 0 0 3.38071 2.61929
36 0 0 0 0 3.42784 1.57216
37 0 0 0 0 4.39334 2.60666
38 0 0 0 0 6.60403 1.39597
39 0 0 0 0 3.8155 2.1845
40 0 0 0 0 3.07692 1.92308
41 0 0 0 0 2.77542 1.22458
42 0 0 0 0 6.15982 3.84018
43 0 0 0 0 5.61039 2.38961
44 0 0 0 0 3.0819 1.9181
45 0 0 0 0 4.67181 2.32819
46 0 0 0 0 4.47154 0.528455
47 0 0 0 0 4.48544 1.51456
48 0 0 0 0 1.14874 0.851259
49 0 0 0 0 0.655814 0.344186
50 0 0 0 0 2.25 0.75
51 0 0 0 0 4.46313 1.53687
52 0 0 0 0 1.70194 0.298063
53 0 0 0 0 1.60488 1.39512
54 0 0 0 0 3.15493 0.84507
55 0 0 0 0 0.64938 0.35062
56 0 0 0 0 5.28696 1.71304
57 0 0 0 0 2.08333 0.916667
58 0 0 0 0 2.03917 2.96083
59 0 0 0 0 6.29371 3.70629
60 0 0 0 0 3.76058 1.23942
61 0 0 0 0 8.86922 0.130779
62 0 0 0 0 0.663255 0.336745
63 0 0 0 0 5.76271 2.23729
64 0 0 0 0 2.89749 3.10251
65 0 0 0 0 1.07393 1.92607
66 0 0 0 0 1.58134 0.41866
67 0 0 0 0 3.61034 4.38966
68 0 0 0 0 0.895792 0.104208
69 0 0 0 0 2.84848 1.15152
70 0 0 0 0 3.02908 0.970923
71 0 0 0 0 5.62017 3.37983
72 0 0 0 0 2.67699 2.32301
73 0 0 0 0 3.19647 0.803532
74 0 0 0 0 2.3522 1.6478
75 0 0 0 0 4.09091 0.909091
76 0 0 0 0 3.26418 0.735823
77 0 0 0 0 6.05598 2.94402
78 0 0 0 0 3.66906 2.33094
79 0 0 0 0 0.571247 0.428753
80 0 0 0 0 9.48187 0.518135
81 0 0 0 0 5.94072 4.05928
82 0 0 0 0 6.40454 2.59546
83 0 0 0 0 2.80612 0.193878
84 0 0 0 0 2.05736 0.942643
85 0 0 0 0 6.18653 3.81347
86 0 0 0 0 6.30263 3.69737
87 0 0 0 0 4.76576 3.23424
88 0 0 0 0 2.35738 1.64262
89 0 0 0 0 5.02483 1.97517
90 0 0 0 0 4.63943 2.36057
91 0 0 0 0 4.32084 1.67916
92 0 0 0 0 6.1486 1.8514
93 0 0 0 0 5.14033 1.85967
94 0 0 0 0 4.91064 1.08936
95 0 0 0 0 5.18887 1.81113
96 0 0 0 0 1.01238 0.987616
97 0 0 0 0 2.24466 0.755344
98 0 0 0 0 4.86849 4.13151
99 0 0 0 0 5.4 3.6
100 0 0 0 0 9.62857 0.371429
101 0 0 0 0 2.80193 1.19807
102 0 0 0 0 2.8653 2.1347
103 0 0 0 0 0.62406 0.37594
104 0 0 0 0 5.91506 2.08494
105 0 0 0 0 3.96623 2.03377
106 0 0 0 0 0.059761 4.94024
107 0 0 0 0 0.593258 0.406742
108 0 0 0 0 4.00857 0.991432
109 0 0 0 0 5.60852 1.39148
110 0 0 0 0 0.671815 0.328185
111 0 0 0 0 3.50667 3.49333
112 0 0 0 0 4.78184 1.21816
113 0 0 0 0 3.3913 2.6087
114 0 0 0 0 6.25185 1.74815
115 0 0 0 0 3.10155 0.898447
116 0 0 0 0 5.92867 2.07133
117 0 0 0 0 8.81201 0.18799
118 0 0 0 0 2.26654 0.733456
119 0 0 0 0 0.930159 0.0698413
120 0 0 0 0 5.17143 1.82857
121 0 0 0 0 2.84091 2.15909
122 0 0 0 0 0.782493 0.217507
123 0 0 0 0 9.38776 0.612245
124 0 0 0 0 3.54226 3.45774
125 0 0 0 0 3.80385 1.19615
126 0 0 0 0 1.19763 0.802367
127 0 0 0 0 5.20223 2.79777
128 0 0 0 0 3.28918 1.71082
129 0 0 0 0 3.09811 2.90189
130 0 0 0 0 5.51695 1.48305
131 0 0 0 0 4.81039 2.18961
132 0 0 0 0 2.97987 0.0201342
133 0 0 0 0 4.1906 0.809399
134 0 0 0 0 1.56182 0.438178
135 0 0 0 0 3.40856 0.59144
136 0 0 0 0 7.6066 2.3934
137 0 0 0 0 1.359 1.641
138 0 0 0 0 1.23564 0.764361
139 0 0 0 0 2.49198 1.50802
140 0 0 0 0 6.49664 1.50336
141 0 0 0 0 8.09955 1.90045
142 0 0 0 0 1.80378 1.19622
143 0 0 0 0 4.66979 2.33021
144 0 0 0 0 3.11002 2.88998
145 0 0 0 0 2.20368 0.796321
146 0 0 0 0 5.84615 2.15385
147 0 0 0 0 2.2776 1.7224
148 0 0 0 0 3.45636 2.54364
149 0 0 0 0 5.03511 4.96489
150 0 0 0 0 3.24088 0.759124
151 0 0 0 0 5.84693 4.15307
152 0 0 0 0 0.621993 0.378007
153 0 0 0 0 0.592018 0.407982
154 0 0 0 0 3.12946 1.87054
155 0 0 0 0 7.41993 1.58007
156 0 0 0 0 3.52261 0.477387
157 0 0 0 0 2.47059 0.529412
158 0 0 0 0 9.20705 0.792952
159 0 0 0 0 2.3662 0.633803
160 0 0 0 0 5.87603 3.12397
161 0 0 0 0 5.1941 1.8059
162 0 0 0 0 4.94118 1.05882
163 0 0 0 0 6.41346 1.58654
164 0 0 0 0 5.14783 4.85217
165 0 0 0 0 5.49873 1.50127
166 0 0 0 0 7.27907 2.72093
167 0 0 0 0 9.24115 0.758853
168 0 0 0 0 2.53968 3.46032
169 0 0 0 0 0.585714 0.414286
170 0 0 0 0 0.581606 0.418394
171 0 0 0 0 0.935268 0.0647321
172 0 0 0 0 2.0521 1.9479
173 0 0 0 0 4.59016 3.40984
174 0 0 0 0 3.47222 0.527778
175 0 0 0 0 6.37199 3.62801
176 0 0 0 0 4.98578 0.0142248
177 0 0 0 0 2.30966 1.69034
178 0 0 0 0 3.60216 3.39784
179 0 0 0 0 7.40506 2.59494
180 0 0 0 0 6.55857 2.44143
181 0 0 0 0 0.642785 0.357215
182 0 0 0 0 3.78492 2.21508
183 0 0 0 0 6.62222 2.37778
184 0 0 0 0 1.3554 1.6446
185 0 0 0 0 6.2132 1.7868
186 0 0 0 0 3.2431 1.7569
187 0 0 0 0 5.21053 3.78947
188 0 0 0 0 6.05479 1.94521
189 0 0 0 0 0.315789 0.684211
190 0 0 0 0 4.09412 0.905882
