NAME : X-n110-k13
COMMENT : "Generated by Uchoa, Pecin, Pessoa, Poggi, Subramanian, and Vidal (2013)"
TYPE : CVRP
DIMENSION : 110
EDGE_WEIGHT_TYPE : EUC_2D
CAPACITY : 66
NODE_COORD_SECTION
1 500 500
2 740 442
3 261 710
4 578 522
5 482 914
6 628 644
7 551 651
8 828 54
9 541 270
10 450 1000
11 521 127
12 738 809
13 323 289
14 803 214
15 556 488
16 758 937
17 875 326
18 113 509
19 491 726
20 415 355
21 946 632
22 136 120
23 117 971
24 817 246
25 491 845
26 454 801
27 676 995
28 145 557
29 166 494
30 977 318
31 363 711
32 164 501
33 833 501
34 444 958
35 828 672
36 714 57
37 51 676
38 922 16
39 673 571
40 211 471
41 590 220
42 305 311
43 953 745
44 154 753
45 918 227
46 819 671
47 675 667
48 617 176
49 706 179
50 512 443
51 302 453
52 753 786
53 331 450
54 765 990
55 249 360
56 292 887
57 371 804
58 786 186
59 382 284
60 44 552
61 107 895
62 108 928
63 523 264
64 397 120
65 25 769
66 98 623
67 946 978
68 815 696
69 314 361
70 447 695
71 878 243
72 341 648
73 363 0
74 675 83
75 998 520
76 98 111
77 267 902
78 628 746
79 940 409
80 786 488
81 323 674
82 986 151
83 790 150
84 180 944
85 533 816
86 750 789
87 589 125
88 640 911
89 99 216
90 754 659
91 828 357
92 597 587
93 929 655
94 159 781
95 955 6
96 63 435
97 130 302
98 954 687
99 866 879
100 131 686
101 519 220
102 454 928
103 415 916
104 468 833
105 109 859
106 806 568
107 907 703
108 821 135
109 622 561
110 482 689
PICKUP_AND_DELIVERY_SECTION
1 0 0 0 0 0 0
2 0 0 0 0 4.77838 3.22162
3 0 0 0 0 3.67606 6.32394
4 0 0 0 0 7.22491 0.775087
5 0 0 0 0 2.63676 2.36324
6 0 0 0 0 9.75155 0.248447
7 0 0 0 0 4.23195 0.768049
8 0 0 0 0 0.586957 8.41304
9 0 0 0 0 4.99076 5.00924
10 0 0 0 0 2.7 3.3
11 0 0 0 0 1.21881 3.78119
12 0 0 0 0 9.12237 0.877627
13 0 0 0 0 4.47368 0.526316
14 0 0 0 0 2.39851 6.60149
15 0 0 0 0 8.77698 1.22302
16 0 0 0 0 5.66275 1.33725
17 0 0 0 0 3.35314 5.64686
18 0 0 0 0 1.55403 5.44597
19 0 0 0 0 5.41047 2.58953
20 0 0 0 0 4.27711 0.722892
21 0 0 0 0 5.34461 2.65539
22 0 0 0 0 8.82353 1.17647
23 0 0 0 0 0.722966 5.27703
24 0 0 0 0 2.40881 5.59119
25 0 0 0 0 4.06746 2.93254
26 0 0 0 0 3.40075 2.59925
27 0 0 0 0 4.75578 2.24422
28 0 0 0 0 1.30162 3.69838
29 0 0 0 0 3.36032 6.63968
30 0 0 0 0 3.25486 6.74514
31 0 0 0 0 2.55274 2.44726
32 0 0 0 0 2.29142 4.70858
33 0 0 0 0 3.0072 1.9928
34 0 0 0 0 4.63466 5.36534
35 0 0 0 0 4.86957 1.13043
36 0 0 0 0 0.558824 6.44118
37 0 0 0 0 0.678994 8.32101
38 0 0 0 0 0.121475 6.87852
39 0 0 0 0 5.93908 1.06092
40 0 0 0 0 2.6879 3.3121
41 0 0 0 0 2.61017 4.38983
42 0 0 0 0 9.80707 0.192926
43 0 0 0 0 6.25393 1.74607
44 0 0 0 0 2.04515 7.95485
45 0 0 0 0 1.48366 4.51634
46 0 0 0 0 8.19292 1.80708
47 0 0 0 0 7.90519 0.0948148
48 0 0 0 0 1.71151 4.28849
49 0 0 0 0 2.53541 7.46459
50 0 0 0 0 6.92188 1.07812
51 0 0 0 0 6.66667 3.33333
52 0 0 0 0 9.58015 0.419847
53 0 0 0 0 4.41333 1.58667
54 0 0 0 0 3.86364 1.13636
55 0 0 0 0 3.45833 1.54167
56 0 0 0 0 3.292 6.708
57 0 0 0 0 2.30721 2.69279
58 0 0 0 0 2.36641 7.63359
59 0 0 0 0 5.94764 2.05236
60 0 0 0 0 0.637681 7.36232
61 0 0 0 0 0.597765 4.40223
62 0 0 0 0 0.698276 5.30172
63 0 0 0 0 3.53346 3.46654
64 0 0 0 0 2.41814 5.58186
65 0 0 0 0 0.292588 8.70741
66 0 0 0 0 1.57303 8.42697
67 0 0 0 0 7.73824 0.261759
68 0 0 0 0 4.26994 0.730061
69 0 0 0 0 5.21884 0.781163
70 0 0 0 0 6.43165 3.56835
71 0 0 0 0 2.21412 5.78588
72 0 0 0 0 2.63117 2.36883
73 0 0 0 0 0 10
74 0 0 0 0 1.10667 7.89333
75 0 0 0 0 3.64729 3.35271
76 0 0 0 0 5.2973 0.702703
77 0 0 0 0 2.07206 4.92794
78 0 0 0 0 5.89276 1.10724
79 0 0 0 0 2.61064 3.38936
80 0 0 0 0 5.58779 3.41221
81 0 0 0 0 2.87537 3.12463
82 0 0 0 0 1.53144 8.46856
83 0 0 0 0 1.70886 7.29114
84 0 0 0 0 1.90678 8.09322
85 0 0 0 0 3.26593 1.73407
86 0 0 0 0 4.75285 0.247148
87 0 0 0 0 1.48557 5.51443
88 0 0 0 0 5.6202 2.3798
89 0 0 0 0 4.58333 5.41667
90 0 0 0 0 8.74005 1.25995
91 0 0 0 0 4.31159 5.68841
92 0 0 0 0 7.866 0.134003
93 0 0 0 0 6.34553 2.65447
94 0 0 0 0 1.22151 4.77849
95 0 0 0 0 0.0376963 5.9623
96 0 0 0 0 0.724138 4.27586
97 0 0 0 0 2.58278 3.41722
98 0 0 0 0 5.76101 2.23899
99 0 0 0 0 4.92605 0.0739477
100 0 0 0 0 1.71866 7.28134
101 0 0 0 0 2.11946 2.88054
102 0 0 0 0 2.44612 2.55388
103 0 0 0 0 2.71834 3.28166
104 0 0 0 0 3.37095 2.62905
105 0 0 0 0 0.634459 4.36554
106 0 0 0 0 3.52357 1.47643
107 0 0 0 0 5.42558 1.57442
108 0 0 0 0 1.15104 5.84896
109 0 0 0 0 8.11736 0.882637
110 0 0 0 0 6.29608 2.70392
