NAME : X-n153-k22
COMMENT : "Generated by Uchoa, Pecin, Pessoa, Poggi, Subramanian, and Vidal (2013)"
TYPE : CVRP
DIMENSION : 153
EDGE_WEIGHT_TYPE : EUC_2D
CAPACITY : 144
NODE_COORD_SECTION
1 500 500
2 238 446
3 749 750
4 960 879
5 955 866
6 202 336
7 720 788
8 695 743
9 739 603
10 217 419
11 922 870
12 703 733
13 843 856
14 233 682
15 259 459
16 226 305
17 732 722
18 747 858
19 949 784
20 904 891
21 880 795
22 591 661
23 984 926
24 246 438
25 183 501
26 546 966
27 742 771
28 110 698
29 193 441
30 215 388
31 232 516
32 907 954
33 133 526
34 750 680
35 397 553
36 103 488
37 663 731
38 784 686
39 754 821
40 280 456
41 236 424
42 287 454
43 598 728
44 996 821
45 853 710
46 744 473
47 887 907
48 286 422
49 857 633
50 272 484
51 934 625
52 939 892
53 810 732
54 631 723
55 822 694
56 769 768
57 977 840
58 639 736
59 727 765
60 950 896
61 206 433
62 207 535
63 164 586
64 754 691
65 662 768
66 348 308
67 254 455
68 130 482
69 764 726
70 713 758
71 965 934
72 693 734
73 890 801
74 808 675
75 393 484
76 727 808
77 955 756
78 854 640
79 249 552
80 188 479
81 187 506
82 901 767
83 664 770
84 558 530
85 714 742
86 979 683
87 200 416
88 294 391
89 344 471
90 240 449
91 735 633
92 944 952
93 157 421
94 768 750
95 813 936
96 534 720
97 986 914
98 963 798
99 905 579
100 175 397
101 972 940
102 184 561
103 357 399
104 859 770
105 661 762
106 298 469
107 14 438
108 275 561
109 856 919
110 219 453
111 272 465
112 294 296
113 754 775
114 229 467
115 946 778
116 711 803
117 858 879
118 665 347
119 981 802
120 924 973
121 267 545
122 760 764
123 942 894
124 219 465
125 665 756
126 92 212
127 920 940
128 937 814
129 804 654
130 281 489
131 669 647
132 308 309
133 998 876
134 900 910
135 753 900
136 873 706
137 209 467
138 991 966
139 766 729
140 341 458
141 897 957
142 224 368
143 818 679
144 707 703
145 280 450
146 252 462
147 717 683
148 458 236
149 989 489
150 278 356
151 144 446
152 991 818
153 831 812
PICKUP_AND_DELIVERY_SECTION
1 0 0 0 0 0 0
2 0 0 0 0 49.0942 42.9058
3 0 0 0 0 89.88 0.12
4 0 0 0 0 59.5156 5.48437
5 0 0 0 0 72.5445 7.4555
6 0 0 0 0 41.4821 27.5179
7 0 0 0 0 58.4772 5.52284
8 0 0 0 0 68.284 4.71602
9 0 0 0 0 78.3329 17.6671
10 0 0 0 0 38.3246 35.6754
11 0 0 0 0 76.4317 4.56833
12 0 0 0 0 64.2578 2.74216
13 0 0 0 0 57.1192 0.880841
14 0 0 0 0 26.9897 52.0103
15 0 0 0 0 47.963 37.037
16 0 0 0 0 42.2361 14.7639
17 0 0 0 0 88.7705 1.22951
18 0 0 0 0 73.1329 10.8671
19 0 0 0 0 69.3952 14.6048
20 0 0 0 0 90.677 1.32301
21 0 0 0 0 78.5966 8.40341
22 0 0 0 0 84.9395 10.0605
23 0 0 0 0 62.1098 3.89024
24 0 0 0 0 48.3014 37.6986
25 0 0 0 0 32.8743 57.1257
26 0 0 0 0 53.1304 40.8696
27 0 0 0 0 80.8405 3.15953
28 0 0 0 0 15.4441 82.5559
29 0 0 0 0 28.4467 36.5533
30 0 0 0 0 37.6804 30.3196
31 0 0 0 0 32.8217 40.1783
32 0 0 0 0 48.4874 2.51258
33 0 0 0 0 1.51711 4.48289
34 0 0 0 0 6.34667 0.653333
35 0 0 0 0 4.30741 1.69259
36 0 0 0 0 0.633197 2.3668
37 0 0 0 0 1.81395 0.186047
38 0 0 0 0 2.625 0.375
39 0 0 0 0 6.42875 0.571255
40 0 0 0 0 1.22807 0.77193
41 0 0 0 0 5.00943 3.99057
42 0 0 0 0 0.632159 0.367841
43 0 0 0 0 4.92857 1.07143
44 0 0 0 0 3.29719 0.702811
45 0 0 0 0 6.65885 1.34115
46 0 0 0 0 1.27151 0.728495
47 0 0 0 0 7.82359 0.176406
48 0 0 0 0 3.38863 1.61137
49 0 0 0 0 6.64761 2.35239
50 0 0 0 0 1.12397 0.876033
51 0 0 0 0 0.669165 0.330835
52 0 0 0 0 2.84984 0.15016
53 0 0 0 0 8.13333 0.866667
54 0 0 0 0 6.98202 1.01798
55 0 0 0 0 7.59854 1.40146
56 0 0 0 0 5.9922 0.00780234
57 0 0 0 0 0.859775 0.140225
58 0 0 0 0 3.47283 0.527174
59 0 0 0 0 7.60261 0.397386
60 0 0 0 0 2.82947 0.170526
61 0 0 0 0 2.37875 2.62125
62 0 0 0 0 1.16075 1.83925
63 0 0 0 0 0.559727 1.44027
64 0 0 0 0 3.66578 0.334218
65 0 0 0 0 8.61979 1.38021
66 0 0 0 0 3.54023 0.45977
67 0 0 0 0 3.90769 3.09231
68 0 0 0 0 2.15768 5.84232
69 0 0 0 0 8.55236 0.447644
70 0 0 0 0 7.52507 0.474934
71 0 0 0 0 3.8715 0.128497
72 0 0 0 0 7.55313 0.446866
73 0 0 0 0 4.5 0.5
74 0 0 0 0 0.835396 0.164604
75 0 0 0 0 7.30785 1.69215
76 0 0 0 0 4.49876 0.501238
77 0 0 0 0 4.74974 1.25026
78 0 0 0 0 6.74473 2.25527
79 0 0 0 0 1.35326 1.64674
80 0 0 0 0 1.17745 1.82255
81 0 0 0 0 2.95652 5.04348
82 0 0 0 0 5.10766 0.892342
83 0 0 0 0 7.76104 1.23896
84 0 0 0 0 3.79928 0.200717
85 0 0 0 0 2.88679 0.113208
86 0 0 0 0 3.48825 1.51175
87 0 0 0 0 4.32692 4.67308
88 0 0 0 0 3.75959 1.24041
89 0 0 0 0 1.46072 0.539278
90 0 0 0 0 2.13808 1.86192
91 0 0 0 0 3.4449 0.555102
92 0 0 0 0 7.93277 0.0672269
93 0 0 0 0 3.72922 6.27078
94 0 0 0 0 3.90625 0.09375
95 0 0 0 0 4.34295 0.657051
96 0 0 0 0 1.48333 0.516667
97 0 0 0 0 2.78093 0.219067
98 0 0 0 0 0.82866 0.17134
99 0 0 0 0 1.91934 1.08066
100 0 0 0 0 0.440806 0.559194
101 0 0 0 0 9.67078 0.329218
102 0 0 0 0 0.327986 0.672014
103 0 0 0 0 6.26316 0.736842
104 0 0 0 0 4.48196 0.518044
105 0 0 0 0 0.867454 0.132546
106 0 0 0 0 4.44776 2.55224
107 0 0 0 0 0.255708 7.74429
108 0 0 0 0 4.90196 5.09804
109 0 0 0 0 8.38303 0.616975
110 0 0 0 0 0.483444 0.516556
111 0 0 0 0 2.33978 1.66022
112 0 0 0 0 6.9527 0.0472973
113 0 0 0 0 5.83742 0.162581
114 0 0 0 0 0.980728 1.01927
115 0 0 0 0 3.28964 0.710359
116 0 0 0 0 4.42715 0.572852
117 0 0 0 0 1.95222 0.0477816
118 0 0 0 0 0.521805 0.478195
119 0 0 0 0 4.08767 0.912334
120 0 0 0 0 5.69784 0.302158
121 0 0 0 0 1.46972 1.53028
122 0 0 0 0 1.98953 0.0104712
123 0 0 0 0 6.64331 0.356688
124 0 0 0 0 4.23871 4.76129
125 0 0 0 0 0.87963 0.12037
126 0 0 0 0 0.433962 0.566038
127 0 0 0 0 4.89362 0.106383
128 0 0 0 0 6.94984 1.05016
129 0 0 0 0 6.50746 1.49254
130 0 0 0 0 1.14928 0.850716
131 0 0 0 0 6.76981 0.230194
132 0 0 0 0 4.98382 0.0161812
133 0 0 0 0 7.8998 1.1002
134 0 0 0 0 4.94505 0.0549451
135 0 0 0 0 6.69333 1.30667
136 0 0 0 0 4.04353 0.956472
137 0 0 0 0 4.02784 4.97216
138 0 0 0 0 0.974773 0.025227
139 0 0 0 0 5.71018 0.289817
140 0 0 0 0 0.744541 0.255459
141 0 0 0 0 8.43574 0.564263
142 0 0 0 0 5.47826 3.52174
143 0 0 0 0 2.49022 0.50978
144 0 0 0 0 0.994342 0.00565771
145 0 0 0 0 4.97778 3.02222
146 0 0 0 0 1.09091 0.909091
147 0 0 0 0 7.62064 0.379358
148 0 0 0 0 4.12227 3.87773
149 0 0 0 0 4.94439 5.05561
150 0 0 0 0 7.02809 1.97191
151 0 0 0 0 0.32287 0.67713
152 0 0 0 0 0.825429 0.174571
153 0 0 0 0 7.81709 0.182912
