NAME : X-n242-k48
COMMENT : "Generated by Uchoa, Pecin, Pessoa, Poggi, Subramanian, and Vidal (2013)"
TYPE : CVRP
DIMENSION : 242
EDGE_WEIGHT_TYPE : EUC_2D
CAPACITY : 28
NODE_COORD_SECTION
1 0 0
2 346 793
3 692 966
4 171 666
5 287 795
6 93 919
7 712 216
8 991 988
9 475 266
10 71 307
11 83 987
12 518 392
13 807 134
14 377 164
15 692 127
16 701 530
17 831 255
18 938 210
19 873 127
20 569 817
21 796 379
22 6 182
23 917 620
24 728 936
25 157 644
26 668 333
27 564 876
28 861 333
29 70 79
30 330 931
31 513 308
32 230 725
33 896 107
34 234 758
35 911 970
36 177 587
37 697 37
38 947 615
39 861 54
40 620 667
41 739 572
42 861 818
43 917 398
44 555 473
45 992 303
46 701 695
47 588 974
48 556 781
49 627 213
50 19 93
51 837 398
52 277 133
53 521 177
54 694 875
55 575 428
56 949 337
57 752 458
58 432 417
59 173 459
60 881 966
61 101 210
62 270 113
63 951 30
64 959 856
65 554 981
66 72 873
67 681 319
68 149 612
69 799 203
70 30 618
71 92 644
72 997 104
73 727 707
74 163 790
75 364 966
76 119 969
77 931 207
78 820 844
79 630 384
80 721 103
81 209 814
82 176 751
83 476 638
84 76 178
85 62 523
86 737 499
87 442 611
88 42 123
89 194 726
90 835 589
91 521 825
92 554 637
93 11 702
94 129 540
95 659 941
96 122 683
97 123 119
98 111 386
99 253 262
100 338 989
101 844 543
102 596 175
103 657 234
104 369 551
105 688 921
106 228 473
107 676 942
108 463 128
109 875 97
110 982 861
111 67 607
112 445 748
113 828 305
114 659 433
115 43 98
116 216 200
117 673 668
118 387 303
119 768 421
120 258 543
121 737 698
122 124 97
123 859 222
124 130 599
125 52 803
126 157 460
127 888 289
128 970 456
129 854 776
130 600 549
131 877 51
132 992 969
133 80 304
134 893 539
135 805 76
136 990 256
137 873 464
138 306 119
139 101 574
140 836 204
141 74 223
142 438 996
143 150 894
144 979 964
145 733 939
146 716 390
147 787 27
148 947 450
149 599 860
150 893 538
151 801 106
152 846 847
153 627 625
154 553 193
155 435 902
156 860 100
157 472 765
158 605 123
159 887 327
160 752 426
161 996 198
162 789 612
163 803 935
164 361 801
165 760 739
166 170 958
167 786 418
168 107 470
169 531 586
170 646 977
171 892 113
172 486 445
173 778 834
174 438 499
175 128 494
176 572 1000
177 174 964
178 599 871
179 957 677
180 518 177
181 93 349
182 506 454
183 792 919
184 55 284
185 116 755
186 368 125
187 502 114
188 994 392
189 523 837
190 721 780
191 907 303
192 719 842
193 799 638
194 928 824
195 280 162
196 697 736
197 131 96
198 680 683
199 850 512
200 972 443
201 913 538
202 499 296
203 296 811
204 664 100
205 237 179
206 232 621
207 252 659
208 474 107
209 401 630
210 556 126
211 804 296
212 180 632
213 405 387
214 475 300
215 992 105
216 137 104
217 454 340
218 821 145
219 307 108
220 780 725
221 453 269
222 756 679
223 196 467
224 120 954
225 512 344
226 266 435
227 559 986
228 248 22
229 446 627
230 672 964
231 247 606
232 834 425
233 269 568
234 115 328
235 565 915
236 621 421
237 701 511
238 70 610
239 771 636
240 937 537
241 664 187
242 840 406
PICKUP_AND_DELIVERY_SECTION
1 0 0 0 0 0 0
2 0 0 0 0 2.61791 3.38209
3 0 0 0 0 1.43271 0.567288
4 0 0 0 0 0.513514 1.48649
5 0 0 0 0 0.361006 0.638994
6 0 0 0 0 0.809576 7.19042
7 0 0 0 0 0.910112 2.08989
8 0 0 0 0 0.996973 0.00302725
9 0 0 0 0 2.24 1.76
10 0 0 0 0 1.61889 5.38111
11 0 0 0 0 0.840932 9.15907
12 0 0 0 0 3.02703 0.972973
13 0 0 0 0 0.996283 5.00372
14 0 0 0 0 3.91512 5.08488
15 0 0 0 0 1.28468 5.71532
16 0 0 0 0 1.51213 0.487874
17 0 0 0 0 1.84116 4.15884
18 0 0 0 0 0.447761 1.55224
19 0 0 0 0 0.290951 1.70905
20 0 0 0 0 3.48225 1.51775
21 0 0 0 0 1.90452 2.09548
22 0 0 0 0 0.197802 5.8022
23 0 0 0 0 2.70447 1.29553
24 0 0 0 0 7.77778 2.22222
25 0 0 0 0 0.243789 0.756211
26 0 0 0 0 0.498503 0.501497
27 0 0 0 0 0.643836 0.356164
28 0 0 0 0 1.16028 1.83972
29 0 0 0 0 0.886076 0.113924
30 0 0 0 0 1.41783 2.58217
31 0 0 0 0 3.60234 2.39766
32 0 0 0 0 0.317241 0.682759
33 0 0 0 0 0.835938 6.16406
34 0 0 0 0 2.77836 6.22164
35 0 0 0 0 6.57423 0.425773
36 0 0 0 0 0.9046 2.0954
37 0 0 0 0 0.530846 9.46915
38 0 0 0 0 6.49419 3.50581
39 0 0 0 0 0.376307 5.62369
40 0 0 0 0 3.71814 0.281859
41 0 0 0 0 0.774019 0.225981
42 0 0 0 0 2.85017 0.149826
43 0 0 0 0 4.34024 5.65976
44 0 0 0 0 8.52252 1.47748
45 0 0 0 0 2.1381 4.8619
46 0 0 0 0 8.92297 0.0770328
47 0 0 0 0 6.03696 3.96304
48 0 0 0 0 5.69526 2.30474
49 0 0 0 0 1.35885 2.64115
50 0 0 0 0 2.04301 7.95699
51 0 0 0 0 3.32855 3.67145
52 0 0 0 0 3.36101 3.63899
53 0 0 0 0 2.37812 4.62188
54 0 0 0 0 3.96571 1.03429
55 0 0 0 0 0.744348 0.255652
56 0 0 0 0 1.06533 1.93467
57 0 0 0 0 4.87234 3.12766
58 0 0 0 0 9.65278 0.347222
59 0 0 0 0 2.63834 4.36166
60 0 0 0 0 2.73602 0.263975
61 0 0 0 0 2.88571 3.11429
62 0 0 0 0 1.25556 1.74444
63 0 0 0 0 0.283912 8.71609
64 0 0 0 0 6.24818 0.751825
65 0 0 0 0 5.6473 4.3527
66 0 0 0 0 0.494845 5.50515
67 0 0 0 0 2.34214 2.65786
68 0 0 0 0 1.94771 6.05229
69 0 0 0 0 2.03254 5.96746
70 0 0 0 0 0.242718 4.75728
71 0 0 0 0 0.285714 1.71429
72 0 0 0 0 0.521565 4.47844
73 0 0 0 0 7.77992 0.220083
74 0 0 0 0 0.206329 0.793671
75 0 0 0 0 2.63768 4.36232
76 0 0 0 0 1.22807 8.77193
77 0 0 0 0 2.00107 6.99893
78 0 0 0 0 6.80095 0.199052
79 0 0 0 0 5.48571 3.51429
80 0 0 0 0 1 6
81 0 0 0 0 1.28378 3.71622
82 0 0 0 0 0.468708 1.53129
83 0 0 0 0 3.73041 1.26959
84 0 0 0 0 1.70787 2.29213
85 0 0 0 0 0.711281 5.28872
86 0 0 0 0 6.77069 3.22931
87 0 0 0 0 2.17021 0.829787
88 0 0 0 0 2.04878 3.95122
89 0 0 0 0 0.801653 2.19835
90 0 0 0 0 4.23234 1.76766
91 0 0 0 0 2.52606 1.47394
92 0 0 0 0 2.60911 0.390895
93 0 0 0 0 0.0470085 2.95299
94 0 0 0 0 1.67222 5.32778
95 0 0 0 0 4.20191 1.79809
96 0 0 0 0 1.07174 4.92826
97 0 0 0 0 8.70732 0.292683
98 0 0 0 0 1.72539 4.27461
99 0 0 0 0 4.82824 0.171756
100 0 0 0 0 3.41759 6.58241
101 0 0 0 0 4.50355 2.49645
102 0 0 0 0 2.93624 7.06376
103 0 0 0 0 1.06849 1.93151
104 0 0 0 0 0.669691 0.330309
105 0 0 0 0 1.49403 0.505972
106 0 0 0 0 0.48203 0.51797
107 0 0 0 0 5.74098 2.25902
108 0 0 0 0 1.65875 4.34125
109 0 0 0 0 0.554286 4.44571
110 0 0 0 0 8.76782 1.23218
111 0 0 0 0 0.99341 8.00659
112 0 0 0 0 4.16444 2.83556
113 0 0 0 0 2.21014 3.78986
114 0 0 0 0 4.59939 2.40061
115 0 0 0 0 1.7551 2.2449
116 0 0 0 0 8.33333 0.666667
117 0 0 0 0 0.992571 0.00742942
118 0 0 0 0 5.48062 1.51938
119 0 0 0 0 1.09635 0.903646
120 0 0 0 0 4.27624 4.72376
121 0 0 0 0 1.89417 0.105834
122 0 0 0 0 7.82258 2.17742
123 0 0 0 0 0.25844 0.74156
124 0 0 0 0 1.30217 4.69783
125 0 0 0 0 0.259029 3.74097
126 0 0 0 0 1.02391 1.97609
127 0 0 0 0 3.2545 6.7455
128 0 0 0 0 1.88041 2.11959
129 0 0 0 0 0.908665 0.0913349
130 0 0 0 0 9.15 0.85
131 0 0 0 0 0.290764 4.70924
132 0 0 0 0 2.93044 0.0695565
133 0 0 0 0 2.36842 6.63158
134 0 0 0 0 4.82867 3.17133
135 0 0 0 0 0.28323 2.71677
136 0 0 0 0 0.258586 0.741414
137 0 0 0 0 5.31501 4.68499
138 0 0 0 0 1.55556 2.44444
139 0 0 0 0 0.879791 4.12021
140 0 0 0 0 0.488038 1.51196
141 0 0 0 0 1.32735 2.67265
142 0 0 0 0 0.439759 0.560241
143 0 0 0 0 0.671141 3.32886
144 0 0 0 0 5.90807 0.0919305
145 0 0 0 0 2.34185 0.658147
146 0 0 0 0 3.81285 3.18715
147 0 0 0 0 0.102922 2.89708
148 0 0 0 0 2.85111 3.14889
149 0 0 0 0 3.48256 1.51744
150 0 0 0 0 0.602464 0.397536
151 0 0 0 0 0.397004 2.603
152 0 0 0 0 8.98937 0.0106257
153 0 0 0 0 3.98724 0.0127592
154 0 0 0 0 0.698011 1.30199
155 0 0 0 0 2.89357 3.10643
156 0 0 0 0 0.581395 4.4186
157 0 0 0 0 6.16993 3.83007
158 0 0 0 0 1.42314 5.57686
159 0 0 0 0 2.21195 3.78805
160 0 0 0 0 5.66489 4.33511
161 0 0 0 0 0.39759 1.60241
162 0 0 0 0 6.20532 1.79468
163 0 0 0 0 5.15294 0.847059
164 0 0 0 0 3.15481 3.84519
165 0 0 0 0 4.86184 0.138158
166 0 0 0 0 1.06472 4.93528
167 0 0 0 0 4.25445 3.74555
168 0 0 0 0 0.22766 0.77234
169 0 0 0 0 6.343 0.656997
170 0 0 0 0 6.61208 3.38792
171 0 0 0 0 0.506726 3.49327
172 0 0 0 0 9.15638 0.843621
173 0 0 0 0 9.32854 0.671463
174 0 0 0 0 6.14429 0.855711
175 0 0 0 0 1.81377 5.18623
176 0 0 0 0 0.572 0.428
177 0 0 0 0 0.360996 1.639
178 0 0 0 0 0.687715 0.312285
179 0 0 0 0 1.41484 0.585162
180 0 0 0 0 2.39189 4.60811
181 0 0 0 0 2.39828 6.60172
182 0 0 0 0 6.28063 0.719368
183 0 0 0 0 8.61806 1.38194
184 0 0 0 0 0.774648 3.22535
185 0 0 0 0 0.460927 2.53907
186 0 0 0 0 1.01902 1.98098
187 0 0 0 0 2.27092 7.72908
188 0 0 0 0 0.788732 1.21127
189 0 0 0 0 1.87455 1.12545
190 0 0 0 0 1.84872 0.151282
191 0 0 0 0 2.67255 5.32745
192 0 0 0 0 1.70784 0.292162
193 0 0 0 0 7.18648 1.81352
194 0 0 0 0 8.87931 1.12069
195 0 0 0 0 2.89286 2.10714
196 0 0 0 0 7.57609 0.423913
197 0 0 0 0 5.8626 2.1374
198 0 0 0 0 8.96047 0.0395315
199 0 0 0 0 0.602353 0.397647
200 0 0 0 0 4.55761 5.44239
201 0 0 0 0 5.89266 4.10734
202 0 0 0 0 5.33868 3.66132
203 0 0 0 0 2.55487 4.44513
204 0 0 0 0 0.301205 1.6988
205 0 0 0 0 2.26582 0.734177
206 0 0 0 0 1.12077 1.87923
207 0 0 0 0 1.14719 1.85281
208 0 0 0 0 0.225738 0.774262
209 0 0 0 0 0.636508 0.363492
210 0 0 0 0 2.26619 7.73381
211 0 0 0 0 3.68159 6.31841
212 0 0 0 0 1.42405 3.57595
213 0 0 0 0 4.77778 0.222222
214 0 0 0 0 6.31579 3.68421
215 0 0 0 0 0.740927 6.25907
216 0 0 0 0 0.759124 0.240876
217 0 0 0 0 5.99119 2.00881
218 0 0 0 0 0.176614 0.823386
219 0 0 0 0 0.351792 0.648208
220 0 0 0 0 0.929487 0.0705128
221 0 0 0 0 2.37528 1.62472
222 0 0 0 0 4.49074 0.509259
223 0 0 0 0 3.7773 5.2227
224 0 0 0 0 0.880503 6.1195
225 0 0 0 0 6.04688 2.95312
226 0 0 0 0 4.28046 2.71954
227 0 0 0 0 1.70081 1.29919
228 0 0 0 0 0.620968 6.37903
229 0 0 0 0 4.97927 2.02073
230 0 0 0 0 1.39419 0.605809
231 0 0 0 0 2.03795 2.96205
232 0 0 0 0 2.54796 2.45204
233 0 0 0 0 3.31514 3.68486
234 0 0 0 0 0.70122 1.29878
235 0 0 0 0 6.17486 3.82514
236 0 0 0 0 2.03382 0.966184
237 0 0 0 0 3.64479 1.35521
238 0 0 0 0 0.57377 4.42623
239 0 0 0 0 4.12451 0.875486
240 0 0 0 0 1.71932 1.28068
241 0 0 0 0 1.68976 4.31024
242 0 0 0 0 1.45 1.55
