NAME : X-n219-k73
COMMENT : "Generated by Uchoa, Pecin, Pessoa, Poggi, Subramanian, and Vidal (2013)"
TYPE : CVRP
DIMENSION : 219
EDGE_WEIGHT_TYPE : EUC_2D
CAPACITY : 3
NODE_COORD_SECTION
1 0 0
2 18 761
3 835 397
4 299 16
5 31 168
6 142 257
7 242 984
8 612 357
9 663 812
10 105 188
11 487 636
12 993 703
13 672 148
14 506 259
15 953 706
16 888 203
17 107 534
18 772 692
19 475 182
20 828 775
21 719 220
22 655 722
23 844 197
24 918 600
25 460 844
26 739 102
27 301 523
28 341 627
29 989 936
30 935 602
31 44 72
32 861 67
33 163 416
34 981 503
35 722 397
36 317 903
37 547 95
38 944 106
39 935 192
40 128 376
41 908 176
42 720 226
43 738 793
44 791 498
45 712 751
46 530 693
47 141 673
48 380 544
49 634 301
50 427 853
51 606 949
52 47 557
53 48 202
54 791 67
55 546 876
56 526 842
57 535 216
58 828 214
59 829 352
60 623 473
61 374 1000
62 74 187
63 275 415
64 726 789
65 51 597
66 894 395
67 159 743
68 301 893
69 755 946
70 978 261
71 709 153
72 391 153
73 876 370
74 846 725
75 604 107
76 117 709
77 507 89
78 348 744
79 476 204
80 181 957
81 948 710
82 158 788
83 414 685
84 358 66
85 196 732
86 283 343
87 456 931
88 5 468
89 459 43
90 555 414
91 94 964
92 558 360
93 641 424
94 132 16
95 777 947
96 25 205
97 852 45
98 5 686
99 400 682
100 501 234
101 905 968
102 492 971
103 817 114
104 651 941
105 817 643
106 735 937
107 333 829
108 223 584
109 306 412
110 209 663
111 206 549
112 542 691
113 296 10
114 215 747
115 148 641
116 9 553
117 411 59
118 382 800
119 824 612
120 608 727
121 481 574
122 169 950
123 350 608
124 396 536
125 36 459
126 359 339
127 798 917
128 10 569
129 813 10
130 569 627
131 692 467
132 166 178
133 247 413
134 738 487
135 508 327
136 158 986
137 983 244
138 637 109
139 177 207
140 357 374
141 361 972
142 365 701
143 582 957
144 712 996
145 932 452
146 847 981
147 60 66
148 252 267
149 944 435
150 338 688
151 900 168
152 583 871
153 852 59
154 921 72
155 845 534
156 387 253
157 812 354
158 5 404
159 590 575
160 930 128
161 184 742
162 832 466
163 285 346
164 548 976
165 32 531
166 966 58
167 31 40
168 162 539
169 621 425
170 802 495
171 385 493
172 769 329
173 921 15
174 64 106
175 854 678
176 943 122
177 103 285
178 304 739
179 398 212
180 335 459
181 43 108
182 400 255
183 935 851
184 179 147
185 822 749
186 60 32
187 829 992
188 783 760
189 218 360
190 321 463
191 403 172
192 32 134
193 218 490
194 44 456
195 430 570
196 896 875
197 509 572
198 424 936
199 639 505
200 914 852
201 984 435
202 479 341
203 207 937
204 709 700
205 235 795
206 557 130
207 270 964
208 482 320
209 60 761
210 836 272
211 413 327
212 509 379
213 961 329
214 819 754
215 176 910
216 648 809
217 640 892
218 838 79
219 552 232
PICKUP_AND_DELIVERY_SECTION
1 0 0 0 0 0 0
2 0 0 0 0 0.0236531 0.976347
3 0 0 0 0 0.475449 0.524551
4 0 0 0 0 0.0535117 0.946488
5 0 0 0 0 0.184524 0.815476
6 0 0 0 0 0.552529 0.447471
7 0 0 0 0 0.245935 0.754065
8 0 0 0 0 0.583333 0.416667
9 0 0 0 0 0.816502 0.183498
10 0 0 0 0 0.558511 0.441489
11 0 0 0 0 0.765723 0.234277
12 0 0 0 0 0.707956 0.292044
13 0 0 0 0 0.220238 0.779762
14 0 0 0 0 0.511858 0.488142
15 0 0 0 0 0.740818 0.259182
16 0 0 0 0 0.228604 0.771396
17 0 0 0 0 0.200375 0.799625
18 0 0 0 0 0.896373 0.103627
19 0 0 0 0 0.383158 0.616842
20 0 0 0 0 0.93599 0.0640097
21 0 0 0 0 0.305981 0.694019
22 0 0 0 0 0.907202 0.0927978
23 0 0 0 0 0.233412 0.766588
24 0 0 0 0 0.653595 0.346405
25 0 0 0 0 0.545024 0.454976
26 0 0 0 0 0.138024 0.861976
27 0 0 0 0 0.575526 0.424474
28 0 0 0 0 0.54386 0.45614
29 0 0 0 0 0.946411 0.0535895
30 0 0 0 0 0.64385 0.35615
31 0 0 0 0 0.611111 0.388889
32 0 0 0 0 0.0778165 0.922184
33 0 0 0 0 0.391827 0.608173
34 0 0 0 0 0.512742 0.487258
35 0 0 0 0 0.549861 0.450139
36 0 0 0 0 0.351052 0.648948
37 0 0 0 0 0.173675 0.826325
38 0 0 0 0 0.112288 0.887712
39 0 0 0 0 0.205348 0.794652
40 0 0 0 0 0.340426 0.659574
41 0 0 0 0 0.193833 0.806167
42 0 0 0 0 0.313889 0.686111
43 0 0 0 0 0.930643 0.0693569
44 0 0 0 0 0.629583 0.370417
45 0 0 0 0 0.948069 0.0519308
46 0 0 0 0 0.764791 0.235209
47 0 0 0 0 0.20951 0.79049
48 0 0 0 0 0.698529 0.301471
49 0 0 0 0 0.474763 0.525237
50 0 0 0 0 0.500586 0.499414
51 0 0 0 0 0.638567 0.361433
52 0 0 0 0 0.0843806 0.915619
53 0 0 0 0 0.237624 0.762376
54 0 0 0 0 0.0847029 0.915297
55 0 0 0 0 0.623288 0.376712
56 0 0 0 0 0.624703 0.375297
57 0 0 0 0 0.403738 0.596262
58 0 0 0 0 0.258454 0.741546
59 0 0 0 0 0.424608 0.575392
60 0 0 0 0 0.75923 0.24077
61 0 0 0 0 0.374 0.626
62 0 0 0 0 0.395722 0.604278
63 0 0 0 0 0.662651 0.337349
64 0 0 0 0 0.920152 0.0798479
65 0 0 0 0 0.0854271 0.914573
66 0 0 0 0 0.441834 0.558166
67 0 0 0 0 0.213997 0.786003
68 0 0 0 0 0.337066 0.662934
69 0 0 0 0 0.798097 0.201903
70 0 0 0 0 0.266871 0.733129
71 0 0 0 0 0.215797 0.784203
72 0 0 0 0 0.391304 0.608696
73 0 0 0 0 0.422374 0.577626
74 0 0 0 0 0.856974 0.143026
75 0 0 0 0 0.177152 0.822848
76 0 0 0 0 0.165021 0.834979
77 0 0 0 0 0.175542 0.824458
78 0 0 0 0 0.467742 0.532258
79 0 0 0 0 0.428571 0.571429
80 0 0 0 0 0.189133 0.810867
81 0 0 0 0 0.748945 0.251055
82 0 0 0 0 0.200508 0.799492
83 0 0 0 0 0.60438 0.39562
84 0 0 0 0 0.184358 0.815642
85 0 0 0 0 0.26776 0.73224
86 0 0 0 0 0.825073 0.174927
87 0 0 0 0 0.489796 0.510204
88 0 0 0 0 0.0106838 0.989316
89 0 0 0 0 0.0936819 0.906318
90 0 0 0 0 0.745946 0.254054
91 0 0 0 0 0.0975104 0.90249
92 0 0 0 0 0.645161 0.354839
93 0 0 0 0 0.661466 0.338534
94 0 0 0 0 0.121212 0.878788
95 0 0 0 0 0.820486 0.179514
96 0 0 0 0 0.121951 0.878049
97 0 0 0 0 0.0528169 0.947183
98 0 0 0 0 0.00728863 0.992711
99 0 0 0 0 0.58651 0.41349
100 0 0 0 0 0.467066 0.532934
101 0 0 0 0 0.934917 0.0650826
102 0 0 0 0 0.506694 0.493306
103 0 0 0 0 0.139535 0.860465
104 0 0 0 0 0.691817 0.308183
105 0 0 0 0 0.787026 0.212974
106 0 0 0 0 0.784418 0.215582
107 0 0 0 0 0.401689 0.598311
108 0 0 0 0 0.381849 0.618151
109 0 0 0 0 0.742718 0.257282
110 0 0 0 0 0.315234 0.684766
111 0 0 0 0 0.375228 0.624772
112 0 0 0 0 0.78437 0.21563
113 0 0 0 0 0.0337838 0.966216
114 0 0 0 0 0.287818 0.712182
115 0 0 0 0 0.230889 0.769111
116 0 0 0 0 0.0162749 0.983725
117 0 0 0 0 0.143552 0.856448
118 0 0 0 0 0.4775 0.5225
119 0 0 0 0 0.742718 0.257282
120 0 0 0 0 0.836314 0.163686
121 0 0 0 0 0.837979 0.162021
122 0 0 0 0 0.177895 0.822105
123 0 0 0 0 0.575658 0.424342
124 0 0 0 0 0.738806 0.261194
125 0 0 0 0 0.0784314 0.921569
126 0 0 0 0 0.94429 0.0557103
127 0 0 0 0 0.870229 0.129771
128 0 0 0 0 0.0175747 0.982425
129 0 0 0 0 0.0123001 0.9877
130 0 0 0 0 0.907496 0.092504
131 0 0 0 0 0.674855 0.325145
132 0 0 0 0 0.932584 0.0674157
133 0 0 0 0 0.598063 0.401937
134 0 0 0 0 0.659892 0.340108
135 0 0 0 0 0.643701 0.356299
136 0 0 0 0 0.160243 0.839757
137 0 0 0 0 0.24822 0.75178
138 0 0 0 0 0.171115 0.828885
139 0 0 0 0 0.855072 0.144928
140 0 0 0 0 0.954545 0.0454545
141 0 0 0 0 0.371399 0.628601
142 0 0 0 0 0.520685 0.479315
143 0 0 0 0 0.60815 0.39185
144 0 0 0 0 0.714859 0.285141
145 0 0 0 0 0.484979 0.515021
146 0 0 0 0 0.863405 0.136595
147 0 0 0 0 0.909091 0.0909091
148 0 0 0 0 0.94382 0.0561798
149 0 0 0 0 0.460805 0.539195
150 0 0 0 0 0.491279 0.508721
151 0 0 0 0 0.186667 0.813333
152 0 0 0 0 0.669346 0.330654
153 0 0 0 0 0.0692488 0.930751
154 0 0 0 0 0.0781759 0.921824
155 0 0 0 0 0.631953 0.368047
156 0 0 0 0 0.653747 0.346253
157 0 0 0 0 0.435961 0.564039
158 0 0 0 0 0.0123762 0.987624
159 0 0 0 0 0.974576 0.0254237
160 0 0 0 0 0.137634 0.862366
161 0 0 0 0 0.247978 0.752022
162 0 0 0 0 0.560096 0.439904
163 0 0 0 0 0.823699 0.176301
164 0 0 0 0 0.561475 0.438525
165 0 0 0 0 0.0602637 0.939736
166 0 0 0 0 0.0600414 0.939959
167 0 0 0 0 0.775 0.225
168 0 0 0 0 0.300557 0.699443
169 0 0 0 0 0.68438 0.31562
170 0 0 0 0 0.617207 0.382793
171 0 0 0 0 0.780933 0.219067
172 0 0 0 0 0.427828 0.572172
173 0 0 0 0 0.0162866 0.983713
174 0 0 0 0 0.603774 0.396226
175 0 0 0 0 0.793911 0.206089
176 0 0 0 0 0.129374 0.870626
177 0 0 0 0 0.361404 0.638596
178 0 0 0 0 0.411367 0.588633
179 0 0 0 0 0.532663 0.467337
180 0 0 0 0 0.729847 0.270153
181 0 0 0 0 0.398148 0.601852
182 0 0 0 0 0.6375 0.3625
183 0 0 0 0 0.91016 0.0898396
184 0 0 0 0 0.821229 0.178771
185 0 0 0 0 0.911192 0.0888078
186 0 0 0 0 0.533333 0.466667
187 0 0 0 0 0.835685 0.164315
188 0 0 0 0 0.970626 0.0293742
189 0 0 0 0 0.605556 0.394444
190 0 0 0 0 0.693305 0.306695
191 0 0 0 0 0.426799 0.573201
192 0 0 0 0 0.238806 0.761194
193 0 0 0 0 0.444898 0.555102
194 0 0 0 0 0.0964912 0.903509
195 0 0 0 0 0.754386 0.245614
196 0 0 0 0 0.976562 0.0234375
197 0 0 0 0 0.88986 0.11014
198 0 0 0 0 0.452991 0.547009
199 0 0 0 0 0.790297 0.209703
200 0 0 0 0 0.932166 0.0678337
201 0 0 0 0 0.442073 0.557927
202 0 0 0 0 0.7119 0.2881
203 0 0 0 0 0.220918 0.779082
204 0 0 0 0 0.987306 0.0126939
205 0 0 0 0 0.295597 0.704403
206 0 0 0 0 0.233393 0.766607
207 0 0 0 0 0.280083 0.719917
208 0 0 0 0 0.6639 0.3361
209 0 0 0 0 0.0788436 0.921156
210 0 0 0 0 0.325359 0.674641
211 0 0 0 0 0.791768 0.208232
212 0 0 0 0 0.744597 0.255403
213 0 0 0 0 0.342352 0.657648
214 0 0 0 0 0.920635 0.0793651
215 0 0 0 0 0.193407 0.806593
216 0 0 0 0 0.800989 0.199011
217 0 0 0 0 0.717489 0.282511
218 0 0 0 0 0.0942721 0.905728
219 0 0 0 0 0.42029 0.57971
