NAME : X-n247-k50
COMMENT : "Generated by Uchoa, Pecin, Pessoa, Poggi, Subramanian, and Vidal (2013)"
TYPE : CVRP
DIMENSION : 247
EDGE_WEIGHT_TYPE : EUC_2D
CAPACITY : 134
NODE_COORD_SECTION
1 500 500
2 612 199
3 864 279
4 746 395
5 738 519
6 797 59
7 867 206
8 846 399
9 654 172
10 874 275
11 675 479
12 780 372
13 692 446
14 541 183
15 747 432
16 845 403
17 787 317
18 472 325
19 682 246
20 779 308
21 815 316
22 690 306
23 923 403
24 643 526
25 849 293
26 789 424
27 766 443
28 833 421
29 999 259
30 949 458
31 675 431
32 930 480
33 809 439
34 677 173
35 479 247
36 849 285
37 711 358
38 794 366
39 878 230
40 815 259
41 739 570
42 564 141
43 845 320
44 801 473
45 769 345
46 528 256
47 700 404
48 851 369
49 925 215
50 608 654
51 878 358
52 562 80
53 577 358
54 418 269
55 766 533
56 709 585
57 933 280
58 671 522
59 725 496
60 863 250
61 864 328
62 663 460
63 848 251
64 601 17
65 559 708
66 689 490
67 745 448
68 746 345
69 776 427
70 925 251
71 677 120
72 783 292
73 484 715
74 810 261
75 680 173
76 895 273
77 785 253
78 886 125
79 916 247
80 930 364
81 584 185
82 896 334
83 874 524
84 723 145
85 440 130
86 684 326
87 737 309
88 554 164
89 859 254
90 981 334
91 717 258
92 855 321
93 623 443
94 685 162
95 686 463
96 733 431
97 664 616
98 586 486
99 523 196
100 712 541
101 759 432
102 658 583
103 860 312
104 762 359
105 818 236
106 498 208
107 504 64
108 842 221
109 895 461
110 691 136
111 870 277
112 644 438
113 556 305
114 747 522
115 728 123
116 646 445
117 867 380
118 578 286
119 669 372
120 663 507
121 691 172
122 384 100
123 791 379
124 650 277
125 725 609
126 897 279
127 758 306
128 971 92
129 641 183
130 904 291
131 825 374
132 405 305
133 786 431
134 720 677
135 563 245
136 758 442
137 750 530
138 677 72
139 567 564
140 890 268
141 833 289
142 637 408
143 845 276
144 809 347
145 818 88
146 678 259
147 853 219
148 448 734
149 493 509
150 581 187
151 789 397
152 537 240
153 714 339
154 777 371
155 683 378
156 788 597
157 499 301
158 835 370
159 598 221
160 798 509
161 857 214
162 463 400
163 844 400
164 860 267
165 662 184
166 638 185
167 814 529
168 781 293
169 688 598
170 866 305
171 786 343
172 819 476
173 789 243
174 666 41
175 715 530
176 710 93
177 992 531
178 753 534
179 566 216
180 664 76
181 934 403
182 590 211
183 646 141
184 719 302
185 919 234
186 597 150
187 761 360
188 761 367
189 684 61
190 815 469
191 813 282
192 775 536
193 960 722
194 805 178
195 686 148
196 718 138
197 870 167
198 713 265
199 713 242
200 855 296
201 535 169
202 900 254
203 877 365
204 872 218
205 957 620
206 680 535
207 701 182
208 687 498
209 828 511
210 741 557
211 720 61
212 764 452
213 500 143
214 916 505
215 803 183
216 720 452
217 852 349
218 855 297
219 755 492
220 748 411
221 829 123
222 752 217
223 949 556
224 853 596
225 764 576
226 651 282
227 747 256
228 680 49
229 839 364
230 839 66
231 846 29
232 604 597
233 762 520
234 839 244
235 896 131
236 838 735
237 586 465
238 582 216
239 681 187
240 756 182
241 924 98
242 731 625
243 428 684
244 725 408
245 792 337
246 677 142
247 797 262
PICKUP_AND_DELIVERY_SECTION
1 0 0 0 0 0 0
2 0 0 0 0 32.1912 66.8088
3 0 0 0 0 23.25 48.75
4 0 0 0 0 46.0657 40.9343
5 0 0 0 0 54.1504 22.8496
6 0 0 0 0 5.77415 72.2258
7 0 0 0 0 18.0577 57.9423
8 0 0 0 0 34.9007 39.0993
9 0 0 0 0 20.5138 57.4862
10 0 0 0 0 28.9474 63.0526
11 0 0 0 0 68.1244 27.8756
12 0 0 0 0 35.7692 39.2308
13 0 0 0 0 61.8728 34.1272
14 0 0 0 0 24.3549 47.6451
15 0 0 0 0 57.253 41.747
16 0 0 0 0 30.0462 32.9538
17 0 0 0 0 37.46 55.54
18 0 0 0 0 44.0678 19.9322
19 0 0 0 0 24.5279 43.4721
20 0 0 0 0 32.4211 49.5789
21 0 0 0 0 20.5497 32.4503
22 0 0 0 0 40.3565 50.6435
23 0 0 0 0 32.3099 41.6901
24 0 0 0 0 54.8087 12.1913
25 0 0 0 0 22.4323 42.5677
26 0 0 0 0 45.6781 39.3219
27 0 0 0 0 30.0731 21.9269
28 0 0 0 0 38.916 38.084
29 0 0 0 0 23.5926 67.4074
30 0 0 0 0 27.9916 30.0084
31 0 0 0 0 46.6119 26.3881
32 0 0 0 0 32 30
33 0 0 0 0 51.0087 42.9913
34 0 0 0 0 21.4653 62.5347
35 0 0 0 0 38.1587 35.8413
36 0 0 0 0 31.8905 63.1095
37 0 0 0 0 31.218 30.782
38 0 0 0 0 28.5793 33.4207
39 0 0 0 0 20.4328 57.5672
40 0 0 0 0 28.2834 60.7166
41 0 0 0 0 67.1042 19.8958
42 0 0 0 0 13.5 40.5
43 0 0 0 0 27.645 45.355
44 0 0 0 0 47.8315 33.1685
45 0 0 0 0 37.6853 46.3147
46 0 0 0 0 24.7273 26.2727
47 0 0 0 0 48.48 35.52
48 0 0 0 0 43.3608 56.6392
49 0 0 0 0 16.0378 52.9622
50 0 0 0 0 48.3425 3.65749
51 0 0 0 0 40.3667 58.6333
52 0 0 0 0 13.5231 81.4769
53 0 0 0 0 52.7383 32.2617
54 0 0 0 0 57.2751 31.7249
55 0 0 0 0 66.799 29.201
56 0 0 0 0 49.5063 10.4937
57 0 0 0 0 22.508 52.492
58 0 0 0 0 75.4605 21.5395
59 0 0 0 0 44.469 20.531
60 0 0 0 0 16.5122 40.4878
61 0 0 0 0 21.6389 35.3611
62 0 0 0 0 67.3002 29.6998
63 0 0 0 0 25.4552 60.5448
64 0 0 0 0 2.74376 94.2562
65 0 0 0 0 41.0565 10.9435
66 0 0 0 0 46.9376 19.0624
67 0 0 0 0 60.1342 39.8658
68 0 0 0 0 24.5107 28.4893
69 0 0 0 0 29.7139 24.2861
70 0 0 0 0 0.814054 2.18595
71 0 0 0 0 1.41802 6.58198
72 0 0 0 0 0.372925 0.627075
73 0 0 0 0 2.03077 0.969231
74 0 0 0 0 0.644444 1.35556
75 0 0 0 0 2.03529 5.96471
76 0 0 0 0 1.83017 4.16983
77 0 0 0 0 2.90064 6.09936
78 0 0 0 0 1.12867 6.87133
79 0 0 0 0 2.15721 5.84279
80 0 0 0 0 1.95699 3.04301
81 0 0 0 0 1.90068 4.09932
82 0 0 0 0 1.49107 2.50893
83 0 0 0 0 4.1968 2.8032
84 0 0 0 0 1.80498 7.19502
85 0 0 0 0 0.295455 0.704545
86 0 0 0 0 3.33626 3.66374
87 0 0 0 0 0.419267 0.580733
88 0 0 0 0 1.77617 4.22383
89 0 0 0 0 2.06985 4.93015
90 0 0 0 0 2.04281 3.95719
91 0 0 0 0 3.59833 6.40167
92 0 0 0 0 1.12632 1.87368
93 0 0 0 0 4.26645 1.73355
94 0 0 0 0 1.18248 3.81752
95 0 0 0 0 0.674927 0.325073
96 0 0 0 0 5.87995 4.12005
97 0 0 0 0 4.63855 0.361446
98 0 0 0 0 1.6587 0.341297
99 0 0 0 0 0.749522 1.25048
100 0 0 0 0 4.55899 1.44101
101 0 0 0 0 2.27668 1.72332
102 0 0 0 0 8.86018 1.13982
103 0 0 0 0 1.08837 1.91163
104 0 0 0 0 1.88451 2.11549
105 0 0 0 0 0.865526 2.13447
106 0 0 0 0 0.835341 1.16466
107 0 0 0 0 0.126984 0.873016
108 0 0 0 0 1.57482 4.42518
109 0 0 0 0 4.63575 4.36425
110 0 0 0 0 1.96816 8.03184
111 0 0 0 0 1.91034 4.08966
112 0 0 0 0 6.80124 3.19876
113 0 0 0 0 3.29137 2.70863
114 0 0 0 0 4.19277 1.80723
115 0 0 0 0 1.18269 5.81731
116 0 0 0 0 4.13313 1.86687
117 0 0 0 0 2.62976 3.37024
118 0 0 0 0 4.45329 4.54671
119 0 0 0 0 1.66816 1.33184
120 0 0 0 0 6.11765 1.88235
121 0 0 0 0 2.48915 7.51085
122 0 0 0 0 2.08333 5.91667
123 0 0 0 0 1.43742 1.56258
124 0 0 0 0 0.426154 0.573846
125 0 0 0 0 3.36 0.64
126 0 0 0 0 0.311037 0.688963
127 0 0 0 0 2.42216 3.57784
128 0 0 0 0 0.663234 6.33677
129 0 0 0 0 1.14197 2.85803
130 0 0 0 0 1.60951 3.39049
131 0 0 0 0 1.81333 2.18667
132 0 0 0 0 3.76543 1.23457
133 0 0 0 0 1.64504 1.35496
134 0 0 0 0 3.76111 0.238889
135 0 0 0 0 1.30551 1.69449
136 0 0 0 0 1.74934 1.25066
137 0 0 0 0 1.41333 0.586667
138 0 0 0 0 0.531758 4.46824
139 0 0 0 0 6.96296 0.037037
140 0 0 0 0 3.01124 6.98876
141 0 0 0 0 2.77551 5.22449
142 0 0 0 0 5.12402 2.87598
143 0 0 0 0 0.979882 2.02012
144 0 0 0 0 2.57355 3.42645
145 0 0 0 0 0.753056 6.24694
146 0 0 0 0 3.05605 4.94395
147 0 0 0 0 0.770223 2.22978
148 0 0 0 0 3.66213 2.33787
149 0 0 0 0 2.9057 0.0943026
150 0 0 0 0 1.60929 3.39071
151 0 0 0 0 3.01901 2.98099
152 0 0 0 0 0.446927 0.553073
153 0 0 0 0 3.32353 3.67647
154 0 0 0 0 4.2973 4.7027
155 0 0 0 0 2.7672 2.2328
156 0 0 0 0 6.06091 1.93909
157 0 0 0 0 4.22244 2.77756
158 0 0 0 0 4.43114 5.56886
159 0 0 0 0 2.95652 5.04348
160 0 0 0 0 1.27569 0.724311
161 0 0 0 0 0.249708 0.750292
162 0 0 0 0 4.31965 0.680346
163 0 0 0 0 3.31754 3.68246
164 0 0 0 0 0.931395 2.0686
165 0 0 0 0 0.277946 0.722054
166 0 0 0 0 2.89969 7.10031
167 0 0 0 0 1.94963 1.05037
168 0 0 0 0 3.00128 4.99872
169 0 0 0 0 0.869186 0.130814
170 0 0 0 0 0.704388 1.29561
171 0 0 0 0 3.49109 4.50891
172 0 0 0 0 5.23077 3.76923
173 0 0 0 0 2.77186 6.22814
174 0 0 0 0 0.307808 4.69219
175 0 0 0 0 1.48252 0.517483
176 0 0 0 0 1.04789 6.95211
177 0 0 0 0 1.07056 0.929435
178 0 0 0 0 2.12749 0.87251
179 0 0 0 0 2.67138 4.32862
180 0 0 0 0 1.03012 7.96988
181 0 0 0 0 2.15739 2.84261
182 0 0 0 0 2.86102 5.13898
183 0 0 0 0 1.09133 3.90867
184 0 0 0 0 2.52017 3.47983
185 0 0 0 0 0.254625 0.745375
186 0 0 0 0 0.502513 1.49749
187 0 0 0 0 3.78449 4.21551
188 0 0 0 0 3.37582 3.62418
189 0 0 0 0 0.802632 8.19737
190 0 0 0 0 2.30184 1.69816
191 0 0 0 0 2.42804 4.57196
192 0 0 0 0 5.5329 2.4671
193 0 0 0 0 5.26458 1.73542
194 0 0 0 0 0.884472 3.11553
195 0 0 0 0 1.07872 3.92128
196 0 0 0 0 1.92201 8.07799
197 0 0 0 0 0.191954 0.808046
198 0 0 0 0 3.34502 5.65498
199 0 0 0 0 1.01823 1.98177
200 0 0 0 0 0.692398 1.3076
201 0 0 0 0 0.947664 2.05234
202 0 0 0 0 1.97556 5.02444
203 0 0 0 0 2.49715 3.50285
204 0 0 0 0 1.75 5.25
205 0 0 0 0 2.59143 1.40857
206 0 0 0 0 3.14706 0.852941
207 0 0 0 0 1.03852 2.96148
208 0 0 0 0 5.07424 1.92576
209 0 0 0 0 1.85145 1.14855
210 0 0 0 0 3.00675 0.993252
211 0 0 0 0 0.169444 1.83056
212 0 0 0 0 5.32461 3.67539
213 0 0 0 0 1.43 3.57
214 0 0 0 0 0.55131 0.44869
215 0 0 0 0 0.227895 0.772105
216 0 0 0 0 4.39444 2.60556
217 0 0 0 0 1.6385 2.3615
218 0 0 0 0 2.77895 5.22105
219 0 0 0 0 3.25828 1.74172
220 0 0 0 0 0.549465 0.450535
221 0 0 0 0 0.148372 0.851628
222 0 0 0 0 1.44282 3.55718
223 0 0 0 0 3.51528 2.48472
224 0 0 0 0 5.58968 2.41032
225 0 0 0 0 4.52356 1.47644
226 0 0 0 0 2.1659 2.8341
227 0 0 0 0 3.42704 6.57296
228 0 0 0 0 0.720588 9.27941
229 0 0 0 0 1.7354 2.2646
230 0 0 0 0 0.31466 3.68534
231 0 0 0 0 0.274232 7.72577
232 0 0 0 0 6.91887 0.0811258
233 0 0 0 0 0.682415 0.317585
234 0 0 0 0 0.872467 2.12753
235 0 0 0 0 0.731027 4.26897
236 0 0 0 0 4.38544 0.614558
237 0 0 0 0 5.55461 1.44539
238 0 0 0 0 2.59794 4.40206
239 0 0 0 0 1.09838 2.90162
240 0 0 0 0 1.44444 4.55556
241 0 0 0 0 0.318182 2.68182
242 0 0 0 0 2.56498 0.435021
243 0 0 0 0 6.25731 3.74269
244 0 0 0 0 4.50207 3.49793
245 0 0 0 0 2.12753 2.87247
246 0 0 0 0 1.25849 4.74151
247 0 0 0 0 1.9724 4.0276
