NAME : X-n856-k95
COMMENT : "Generated by Uchoa, Pecin, Pessoa, Poggi, Subramanian, and Vidal (2013)"
TYPE : CVRP
DIMENSION : 856
EDGE_WEIGHT_TYPE : EUC_2D
CAPACITY : 9
NODE_COORD_SECTION
1 500 500
2 440 732
3 221 348
4 117 545
5 493 645
6 135 12
7 775 997
8 745 444
9 950 311
10 530 150
11 900 508
12 48 519
13 269 217
14 722 349
15 480 733
16 977 422
17 999 220
18 636 332
19 851 162
20 559 567
21 389 69
22 529 835
23 303 427
24 400 638
25 894 904
26 482 109
27 579 800
28 184 82
29 669 753
30 906 424
31 374 692
32 174 613
33 75 37
34 38 563
35 838 157
36 710 709
37 176 67
38 449 326
39 71 389
40 710 115
41 237 547
42 530 27
43 631 223
44 171 342
45 226 65
46 6 998
47 24 635
48 668 165
49 318 608
50 429 82
51 212 237
52 853 126
53 387 47
54 677 144
55 111 790
56 957 32
57 511 647
58 457 561
59 86 687
60 290 456
61 473 563
62 807 725
63 461 468
64 739 235
65 257 340
66 588 545
67 6 311
68 268 976
69 552 414
70 994 946
71 452 534
72 422 545
73 248 611
74 43 366
75 977 96
76 822 580
77 940 650
78 86 263
79 715 99
80 668 981
81 424 638
82 297 607
83 251 282
84 237 413
85 202 573
86 181 385
87 126 528
88 386 811
89 978 846
90 70 99
91 333 357
92 49 870
93 157 734
94 627 268
95 818 433
96 738 555
97 350 909
98 337 926
99 978 59
100 42 595
101 870 933
102 19 120
103 165 679
104 131 984
105 232 755
106 319 417
107 187 376
108 251 482
109 657 219
110 209 397
111 800 377
112 228 116
113 566 559
114 490 156
115 216 547
116 964 677
117 85 897
118 292 807
119 600 893
120 938 222
121 543 747
122 572 976
123 569 59
124 712 574
125 971 515
126 616 306
127 695 837
128 421 821
129 604 995
130 537 957
131 1000 653
132 282 817
133 380 874
134 778 101
135 462 74
136 87 682
137 441 228
138 608 430
139 511 313
140 710 300
141 630 24
142 626 650
143 531 719
144 598 824
145 995 622
146 258 981
147 358 281
148 279 169
149 286 268
150 259 659
151 782 132
152 862 518
153 457 603
154 210 438
155 44 44
156 527 818
157 164 156
158 23 86
159 342 930
160 39 282
161 269 848
162 436 886
163 323 340
164 237 891
165 333 488
166 517 137
167 591 972
168 541 888
169 122 280
170 159 655
171 200 158
172 446 283
173 107 315
174 588 270
175 158 374
176 26 353
177 959 76
178 852 328
179 927 736
180 437 138
181 53 938
182 333 192
183 922 499
184 407 948
185 970 664
186 237 738
187 8 561
188 747 852
189 989 908
190 100 860
191 10 960
192 842 190
193 595 716
194 286 965
195 199 373
196 159 67
197 979 25
198 488 479
199 804 620
200 742 853
201 528 160
202 223 342
203 503 159
204 711 681
205 339 340
206 342 509
207 931 593
208 766 953
209 710 172
210 521 451
211 172 159
212 685 836
213 639 155
214 763 656
215 269 241
216 825 761
217 330 177
218 901 124
219 713 860
220 619 926
221 692 19
222 96 876
223 949 178
224 79 795
225 833 852
226 336 444
227 877 0
228 296 597
229 566 735
230 940 377
231 349 269
232 939 827
233 908 120
234 50 741
235 670 569
236 753 744
237 577 351
238 141 616
239 97 625
240 64 875
241 496 160
242 515 598
243 344 803
244 274 510
245 291 170
246 800 300
247 74 609
248 365 207
249 791 396
250 453 848
251 405 191
252 395 290
253 525 743
254 260 385
255 408 837
256 1 346
257 231 504
258 837 572
259 606 473
260 900 729
261 346 868
262 123 80
263 477 169
264 383 59
265 510 410
266 890 101
267 952 635
268 825 722
269 68 598
270 234 841
271 911 720
272 172 367
273 569 289
274 84 19
275 694 916
276 454 412
277 261 233
278 693 375
279 588 854
280 276 538
281 599 569
282 142 158
283 338 805
284 324 194
285 739 325
286 845 639
287 638 182
288 858 93
289 40 923
290 37 599
291 638 39
292 218 714
293 568 674
294 288 840
295 439 570
296 325 801
297 587 278
298 992 674
299 597 608
300 174 865
301 65 330
302 872 434
303 620 129
304 339 681
305 178 811
306 478 966
307 469 749
308 475 791
309 799 594
310 692 130
311 59 223
312 811 2
313 5 946
314 219 305
315 759 951
316 656 889
317 582 18
318 97 885
319 888 467
320 899 286
321 512 358
322 188 776
323 220 951
324 503 801
325 483 402
326 685 904
327 483 722
328 13 301
329 387 976
330 607 709
331 857 739
332 51 422
333 818 797
334 302 646
335 474 101
336 817 66
337 573 973
338 948 686
339 922 552
340 586 899
341 153 503
342 47 817
343 740 970
344 216 852
345 261 776
346 935 540
347 920 879
348 642 623
349 305 71
350 268 373
351 409 940
352 374 176
353 894 60
354 539 352
355 605 457
356 4 240
357 340 303
358 563 524
359 861 875
360 700 810
361 160 753
362 985 455
363 981 276
364 708 646
365 575 249
366 777 725
367 724 888
368 853 773
369 4 27
370 743 430
371 301 574
372 38 983
373 575 209
374 10 683
375 878 342
376 745 333
377 616 311
378 537 110
379 70 839
380 531 647
381 157 736
382 609 356
383 450 852
384 534 11
385 436 279
386 340 578
387 41 809
388 971 282
389 389 628
390 171 951
391 821 278
392 633 578
393 158 858
394 374 163
395 219 471
396 392 784
397 586 937
398 546 923
399 619 737
400 700 50
401 722 223
402 112 450
403 857 66
404 81 295
405 314 964
406 829 981
407 723 590
408 645 700
409 318 800
410 277 268
411 459 81
412 573 211
413 391 259
414 368 81
415 262 451
416 629 44
417 390 264
418 842 703
419 780 254
420 653 177
421 882 625
422 763 432
423 615 183
424 62 855
425 629 543
426 27 83
427 822 574
428 355 86
429 102 110
430 859 489
431 410 900
432 519 683
433 111 12
434 957 366
435 848 474
436 265 184
437 985 701
438 862 488
439 215 888
440 945 515
441 76 204
442 553 988
443 22 32
444 817 463
445 938 553
446 441 911
447 944 473
448 120 85
449 139 101
450 551 214
451 422 750
452 373 976
453 196 122
454 312 75
455 870 353
456 25 46
457 470 958
458 184 140
459 890 462
460 841 551
461 843 479
462 82 88
463 979 491
464 898 582
465 439 811
466 8 173
467 199 182
468 239 151
469 960 334
470 67 99
471 49 100
472 253 120
473 124 84
474 64 183
475 453 987
476 490 869
477 153 111
478 421 756
479 862 440
480 170 166
481 887 544
482 854 544
483 58 109
484 135 102
485 408 787
486 44 101
487 859 469
488 865 487
489 845 522
490 350 875
491 24 154
492 945 452
493 732 438
494 322 797
495 569 889
496 853 466
497 286 3
498 19 558
499 44 168
500 482 967
501 271 127
502 425 909
503 405 777
504 921 499
505 513 901
506 811 488
507 541 920
508 41 240
509 876 405
510 449 871
511 786 558
512 467 684
513 75 150
514 827 446
515 625 441
516 122 117
517 321 913
518 935 443
519 378 902
520 95 48
521 939 576
522 991 561
523 887 479
524 108 102
525 822 451
526 137 252
527 788 543
528 556 988
529 769 375
530 445 848
531 446 965
532 925 421
533 674 544
534 117 30
535 388 987
536 119 18
537 439 962
538 134 297
539 614 521
540 887 325
541 467 903
542 772 461
543 423 944
544 379 846
545 916 509
546 983 447
547 667 885
548 96 150
549 465 911
550 96 17
551 425 963
552 93 201
553 132 93
554 671 926
555 901 468
556 93 287
557 795 581
558 741 514
559 119 223
560 503 964
561 849 388
562 80 58
563 116 81
564 123 266
565 683 363
566 77 114
567 872 520
568 187 62
569 83 158
570 918 677
571 19 198
572 909 427
573 937 395
574 11 176
575 80 88
576 72 143
577 510 919
578 25 87
579 421 825
580 855 443
581 823 522
582 468 802
583 2 112
584 96 91
585 647 389
586 876 475
587 422 970
588 705 454
589 151 897
590 853 420
591 883 484
592 27 44
593 852 479
594 154 38
595 285 921
596 50 196
597 956 449
598 259 863
599 702 637
600 422 975
601 413 885
602 432 847
603 112 263
604 908 625
605 783 344
606 422 744
607 372 987
608 860 387
609 168 96
610 358 850
611 476 813
612 62 117
613 539 970
614 278 215
615 854 616
616 379 769
617 418 899
618 128 124
619 46 207
620 466 816
621 890 559
622 688 555
623 826 582
624 127 126
625 879 499
626 401 805
627 384 826
628 320 775
629 204 336
630 866 515
631 801 544
632 117 139
633 852 498
634 397 949
635 405 865
636 724 356
637 414 830
638 131 31
639 318 200
640 946 468
641 1 157
642 542 729
643 245 352
644 539 905
645 827 317
646 376 836
647 878 519
648 212 724
649 876 516
650 96 124
651 939 557
652 504 915
653 380 841
654 149 149
655 804 494
656 330 999
657 104 67
658 283 883
659 877 601
660 866 497
661 138 48
662 814 455
663 970 535
664 450 898
665 220 93
666 208 26
667 317 96
668 921 488
669 903 248
670 95 80
671 849 498
672 816 494
673 52 141
674 180 59
675 69 98
676 199 69
677 884 460
678 879 525
679 57 102
680 978 705
681 929 486
682 152 106
683 691 634
684 456 977
685 391 789
686 442 872
687 754 759
688 854 615
689 820 450
690 326 986
691 71 69
692 315 718
693 377 938
694 44 74
695 290 921
696 899 478
697 24 197
698 438 957
699 142 147
700 437 837
701 742 549
702 288 844
703 792 425
704 413 913
705 447 938
706 849 496
707 262 65
708 840 466
709 533 687
710 810 536
711 213 160
712 860 414
713 884 459
714 4 153
715 447 930
716 140 44
717 521 878
718 575 779
719 442 900
720 877 579
721 893 487
722 73 13
723 394 886
724 511 949
725 474 772
726 812 425
727 684 471
728 458 971
729 132 137
730 797 351
731 401 904
732 132 115
733 386 268
734 856 456
735 953 616
736 382 794
737 548 895
738 861 525
739 372 780
740 967 425
741 534 912
742 52 157
743 396 888
744 82 60
745 856 523
746 12 90
747 8 208
748 303 67
749 497 721
750 454 984
751 120 69
752 831 458
753 786 524
754 40 111
755 347 868
756 377 932
757 296 934
758 896 547
759 884 450
760 812 534
761 926 500
762 380 921
763 423 888
764 797 512
765 848 444
766 716 514
767 412 903
768 871 532
769 402 885
770 870 564
771 826 512
772 529 867
773 451 999
774 852 522
775 406 859
776 51 110
777 919 577
778 824 407
779 411 883
780 794 483
781 46 105
782 274 236
783 430 972
784 854 533
785 336 959
786 813 702
787 210 304
788 460 867
789 315 915
790 454 857
791 905 380
792 831 580
793 399 106
794 97 106
795 805 499
796 904 561
797 420 930
798 876 448
799 102 164
800 74 112
801 139 43
802 370 995
803 849 441
804 405 938
805 57 100
806 78 81
807 170 77
808 959 379
809 347 913
810 845 478
811 316 803
812 115 74
813 538 906
814 939 530
815 405 891
816 235 819
817 982 463
818 817 482
819 463 971
820 847 370
821 200 145
822 769 970
823 712 624
824 910 566
825 867 531
826 352 966
827 490 865
828 451 831
829 97 85
830 408 920
831 869 485
832 341 453
833 10 127
834 1 25
835 918 775
836 277 884
837 847 483
838 884 435
839 745 448
840 118 13
841 222 755
842 695 341
843 25 18
844 380 843
845 949 466
846 436 877
847 912 446
848 405 857
849 824 490
850 486 866
851 568 430
852 935 513
853 821 687
854 367 814
855 33 97
856 411 722
PICKUP_AND_DELIVERY_SECTION
1 0 0 0 0 0 0
2 0 0 0 0 0.601093 0.398907
3 0 0 0 0 0.635057 0.364943
4 0 0 0 0 0.214679 0.785321
5 0 0 0 0 0.764341 0.235659
6 0 0 0 0 0.0888889 0.911111
7 0 0 0 0 0.777332 0.222668
8 0 0 0 0 0.595973 0.404027
9 0 0 0 0 0.327368 0.672632
10 0 0 0 0 0.283019 0.716981
11 0 0 0 0 0.564444 0.435556
12 0 0 0 0 0.0924855 0.907514
13 0 0 0 0 0.806691 0.193309
14 0 0 0 0 0.48338 0.51662
15 0 0 0 0 0.654843 0.345157
16 0 0 0 0 0.431934 0.568066
17 0 0 0 0 0.22022 0.77978
18 0 0 0 0 0.522013 0.477987
19 0 0 0 0 0.190364 0.809636
20 0 0 0 0 0.985891 0.0141093
21 0 0 0 0 0.177378 0.822622
22 0 0 0 0 0.633533 0.366467
23 0 0 0 0 0.709602 0.290398
24 0 0 0 0 0.626959 0.373041
25 0 0 0 0 0.988938 0.0110619
26 0 0 0 0 0.226141 0.773859
27 0 0 0 0 0.72375 0.27625
28 0 0 0 0 0.445652 0.554348
29 0 0 0 0 0.888446 0.111554
30 0 0 0 0 0.467991 0.532009
31 0 0 0 0 0.540462 0.459538
32 0 0 0 0 0.28385 0.71615
33 0 0 0 0 0.493333 0.506667
34 0 0 0 0 0.0674956 0.932504
35 0 0 0 0 0.187351 0.812649
36 0 0 0 0 0.998592 0.00140845
37 0 0 0 0 0.380682 0.619318
38 0 0 0 0 0.726058 0.273942
39 0 0 0 0 0.182519 0.817481
40 0 0 0 0 0.161972 0.838028
41 0 0 0 0 0.433272 0.566728
42 0 0 0 0 0.0509434 0.949057
43 0 0 0 0 0.353407 0.646593
44 0 0 0 0 0.5 0.5
45 0 0 0 0 0.287611 0.712389
46 0 0 0 0 0.00601202 0.993988
47 0 0 0 0 0.0377953 0.962205
48 0 0 0 0 0.247006 0.752994
49 0 0 0 0 0.523026 0.476974
50 0 0 0 0 0.191142 0.808858
51 0 0 0 0 0.894515 0.105485
52 0 0 0 0 0.147714 0.852286
53 0 0 0 0 0.121447 0.878553
54 0 0 0 0 0.212703 0.787297
55 0 0 0 0 0.140506 0.859494
56 0 0 0 0 0.0334378 0.966562
57 0 0 0 0 0.789799 0.210201
58 0 0 0 0 0.814617 0.185383
59 0 0 0 0 0.125182 0.874818
60 0 0 0 0 0.635965 0.364035
61 0 0 0 0 0.840142 0.159858
62 0 0 0 0 0.898389 0.101611
63 0 0 0 0 0.985043 0.0149573
64 0 0 0 0 0.317997 0.682003
65 0 0 0 0 0.755882 0.244118
66 0 0 0 0 0.926871 0.0731293
67 0 0 0 0 0.0192926 0.980707
68 0 0 0 0 0.27459 0.72541
69 0 0 0 0 0.75 0.25
70 0 0 0 0 0.95171 0.0482897
71 0 0 0 0 0.846442 0.153558
72 0 0 0 0 0.774312 0.225688
73 0 0 0 0 0.405892 0.594108
74 0 0 0 0 0.117486 0.882514
75 0 0 0 0 0.09826 0.90174
76 0 0 0 0 0.705596 0.294404
77 0 0 0 0 0.691489 0.308511
78 0 0 0 0 0.326996 0.673004
79 0 0 0 0 0.138462 0.861538
80 0 0 0 0 0.680938 0.319062
81 0 0 0 0 0.664577 0.335423
82 0 0 0 0 0.489292 0.510708
83 0 0 0 0 0.890071 0.109929
84 0 0 0 0 0.57385 0.42615
85 0 0 0 0 0.352531 0.647469
86 0 0 0 0 0.47013 0.52987
87 0 0 0 0 0.238636 0.761364
88 0 0 0 0 0.475956 0.524044
89 0 0 0 0 0.865031 0.134969
90 0 0 0 0 0.707071 0.292929
91 0 0 0 0 0.932773 0.0672269
92 0 0 0 0 0.0563218 0.943678
93 0 0 0 0 0.213896 0.786104
94 0 0 0 0 0.427432 0.572568
95 0 0 0 0 0.52934 0.47066
96 0 0 0 0 0.752033 0.247967
97 0 0 0 0 0.385039 0.614961
98 0 0 0 0 0.363931 0.636069
99 0 0 0 0 0.0603272 0.939673
100 0 0 0 0 0.0705882 0.929412
101 0 0 0 0 0.932476 0.0675241
102 0 0 0 0 0.158333 0.841667
103 0 0 0 0 0.243004 0.756996
104 0 0 0 0 0.13313 0.86687
105 0 0 0 0 0.307285 0.692715
106 0 0 0 0 0.764988 0.235012
107 0 0 0 0 0.49734 0.50266
108 0 0 0 0 0.520747 0.479253
109 0 0 0 0 0.333333 0.666667
110 0 0 0 0 0.526448 0.473552
111 0 0 0 0 0.47125 0.52875
112 0 0 0 0 0.508772 0.491228
113 0 0 0 0 0.987633 0.0123675
114 0 0 0 0 0.318367 0.681633
115 0 0 0 0 0.394881 0.605119
116 0 0 0 0 0.702282 0.297718
117 0 0 0 0 0.0947603 0.90524
118 0 0 0 0 0.361834 0.638166
119 0 0 0 0 0.671892 0.328108
120 0 0 0 0 0.236674 0.763326
121 0 0 0 0 0.726908 0.273092
122 0 0 0 0 0.586066 0.413934
123 0 0 0 0 0.103691 0.896309
124 0 0 0 0 0.80618 0.19382
125 0 0 0 0 0.530381 0.469619
126 0 0 0 0 0.496753 0.503247
127 0 0 0 0 0.830346 0.169654
128 0 0 0 0 0.512789 0.487211
129 0 0 0 0 0.607035 0.392965
130 0 0 0 0 0.561129 0.438871
131 0 0 0 0 0.653 0.347
132 0 0 0 0 0.345165 0.654835
133 0 0 0 0 0.434783 0.565217
134 0 0 0 0 0.12982 0.87018
135 0 0 0 0 0.160173 0.839827
136 0 0 0 0 0.127566 0.872434
137 0 0 0 0 0.517007 0.482993
138 0 0 0 0 0.707237 0.292763
139 0 0 0 0 0.612524 0.387476
140 0 0 0 0 0.422535 0.577465
141 0 0 0 0 0.0380952 0.961905
142 0 0 0 0 0.963077 0.0369231
143 0 0 0 0 0.738526 0.261474
144 0 0 0 0 0.725728 0.274272
145 0 0 0 0 0.625126 0.374874
146 0 0 0 0 0.262997 0.737003
147 0 0 0 0 0.784916 0.215084
148 0 0 0 0 0.605735 0.394265
149 0 0 0 0 0.937063 0.0629371
150 0 0 0 0 0.39302 0.60698
151 0 0 0 0 0.168798 0.831202
152 0 0 0 0 0.600928 0.399072
153 0 0 0 0 0.757877 0.242123
154 0 0 0 0 0.479452 0.520548
155 0 0 0 0 1 0
156 0 0 0 0 0.644254 0.355746
157 0 0 0 0 0.95122 0.0487805
158 0 0 0 0 0.267442 0.732558
159 0 0 0 0 0.367742 0.632258
160 0 0 0 0 0.138298 0.861702
161 0 0 0 0 0.317217 0.682783
162 0 0 0 0 0.492099 0.507901
163 0 0 0 0 0.95 0.05
164 0 0 0 0 0.265993 0.734007
165 0 0 0 0 0.682377 0.317623
166 0 0 0 0 0.26499 0.73501
167 0 0 0 0 0.608025 0.391975
168 0 0 0 0 0.609234 0.390766
169 0 0 0 0 0.435714 0.564286
170 0 0 0 0 0.242748 0.757252
171 0 0 0 0 0.79 0.21
172 0 0 0 0 0.634529 0.365471
173 0 0 0 0 0.339683 0.660317
174 0 0 0 0 0.459184 0.540816
175 0 0 0 0 0.42246 0.57754
176 0 0 0 0 0.0736544 0.926346
177 0 0 0 0 0.0792492 0.920751
178 0 0 0 0 0.384977 0.615023
179 0 0 0 0 0.793959 0.206041
180 0 0 0 0 0.315789 0.684211
181 0 0 0 0 0.0565032 0.943497
182 0 0 0 0 0.576577 0.423423
183 0 0 0 0 0.541215 0.458785
184 0 0 0 0 0.429325 0.570675
185 0 0 0 0 0.684536 0.315464
186 0 0 0 0 0.321138 0.678862
187 0 0 0 0 0.0142602 0.98574
188 0 0 0 0 0.876761 0.123239
189 0 0 0 0 0.918099 0.0819009
190 0 0 0 0 0.116279 0.883721
191 0 0 0 0 0.0104167 0.989583
192 0 0 0 0 0.225653 0.774347
193 0 0 0 0 0.831006 0.168994
194 0 0 0 0 0.296373 0.703627
195 0 0 0 0 0.533512 0.466488
196 0 0 0 0 0.421384 0.578616
197 0 0 0 0 0.0255363 0.974464
198 0 0 0 0 0.981557 0.0184426
199 0 0 0 0 0.771144 0.228856
200 0 0 0 0 0.869871 0.130129
201 0 0 0 0 0.30303 0.69697
202 0 0 0 0 0.652047 0.347953
203 0 0 0 0 0.316103 0.683897
204 0 0 0 0 0.957806 0.0421941
205 0 0 0 0 0.997059 0.00294118
206 0 0 0 0 0.671906 0.328094
207 0 0 0 0 0.63695 0.36305
208 0 0 0 0 0.803778 0.196222
209 0 0 0 0 0.242254 0.757746
210 0 0 0 0 0.865643 0.134357
211 0 0 0 0 0.924419 0.0755814
212 0 0 0 0 0.819378 0.180622
213 0 0 0 0 0.242567 0.757433
214 0 0 0 0 0.859764 0.140236
215 0 0 0 0 0.895911 0.104089
216 0 0 0 0 0.922424 0.0775758
217 0 0 0 0 0.536364 0.463636
218 0 0 0 0 0.137625 0.862375
219 0 0 0 0 0.82907 0.17093
220 0 0 0 0 0.668467 0.331533
221 0 0 0 0 0.0274566 0.972543
222 0 0 0 0 0.109589 0.890411
223 0 0 0 0 0.187566 0.812434
224 0 0 0 0 0.0993711 0.900629
225 0 0 0 0 0.9777 0.0223005
226 0 0 0 0 0.756757 0.243243
227 0 0 0 0 0 1
228 0 0 0 0 0.495812 0.504188
229 0 0 0 0 0.770068 0.229932
230 0 0 0 0 0.401064 0.598936
231 0 0 0 0 0.770774 0.229226
232 0 0 0 0 0.880724 0.119276
233 0 0 0 0 0.132159 0.867841
234 0 0 0 0 0.0674764 0.932524
235 0 0 0 0 0.849254 0.150746
236 0 0 0 0 0.988048 0.0119522
237 0 0 0 0 0.608319 0.391681
238 0 0 0 0 0.228896 0.771104
239 0 0 0 0 0.1552 0.8448
240 0 0 0 0 0.0731429 0.926857
241 0 0 0 0 0.322581 0.677419
242 0 0 0 0 0.861204 0.138796
243 0 0 0 0 0.428394 0.571606
244 0 0 0 0 0.537255 0.462745
245 0 0 0 0 0.584192 0.415808
246 0 0 0 0 0.375 0.625
247 0 0 0 0 0.121511 0.878489
248 0 0 0 0 0.567123 0.432877
249 0 0 0 0 0.500632 0.499368
250 0 0 0 0 0.534198 0.465802
251 0 0 0 0 0.471605 0.528395
252 0 0 0 0 0.734177 0.265823
253 0 0 0 0 0.706595 0.293405
254 0 0 0 0 0.675325 0.324675
255 0 0 0 0 0.487455 0.512545
256 0 0 0 0 0.00289017 0.99711
257 0 0 0 0 0.458333 0.541667
258 0 0 0 0 0.683393 0.316607
259 0 0 0 0 0.780528 0.219472
260 0 0 0 0 0.81 0.19
261 0 0 0 0 0.398618 0.601382
262 0 0 0 0 0.650407 0.349593
263 0 0 0 0 0.354298 0.645702
264 0 0 0 0 0.154047 0.845953
265 0 0 0 0 0.803922 0.196078
266 0 0 0 0 0.113483 0.886517
267 0 0 0 0 0.667017 0.332983
268 0 0 0 0 0.875152 0.124848
269 0 0 0 0 0.113712 0.886288
270 0 0 0 0 0.27824 0.72176
271 0 0 0 0 0.79034 0.20966
272 0 0 0 0 0.468665 0.531335
273 0 0 0 0 0.507909 0.492091
274 0 0 0 0 0.22619 0.77381
275 0 0 0 0 0.757642 0.242358
276 0 0 0 0 0.907489 0.092511
277 0 0 0 0 0.89272 0.10728
278 0 0 0 0 0.541126 0.458874
279 0 0 0 0 0.688525 0.311475
280 0 0 0 0 0.513011 0.486989
281 0 0 0 0 0.949917 0.0500835
282 0 0 0 0 0.898734 0.101266
283 0 0 0 0 0.419876 0.580124
284 0 0 0 0 0.598765 0.401235
285 0 0 0 0 0.439783 0.560217
286 0 0 0 0 0.756213 0.243787
287 0 0 0 0 0.285266 0.714734
288 0 0 0 0 0.108392 0.891608
289 0 0 0 0 0.0433369 0.956663
290 0 0 0 0 0.0617696 0.93823
291 0 0 0 0 0.0611285 0.938871
292 0 0 0 0 0.305322 0.694678
293 0 0 0 0 0.84273 0.15727
294 0 0 0 0 0.342857 0.657143
295 0 0 0 0 0.770175 0.229825
296 0 0 0 0 0.405743 0.594257
297 0 0 0 0 0.473595 0.526405
298 0 0 0 0 0.679435 0.320565
299 0 0 0 0 0.981908 0.0180921
300 0 0 0 0 0.201156 0.798844
301 0 0 0 0 0.19697 0.80303
302 0 0 0 0 0.497706 0.502294
303 0 0 0 0 0.208065 0.791935
304 0 0 0 0 0.497797 0.502203
305 0 0 0 0 0.219482 0.780518
306 0 0 0 0 0.494824 0.505176
307 0 0 0 0 0.626168 0.373832
308 0 0 0 0 0.600506 0.399494
309 0 0 0 0 0.743429 0.256571
310 0 0 0 0 0.187861 0.812139
311 0 0 0 0 0.264574 0.735426
312 0 0 0 0 0.00246609 0.997534
313 0 0 0 0 0.00528541 0.994715
314 0 0 0 0 0.718033 0.281967
315 0 0 0 0 0.798107 0.201893
316 0 0 0 0 0.737908 0.262092
317 0 0 0 0 0.0309278 0.969072
318 0 0 0 0 0.109605 0.890395
319 0 0 0 0 0.525901 0.474099
320 0 0 0 0 0.318131 0.681869
321 0 0 0 0 0.699219 0.300781
322 0 0 0 0 0.242268 0.757732
323 0 0 0 0 0.231335 0.768665
324 0 0 0 0 0.627965 0.372035
325 0 0 0 0 0.832298 0.167702
326 0 0 0 0 0.757743 0.242257
327 0 0 0 0 0.668975 0.331025
328 0 0 0 0 0.0431894 0.956811
329 0 0 0 0 0.396516 0.603484
330 0 0 0 0 0.856135 0.143865
331 0 0 0 0 0.86231 0.13769
332 0 0 0 0 0.120853 0.879147
333 0 0 0 0 0.974328 0.0256724
334 0 0 0 0 0.467492 0.532508
335 0 0 0 0 0.21308 0.78692
336 0 0 0 0 0.0807834 0.919217
337 0 0 0 0 0.5889 0.4111
338 0 0 0 0 0.723629 0.276371
339 0 0 0 0 0.598698 0.401302
340 0 0 0 0 0.651835 0.348165
341 0 0 0 0 0.304175 0.695825
342 0 0 0 0 0.0575275 0.942472
343 0 0 0 0 0.762887 0.237113
344 0 0 0 0 0.253521 0.746479
345 0 0 0 0 0.33634 0.66366
346 0 0 0 0 0.57754 0.42246
347 0 0 0 0 0.955435 0.0445652
348 0 0 0 0 0.970405 0.029595
349 0 0 0 0 0.232787 0.767213
350 0 0 0 0 0.718499 0.281501
351 0 0 0 0 0.435106 0.564894
352 0 0 0 0 0.470588 0.529412
353 0 0 0 0 0.0671141 0.932886
354 0 0 0 0 0.653061 0.346939
355 0 0 0 0 0.755372 0.244628
356 0 0 0 0 0.0166667 0.983333
357 0 0 0 0 0.891176 0.108824
358 0 0 0 0 0.930728 0.0692718
359 0 0 0 0 0.984 0.016
360 0 0 0 0 0.864198 0.135802
361 0 0 0 0 0.212483 0.787517
362 0 0 0 0 0.461929 0.538071
363 0 0 0 0 0.281346 0.718654
364 0 0 0 0 0.912429 0.0875706
365 0 0 0 0 0.433043 0.566957
366 0 0 0 0 0.933076 0.0669241
367 0 0 0 0 0.815315 0.184685
368 0 0 0 0 0.906213 0.0937866
369 0 0 0 0 0.148148 0.851852
370 0 0 0 0 0.578735 0.421265
371 0 0 0 0 0.52439 0.47561
372 0 0 0 0 0.0386572 0.961343
373 0 0 0 0 0.363478 0.636522
374 0 0 0 0 0.0146413 0.985359
375 0 0 0 0 0.389522 0.610478
376 0 0 0 0 0.44698 0.55302
377 0 0 0 0 0.50487 0.49513
378 0 0 0 0 0.204842 0.795158
379 0 0 0 0 0.0834327 0.916567
380 0 0 0 0 0.820711 0.179289
381 0 0 0 0 0.213315 0.786685
382 0 0 0 0 0.584565 0.415435
383 0 0 0 0 0.528169 0.471831
384 0 0 0 0 0.0205993 0.979401
385 0 0 0 0 0.639908 0.360092
386 0 0 0 0 0.588235 0.411765
387 0 0 0 0 0.0506799 0.94932
388 0 0 0 0 0.290422 0.709578
389 0 0 0 0 0.619427 0.380573
390 0 0 0 0 0.179811 0.820189
391 0 0 0 0 0.338611 0.661389
392 0 0 0 0 0.913112 0.0868878
393 0 0 0 0 0.184149 0.815851
394 0 0 0 0 0.435829 0.564171
395 0 0 0 0 0.464968 0.535032
396 0 0 0 0 0.5 0.5
397 0 0 0 0 0.6254 0.3746
398 0 0 0 0 0.591549 0.408451
399 0 0 0 0 0.839891 0.160109
400 0 0 0 0 0.0714286 0.928571
401 0 0 0 0 0.308864 0.691136
402 0 0 0 0 0.248889 0.751111
403 0 0 0 0 0.0770128 0.922987
404 0 0 0 0 0.274576 0.725424
405 0 0 0 0 0.325726 0.674274
406 0 0 0 0 0.845056 0.154944
407 0 0 0 0 0.816044 0.183956
408 0 0 0 0 0.921429 0.0785714
409 0 0 0 0 0.3975 0.6025
410 0 0 0 0 0.967509 0.032491
411 0 0 0 0 0.176471 0.823529
412 0 0 0 0 0.368237 0.631763
413 0 0 0 0 0.662404 0.337596
414 0 0 0 0 0.220109 0.779891
415 0 0 0 0 0.580931 0.419069
416 0 0 0 0 0.0699523 0.930048
417 0 0 0 0 0.676923 0.323077
418 0 0 0 0 0.834917 0.165083
419 0 0 0 0 0.325641 0.674359
420 0 0 0 0 0.271057 0.728943
421 0 0 0 0 0.708617 0.291383
422 0 0 0 0 0.566186 0.433814
423 0 0 0 0 0.297561 0.702439
424 0 0 0 0 0.0725146 0.927485
425 0 0 0 0 0.863275 0.136725
426 0 0 0 0 0.325301 0.674699
427 0 0 0 0 0.698297 0.301703
428 0 0 0 0 0.242254 0.757746
429 0 0 0 0 0.927273 0.0727273
430 0 0 0 0 0.569267 0.430733
431 0 0 0 0 0.455556 0.544444
432 0 0 0 0 0.759883 0.240117
433 0 0 0 0 0.108108 0.891892
434 0 0 0 0 0.382445 0.617555
435 0 0 0 0 0.558962 0.441038
436 0 0 0 0 0.69434 0.30566
437 0 0 0 0 0.711675 0.288325
438 0 0 0 0 0.566125 0.433875
439 0 0 0 0 0.242117 0.757883
440 0 0 0 0 0.544974 0.455026
441 0 0 0 0 0.372549 0.627451
442 0 0 0 0 0.559717 0.440283
443 0 0 0 0 0.6875 0.3125
444 0 0 0 0 0.566707 0.433293
445 0 0 0 0 0.589552 0.410448
446 0 0 0 0 0.484083 0.515917
447 0 0 0 0 0.501059 0.498941
448 0 0 0 0 0.708333 0.291667
449 0 0 0 0 0.726619 0.273381
450 0 0 0 0 0.388385 0.611615
451 0 0 0 0 0.562667 0.437333
452 0 0 0 0 0.382172 0.617828
453 0 0 0 0 0.622449 0.377551
454 0 0 0 0 0.240385 0.759615
455 0 0 0 0 0.405747 0.594253
456 0 0 0 0 0.543478 0.456522
457 0 0 0 0 0.490605 0.509395
458 0 0 0 0 0.76087 0.23913
459 0 0 0 0 0.519101 0.480899
460 0 0 0 0 0.655172 0.344828
461 0 0 0 0 0.568209 0.431791
462 0 0 0 0 0.931818 0.0681818
463 0 0 0 0 0.501532 0.498468
464 0 0 0 0 0.648107 0.351893
465 0 0 0 0 0.541307 0.458693
466 0 0 0 0 0.0462428 0.953757
467 0 0 0 0 0.914573 0.0854271
468 0 0 0 0 0.631799 0.368201
469 0 0 0 0 0.347917 0.652083
470 0 0 0 0 0.676768 0.323232
471 0 0 0 0 0.49 0.51
472 0 0 0 0 0.474308 0.525692
473 0 0 0 0 0.677419 0.322581
474 0 0 0 0 0.349727 0.650273
475 0 0 0 0 0.458967 0.541033
476 0 0 0 0 0.563867 0.436133
477 0 0 0 0 0.72549 0.27451
478 0 0 0 0 0.556878 0.443122
479 0 0 0 0 0.510441 0.489559
480 0 0 0 0 0.976471 0.0235294
481 0 0 0 0 0.613303 0.386697
482 0 0 0 0 0.637002 0.362998
483 0 0 0 0 0.53211 0.46789
484 0 0 0 0 0.755556 0.244444
485 0 0 0 0 0.518424 0.481576
486 0 0 0 0 0.435644 0.564356
487 0 0 0 0 0.545984 0.454016
488 0 0 0 0 0.563006 0.436994
489 0 0 0 0 0.617751 0.382249
490 0 0 0 0 0.4 0.6
491 0 0 0 0 0.155844 0.844156
492 0 0 0 0 0.478307 0.521693
493 0 0 0 0 0.598361 0.401639
494 0 0 0 0 0.404015 0.595985
495 0 0 0 0 0.640045 0.359955
496 0 0 0 0 0.546307 0.453693
497 0 0 0 0 0.0104895 0.98951
498 0 0 0 0 0.0340502 0.96595
499 0 0 0 0 0.261905 0.738095
500 0 0 0 0 0.498449 0.501551
501 0 0 0 0 0.468635 0.531365
502 0 0 0 0 0.467547 0.532453
503 0 0 0 0 0.521236 0.478764
504 0 0 0 0 0.541802 0.458198
505 0 0 0 0 0.569367 0.430633
506 0 0 0 0 0.601726 0.398274
507 0 0 0 0 0.588043 0.411957
508 0 0 0 0 0.170833 0.829167
509 0 0 0 0 0.462329 0.537671
510 0 0 0 0 0.515499 0.484501
511 0 0 0 0 0.709924 0.290076
512 0 0 0 0 0.682749 0.317251
513 0 0 0 0 0.5 0.5
514 0 0 0 0 0.539299 0.460701
515 0 0 0 0 0.7056 0.2944
516 0 0 0 0 0.959016 0.0409836
517 0 0 0 0 0.351588 0.648412
518 0 0 0 0 0.473797 0.526203
519 0 0 0 0 0.419069 0.580931
520 0 0 0 0 0.505263 0.494737
521 0 0 0 0 0.613419 0.386581
522 0 0 0 0 0.566095 0.433905
523 0 0 0 0 0.540023 0.459977
524 0 0 0 0 0.944444 0.0555556
525 0 0 0 0 0.548662 0.451338
526 0 0 0 0 0.543651 0.456349
527 0 0 0 0 0.689086 0.310914
528 0 0 0 0 0.562753 0.437247
529 0 0 0 0 0.487646 0.512354
530 0 0 0 0 0.524764 0.475236
531 0 0 0 0 0.462176 0.537824
532 0 0 0 0 0.455135 0.544865
533 0 0 0 0 0.807122 0.192878
534 0 0 0 0 0.25641 0.74359
535 0 0 0 0 0.39311 0.60689
536 0 0 0 0 0.151261 0.848739
537 0 0 0 0 0.456341 0.543659
538 0 0 0 0 0.451178 0.548822
539 0 0 0 0 0.848534 0.151466
540 0 0 0 0 0.366404 0.633596
541 0 0 0 0 0.517165 0.482835
542 0 0 0 0 0.59715 0.40285
543 0 0 0 0 0.448093 0.551907
544 0 0 0 0 0.447991 0.552009
545 0 0 0 0 0.555677 0.444323
546 0 0 0 0 0.45473 0.54527
547 0 0 0 0 0.753672 0.246328
548 0 0 0 0 0.64 0.36
549 0 0 0 0 0.510428 0.489572
550 0 0 0 0 0.177083 0.822917
551 0 0 0 0 0.441329 0.558671
552 0 0 0 0 0.462687 0.537313
553 0 0 0 0 0.704545 0.295455
554 0 0 0 0 0.724622 0.275378
555 0 0 0 0 0.519423 0.480577
556 0 0 0 0 0.324042 0.675958
557 0 0 0 0 0.730818 0.269182
558 0 0 0 0 0.693657 0.306343
559 0 0 0 0 0.533632 0.466368
560 0 0 0 0 0.521784 0.478216
561 0 0 0 0 0.457008 0.542992
562 0 0 0 0 0.725 0.275
563 0 0 0 0 0.698276 0.301724
564 0 0 0 0 0.462406 0.537594
565 0 0 0 0 0.531479 0.468521
566 0 0 0 0 0.675439 0.324561
567 0 0 0 0 0.59633 0.40367
568 0 0 0 0 0.331551 0.668449
569 0 0 0 0 0.525316 0.474684
570 0 0 0 0 0.737473 0.262527
571 0 0 0 0 0.0959596 0.90404
572 0 0 0 0 0.469747 0.530253
573 0 0 0 0 0.421558 0.578442
574 0 0 0 0 0.0625 0.9375
575 0 0 0 0 0.909091 0.0909091
576 0 0 0 0 0.503497 0.496503
577 0 0 0 0 0.554951 0.445049
578 0 0 0 0 0.287356 0.712644
579 0 0 0 0 0.510303 0.489697
580 0 0 0 0 0.518129 0.481871
581 0 0 0 0 0.634265 0.365735
582 0 0 0 0 0.583541 0.416459
583 0 0 0 0 0.0178571 0.982143
584 0 0 0 0 0.947917 0.0520833
585 0 0 0 0 0.601236 0.398764
586 0 0 0 0 0.542237 0.457763
587 0 0 0 0 0.435052 0.564948
588 0 0 0 0 0.643972 0.356028
589 0 0 0 0 0.168339 0.831661
590 0 0 0 0 0.49238 0.50762
591 0 0 0 0 0.548131 0.451869
592 0 0 0 0 0.613636 0.386364
593 0 0 0 0 0.562207 0.437793
594 0 0 0 0 0.246753 0.753247
595 0 0 0 0 0.309446 0.690554
596 0 0 0 0 0.255102 0.744898
597 0 0 0 0 0.469665 0.530335
598 0 0 0 0 0.300116 0.699884
599 0 0 0 0 0.907407 0.0925926
600 0 0 0 0 0.432821 0.567179
601 0 0 0 0 0.466667 0.533333
602 0 0 0 0 0.510035 0.489965
603 0 0 0 0 0.425856 0.574144
604 0 0 0 0 0.688326 0.311674
605 0 0 0 0 0.439336 0.560664
606 0 0 0 0 0.567204 0.432796
607 0 0 0 0 0.3769 0.6231
608 0 0 0 0 0.45 0.55
609 0 0 0 0 0.571429 0.428571
610 0 0 0 0 0.421176 0.578824
611 0 0 0 0 0.585486 0.414514
612 0 0 0 0 0.529915 0.470085
613 0 0 0 0 0.55567 0.44433
614 0 0 0 0 0.773381 0.226619
615 0 0 0 0 0.721311 0.278689
616 0 0 0 0 0.492848 0.507152
617 0 0 0 0 0.464961 0.535039
618 0 0 0 0 0.96875 0.03125
619 0 0 0 0 0.222222 0.777778
620 0 0 0 0 0.571078 0.428922
621 0 0 0 0 0.62809 0.37191
622 0 0 0 0 0.806686 0.193314
623 0 0 0 0 0.7046 0.2954
624 0 0 0 0 0.992126 0.00787402
625 0 0 0 0 0.567691 0.432309
626 0 0 0 0 0.498137 0.501863
627 0 0 0 0 0.464891 0.535109
628 0 0 0 0 0.412903 0.587097
629 0 0 0 0 0.607143 0.392857
630 0 0 0 0 0.594688 0.405312
631 0 0 0 0 0.679151 0.320849
632 0 0 0 0 0.841727 0.158273
633 0 0 0 0 0.584507 0.415493
634 0 0 0 0 0.418335 0.581665
635 0 0 0 0 0.468208 0.531792
636 0 0 0 0 0.491713 0.508287
637 0 0 0 0 0.498795 0.501205
638 0 0 0 0 0.236641 0.763359
639 0 0 0 0 0.628931 0.371069
640 0 0 0 0 0.494715 0.505285
641 0 0 0 0 0.00636943 0.993631
642 0 0 0 0 0.743484 0.256516
643 0 0 0 0 0.696023 0.303977
644 0 0 0 0 0.59558 0.40442
645 0 0 0 0 0.383313 0.616687
646 0 0 0 0 0.449761 0.550239
647 0 0 0 0 0.591116 0.408884
648 0 0 0 0 0.292818 0.707182
649 0 0 0 0 0.589041 0.410959
650 0 0 0 0 0.774194 0.225806
651 0 0 0 0 0.593184 0.406816
652 0 0 0 0 0.55082 0.44918
653 0 0 0 0 0.451843 0.548157
654 0 0 0 0 1 0
655 0 0 0 0 0.614428 0.385572
656 0 0 0 0 0.33033 0.66967
657 0 0 0 0 0.644231 0.355769
658 0 0 0 0 0.320498 0.679502
659 0 0 0 0 0.685291 0.314709
660 0 0 0 0 0.573903 0.426097
661 0 0 0 0 0.347826 0.652174
662 0 0 0 0 0.558968 0.441032
663 0 0 0 0 0.551546 0.448454
664 0 0 0 0 0.501114 0.498886
665 0 0 0 0 0.422727 0.577273
666 0 0 0 0 0.125 0.875
667 0 0 0 0 0.302839 0.697161
668 0 0 0 0 0.529859 0.470141
669 0 0 0 0 0.27464 0.72536
670 0 0 0 0 0.842105 0.157895
671 0 0 0 0 0.586572 0.413428
672 0 0 0 0 0.605392 0.394608
673 0 0 0 0 0.368794 0.631206
674 0 0 0 0 0.327778 0.672222
675 0 0 0 0 0.704082 0.295918
676 0 0 0 0 0.346734 0.653266
677 0 0 0 0 0.520362 0.479638
678 0 0 0 0 0.59727 0.40273
679 0 0 0 0 0.558824 0.441176
680 0 0 0 0 0.720859 0.279141
681 0 0 0 0 0.523143 0.476857
682 0 0 0 0 0.697368 0.302632
683 0 0 0 0 0.917511 0.0824891
684 0 0 0 0 0.466735 0.533265
685 0 0 0 0 0.495564 0.504436
686 0 0 0 0 0.506881 0.493119
687 0 0 0 0 0.993412 0.00658762
688 0 0 0 0 0.720141 0.279859
689 0 0 0 0 0.54878 0.45122
690 0 0 0 0 0.330629 0.669371
691 0 0 0 0 0.971831 0.028169
692 0 0 0 0 0.438719 0.561281
693 0 0 0 0 0.401919 0.598081
694 0 0 0 0 0.594595 0.405405
695 0 0 0 0 0.314875 0.685125
696 0 0 0 0 0.531702 0.468298
697 0 0 0 0 0.121827 0.878173
698 0 0 0 0 0.45768 0.54232
699 0 0 0 0 0.965986 0.0340136
700 0 0 0 0 0.522103 0.477897
701 0 0 0 0 0.739892 0.260108
702 0 0 0 0 0.341232 0.658768
703 0 0 0 0 0.536616 0.463384
704 0 0 0 0 0.452355 0.547645
705 0 0 0 0 0.476546 0.523454
706 0 0 0 0 0.584217 0.415783
707 0 0 0 0 0.248092 0.751908
708 0 0 0 0 0.554762 0.445238
709 0 0 0 0 0.775837 0.224163
710 0 0 0 0 0.661728 0.338272
711 0 0 0 0 0.751174 0.248826
712 0 0 0 0 0.481395 0.518605
713 0 0 0 0 0.519231 0.480769
714 0 0 0 0 0.0261438 0.973856
715 0 0 0 0 0.480645 0.519355
716 0 0 0 0 0.314286 0.685714
717 0 0 0 0 0.593394 0.406606
718 0 0 0 0 0.738126 0.261874
719 0 0 0 0 0.491111 0.508889
720 0 0 0 0 0.660205 0.339795
721 0 0 0 0 0.545353 0.454647
722 0 0 0 0 0.178082 0.821918
723 0 0 0 0 0.444695 0.555305
724 0 0 0 0 0.538462 0.461538
725 0 0 0 0 0.61399 0.38601
726 0 0 0 0 0.523399 0.476601
727 0 0 0 0 0.688596 0.311404
728 0 0 0 0 0.471679 0.528321
729 0 0 0 0 0.963504 0.0364964
730 0 0 0 0 0.440402 0.559598
731 0 0 0 0 0.443584 0.556416
732 0 0 0 0 0.871212 0.128788
733 0 0 0 0 0.694301 0.305699
734 0 0 0 0 0.53271 0.46729
735 0 0 0 0 0.64638 0.35362
736 0 0 0 0 0.481108 0.518892
737 0 0 0 0 0.612291 0.387709
738 0 0 0 0 0.609756 0.390244
739 0 0 0 0 0.476923 0.523077
740 0 0 0 0 0.439504 0.560496
741 0 0 0 0 0.585526 0.414474
742 0 0 0 0 0.33121 0.66879
743 0 0 0 0 0.445946 0.554054
744 0 0 0 0 0.731707 0.268293
745 0 0 0 0 0.610981 0.389019
746 0 0 0 0 0.133333 0.866667
747 0 0 0 0 0.0384615 0.961538
748 0 0 0 0 0.221122 0.778878
749 0 0 0 0 0.68932 0.31068
750 0 0 0 0 0.461382 0.538618
751 0 0 0 0 0.575 0.425
752 0 0 0 0 0.551143 0.448857
753 0 0 0 0 0.666667 0.333333
754 0 0 0 0 0.36036 0.63964
755 0 0 0 0 0.39977 0.60023
756 0 0 0 0 0.404506 0.595494
757 0 0 0 0 0.316916 0.683084
758 0 0 0 0 0.610491 0.389509
759 0 0 0 0 0.50905 0.49095
760 0 0 0 0 0.657635 0.342365
761 0 0 0 0 0.539957 0.460043
762 0 0 0 0 0.412595 0.587405
763 0 0 0 0 0.476351 0.523649
764 0 0 0 0 0.642409 0.357591
765 0 0 0 0 0.523585 0.476415
766 0 0 0 0 0.717877 0.282123
767 0 0 0 0 0.456257 0.543743
768 0 0 0 0 0.610792 0.389208
769 0 0 0 0 0.454237 0.545763
770 0 0 0 0 0.648276 0.351724
771 0 0 0 0 0.619855 0.380145
772 0 0 0 0 0.61015 0.38985
773 0 0 0 0 0.451451 0.548549
774 0 0 0 0 0.612676 0.387324
775 0 0 0 0 0.472643 0.527357
776 0 0 0 0 0.463636 0.536364
777 0 0 0 0 0.627856 0.372144
778 0 0 0 0 0.493932 0.506068
779 0 0 0 0 0.465459 0.534541
780 0 0 0 0 0.608312 0.391688
781 0 0 0 0 0.438095 0.561905
782 0 0 0 0 0.861314 0.138686
783 0 0 0 0 0.442387 0.557613
784 0 0 0 0 0.624122 0.375878
785 0 0 0 0 0.350365 0.649635
786 0 0 0 0 0.863469 0.136531
787 0 0 0 0 0.690789 0.309211
788 0 0 0 0 0.530565 0.469435
789 0 0 0 0 0.344262 0.655738
790 0 0 0 0 0.529755 0.470245
791 0 0 0 0 0.41989 0.58011
792 0 0 0 0 0.697954 0.302046
793 0 0 0 0 0.265664 0.734336
794 0 0 0 0 0.915094 0.0849057
795 0 0 0 0 0.619876 0.380124
796 0 0 0 0 0.620575 0.379425
797 0 0 0 0 0.451613 0.548387
798 0 0 0 0 0.511416 0.488584
799 0 0 0 0 0.621951 0.378049
800 0 0 0 0 0.660714 0.339286
801 0 0 0 0 0.309353 0.690647
802 0 0 0 0 0.371859 0.628141
803 0 0 0 0 0.519435 0.480565
804 0 0 0 0 0.43177 0.56823
805 0 0 0 0 0.57 0.43
806 0 0 0 0 0.962963 0.037037
807 0 0 0 0 0.452941 0.547059
808 0 0 0 0 0.395203 0.604797
809 0 0 0 0 0.380066 0.619934
810 0 0 0 0 0.56568 0.43432
811 0 0 0 0 0.393524 0.606476
812 0 0 0 0 0.643478 0.356522
813 0 0 0 0 0.593819 0.406181
814 0 0 0 0 0.56443 0.43557
815 0 0 0 0 0.454545 0.545455
816 0 0 0 0 0.286935 0.713065
817 0 0 0 0 0.471487 0.528513
818 0 0 0 0 0.589963 0.410037
819 0 0 0 0 0.476828 0.523172
820 0 0 0 0 0.436836 0.563164
821 0 0 0 0 0.725 0.275
822 0 0 0 0 0.792784 0.207216
823 0 0 0 0 0.876404 0.123596
824 0 0 0 0 0.621978 0.378022
825 0 0 0 0 0.612457 0.387543
826 0 0 0 0 0.364389 0.635611
827 0 0 0 0 0.566474 0.433526
828 0 0 0 0 0.54272 0.45728
829 0 0 0 0 0.876289 0.123711
830 0 0 0 0 0.443478 0.556522
831 0 0 0 0 0.558113 0.441887
832 0 0 0 0 0.752759 0.247241
833 0 0 0 0 0.0787402 0.92126
834 0 0 0 0 0.04 0.96
835 0 0 0 0 0.844227 0.155773
836 0 0 0 0 0.313348 0.686652
837 0 0 0 0 0.570248 0.429752
838 0 0 0 0 0.492081 0.507919
839 0 0 0 0 0.601342 0.398658
840 0 0 0 0 0.110169 0.889831
841 0 0 0 0 0.29404 0.70596
842 0 0 0 0 0.490647 0.509353
843 0 0 0 0 0.72 0.28
844 0 0 0 0 0.450771 0.549229
845 0 0 0 0 0.491043 0.508957
846 0 0 0 0 0.497149 0.502851
847 0 0 0 0 0.489035 0.510965
848 0 0 0 0 0.472579 0.527421
849 0 0 0 0 0.59466 0.40534
850 0 0 0 0 0.561201 0.438799
851 0 0 0 0 0.757042 0.242958
852 0 0 0 0 0.548663 0.451337
853 0 0 0 0 0.836784 0.163216
854 0 0 0 0 0.45086 0.54914
855 0 0 0 0 0.340206 0.659794
856 0 0 0 0 0.569252 0.430748
