NAME : X-n837-k142
COMMENT : "Generated by Uchoa, Pecin, Pessoa, Poggi, Subramanian, and Vidal (2013)"
TYPE : CVRP
DIMENSION : 837
EDGE_WEIGHT_TYPE : EUC_2D
CAPACITY : 44
NODE_COORD_SECTION
1 940 231
2 721 848
3 618 44
4 993 145
5 636 512
6 274 496
7 245 945
8 449 812
9 29 650
10 399 8
11 548 19
12 769 717
13 221 850
14 980 233
15 477 922
16 498 720
17 136 832
18 351 663
19 58 67
20 889 569
21 28 334
22 804 928
23 900 138
24 393 403
25 982 609
26 79 299
27 684 582
28 169 252
29 405 925
30 875 191
31 674 112
32 576 537
33 539 63
34 338 657
35 210 209
36 676 568
37 949 826
38 572 890
39 210 615
40 737 46
41 30 527
42 131 724
43 671 842
44 727 566
45 507 497
46 524 134
47 167 665
48 819 108
49 929 582
50 713 738
51 352 626
52 887 547
53 176 645
54 611 289
55 457 532
56 11 147
57 958 60
58 587 187
59 790 956
60 974 63
61 306 225
62 961 969
63 238 736
64 758 840
65 88 44
66 507 811
67 768 476
68 51 914
69 494 445
70 953 33
71 922 45
72 748 111
73 544 867
74 477 596
75 322 79
76 439 150
77 586 764
78 214 599
79 168 480
80 925 138
81 797 107
82 751 783
83 738 913
84 703 73
85 681 886
86 627 27
87 887 310
88 478 345
89 571 600
90 834 858
91 549 370
92 657 233
93 126 769
94 317 934
95 237 55
96 851 409
97 838 426
98 477 559
99 542 94
100 370 432
101 520 621
102 666 178
103 631 484
104 733 255
105 820 918
106 687 877
107 752 983
108 157 720
109 709 898
110 300 878
111 728 617
112 66 59
113 991 657
114 717 47
115 463 177
116 586 397
117 792 307
118 100 392
119 438 722
120 43 247
121 71 476
122 69 560
123 211 73
124 471 14
125 115 806
126 194 337
127 921 320
128 104 495
129 36 456
130 500 152
131 782 316
132 881 374
133 277 601
134 962 575
135 588 181
136 941 728
137 108 931
138 11 814
139 209 800
140 129 525
141 126 149
142 31 219
143 97 324
144 495 122
145 759 480
146 859 782
147 780 669
148 786 769
149 759 159
150 282 633
151 361 17
152 957 103
153 711 939
154 544 544
155 27 318
156 665 656
157 523 586
158 842 429
159 539 783
160 769 347
161 937 386
162 824 841
163 738 391
164 833 988
165 16 637
166 91 472
167 41 388
168 623 780
169 660 155
170 700 658
171 946 783
172 607 815
173 87 771
174 658 874
175 527 853
176 459 577
177 352 829
178 427 235
179 937 639
180 554 438
181 833 692
182 421 999
183 908 447
184 469 163
185 737 238
186 509 61
187 246 352
188 488 408
189 600 359
190 510 460
191 342 691
192 95 216
193 787 465
194 700 873
195 659 568
196 478 525
197 988 980
198 303 119
199 241 353
200 28 661
201 724 842
202 2 660
203 210 180
204 840 841
205 843 9
206 430 92
207 265 453
208 209 673
209 20 952
210 673 659
211 185 335
212 138 655
213 263 155
214 769 741
215 325 260
216 831 678
217 401 625
218 212 360
219 118 426
220 192 520
221 596 376
222 449 679
223 579 295
224 333 352
225 837 944
226 377 500
227 797 97
228 65 235
229 440 877
230 849 769
231 439 326
232 407 621
233 550 241
234 169 68
235 253 243
236 76 852
237 642 116
238 598 124
239 564 374
240 997 660
241 14 98
242 845 303
243 774 9
244 791 671
245 299 800
246 575 109
247 865 708
248 290 897
249 953 348
250 906 692
251 895 790
252 25 242
253 761 886
254 909 336
255 501 846
256 731 4
257 337 71
258 106 973
259 400 229
260 846 368
261 623 580
262 978 669
263 884 559
264 10 910
265 390 602
266 451 134
267 324 221
268 569 98
269 735 341
270 411 220
271 672 867
272 69 790
273 584 520
274 193 416
275 954 912
276 761 734
277 192 875
278 88 353
279 777 38
280 98 68
281 642 658
282 838 305
283 824 694
284 238 825
285 344 138
286 137 683
287 357 593
288 541 423
289 537 99
290 137 539
291 719 213
292 68 173
293 788 339
294 939 69
295 826 300
296 86 779
297 492 174
298 96 108
299 674 364
300 566 830
301 371 935
302 119 629
303 840 180
304 678 310
305 979 466
306 970 249
307 975 291
308 298 94
309 192 630
310 560 724
311 310 503
312 506 445
313 720 806
314 259 450
315 156 388
316 81 518
317 597 384
318 388 967
319 399 787
320 11 859
321 688 276
322 721 451
323 3 300
324 983 902
325 184 404
326 984 221
327 514 801
328 887 476
329 106 208
330 356 238
331 552 923
332 318 297
333 803 145
334 974 602
335 316 566
336 73 473
337 448 186
338 422 51
339 86 398
340 653 3
341 548 316
342 239 470
343 717 351
344 762 276
345 434 39
346 420 378
347 141 122
348 805 572
349 769 874
350 909 440
351 875 676
352 393 561
353 38 852
354 105 958
355 504 740
356 840 804
357 62 24
358 360 375
359 199 310
360 661 252
361 484 955
362 481 777
363 208 145
364 74 749
365 277 225
366 223 388
367 353 272
368 504 527
369 242 931
370 801 74
371 538 483
372 75 710
373 510 183
374 377 842
375 244 834
376 115 811
377 37 611
378 570 338
379 30 147
380 658 235
381 109 856
382 950 351
383 34 512
384 937 779
385 840 77
386 541 308
387 470 783
388 890 127
389 672 450
390 321 779
391 132 77
392 658 358
393 875 663
394 719 972
395 893 283
396 86 437
397 45 423
398 119 237
399 199 550
400 221 723
401 613 950
402 357 566
403 582 795
404 815 464
405 329 481
406 223 90
407 144 199
408 819 300
409 778 769
410 960 581
411 73 711
412 891 760
413 869 582
414 762 952
415 129 544
416 891 765
417 341 202
418 279 754
419 152 677
420 381 124
421 262 932
422 114 684
423 563 354
424 128 42
425 527 584
426 322 73
427 562 370
428 392 609
429 402 184
430 407 91
431 269 94
432 736 268
433 598 496
434 292 92
435 108 661
436 433 748
437 331 889
438 240 788
439 536 312
440 341 127
441 258 809
442 519 923
443 326 931
444 391 274
445 117 800
446 353 801
447 202 115
448 323 190
449 44 588
450 326 102
451 446 362
452 469 593
453 117 93
454 764 469
455 595 304
456 511 582
457 552 544
458 267 814
459 355 95
460 82 52
461 505 535
462 289 40
463 232 30
464 234 71
465 397 107
466 339 189
467 296 920
468 39 226
469 348 79
470 513 307
471 528 254
472 333 16
473 382 971
474 369 93
475 532 444
476 451 579
477 380 524
478 64 69
479 95 739
480 483 514
481 750 328
482 258 106
483 497 64
484 286 695
485 248 949
486 375 378
487 465 221
488 665 270
489 366 0
490 254 885
491 262 90
492 237 52
493 573 528
494 355 35
495 326 743
496 147 77
497 557 337
498 120 742
499 247 1
500 542 619
501 352 892
502 366 80
503 91 80
504 538 87
505 902 274
506 654 479
507 313 817
508 106 673
509 195 998
510 115 52
511 364 134
512 274 243
513 57 711
514 174 77
515 78 697
516 390 168
517 213 892
518 128 133
519 449 314
520 556 888
521 321 786
522 600 669
523 412 125
524 324 50
525 342 957
526 286 100
527 430 128
528 207 933
529 468 125
530 175 709
531 118 633
532 162 859
533 51 47
534 53 761
535 316 25
536 134 680
537 442 125
538 616 462
539 444 691
540 40 840
541 464 616
542 127 21
543 285 942
544 79 85
545 164 732
546 802 300
547 601 607
548 310 162
549 340 363
550 133 689
551 414 154
552 77 257
553 413 193
554 964 400
555 410 533
556 461 585
557 134 80
558 298 981
559 410 716
560 181 164
561 150 224
562 446 55
563 102 676
564 241 697
565 395 26
566 441 90
567 451 196
568 136 5
569 392 113
570 270 851
571 507 75
572 398 622
573 312 43
574 352 730
575 305 69
576 322 743
577 349 122
578 395 83
579 387 251
580 105 616
581 355 120
582 751 566
583 249 494
584 209 637
585 79 699
586 345 960
587 413 673
588 130 914
589 274 911
590 780 402
591 140 61
592 482 279
593 246 922
594 282 106
595 356 96
596 245 939
597 484 170
598 542 595
599 370 97
600 331 165
601 534 437
602 139 685
603 780 618
604 689 306
605 22 4
606 436 370
607 304 987
608 171 660
609 764 567
610 594 247
611 255 840
612 495 395
613 579 590
614 86 560
615 378 926
616 114 692
617 540 352
618 249 45
619 601 470
620 723 669
621 457 108
622 367 181
623 77 759
624 289 292
625 136 898
626 213 165
627 455 745
628 278 80
629 642 706
630 608 601
631 556 353
632 515 475
633 263 868
634 186 643
635 443 30
636 246 21
637 634 512
638 655 385
639 144 764
640 693 342
641 460 151
642 555 359
643 327 83
644 345 249
645 115 82
646 530 192
647 114 674
648 213 657
649 597 751
650 277 98
651 518 599
652 275 32
653 414 97
654 324 43
655 102 914
656 603 302
657 480 125
658 189 49
659 561 541
660 424 174
661 542 198
662 276 191
663 263 655
664 468 282
665 199 7
666 336 851
667 59 564
668 521 545
669 516 627
670 554 621
671 313 731
672 300 98
673 412 189
674 242 77
675 201 388
676 371 154
677 503 99
678 384 327
679 512 898
680 283 59
681 278 136
682 375 11
683 339 132
684 318 181
685 482 548
686 137 621
687 67 799
688 620 405
689 45 758
690 155 793
691 249 50
692 205 733
693 559 485
694 386 122
695 554 130
696 599 693
697 365 919
698 544 449
699 297 100
700 355 64
701 38 710
702 473 164
703 34 929
704 150 787
705 543 575
706 178 253
707 690 409
708 55 99
709 242 68
710 535 315
711 230 108
712 112 800
713 195 119
714 519 123
715 255 885
716 283 58
717 346 372
718 55 79
719 470 430
720 109 474
721 121 716
722 46 87
723 276 162
724 292 10
725 388 31
726 627 292
727 105 831
728 84 724
729 196 879
730 136 70
731 70 101
732 462 77
733 182 429
734 644 337
735 461 727
736 611 551
737 250 928
738 330 168
739 605 605
740 116 708
741 257 883
742 593 306
743 335 249
744 113 146
745 371 178
746 631 430
747 397 76
748 251 203
749 349 223
750 348 93
751 549 148
752 99 354
753 65 569
754 446 265
755 218 903
756 174 66
757 363 182
758 571 482
759 599 697
760 546 563
761 294 994
762 283 42
763 197 184
764 316 899
765 603 611
766 792 373
767 182 925
768 240 583
769 142 783
770 684 693
771 269 748
772 646 519
773 268 693
774 213 33
775 111 771
776 61 608
777 246 114
778 658 591
779 370 288
780 312 448
781 210 48
782 679 342
783 180 107
784 367 111
785 539 169
786 18 18
787 248 946
788 565 83
789 198 787
790 518 10
791 71 769
792 554 356
793 64 665
794 301 987
795 219 644
796 637 463
797 415 133
798 190 59
799 301 863
800 747 120
801 274 803
802 422 236
803 389 133
804 469 369
805 591 776
806 241 902
807 657 311
808 375 17
809 393 64
810 496 587
811 332 242
812 571 590
813 236 921
814 554 485
815 439 545
816 114 190
817 324 21
818 656 228
819 526 747
820 340 132
821 202 580
822 75 668
823 238 966
824 513 551
825 163 299
826 141 898
827 306 117
828 264 956
829 575 460
830 95 725
831 60 249
832 415 82
833 667 557
834 266 960
835 567 423
836 348 955
837 345 144
PICKUP_AND_DELIVERY_SECTION
1 0 0 0 0 0 0
2 0 0 0 0 5.95165 1.04835
3 0 0 0 0 0.640777 8.35922
4 0 0 0 0 0.876133 5.12387
5 0 0 0 0 5.63522 1.36478
6 0 0 0 0 3.31452 2.68548
7 0 0 0 0 2.07407 5.92593
8 0 0 0 0 4.9766 4.0234
9 0 0 0 0 0.223077 4.77692
10 0 0 0 0 0.160401 7.8396
11 0 0 0 0 0.346715 9.65328
12 0 0 0 0 6.52666 0.473342
13 0 0 0 0 1.3 3.7
14 0 0 0 0 1.66429 5.33571
15 0 0 0 0 5.17354 4.82646
16 0 0 0 0 4.15 1.85
17 0 0 0 0 0.817308 4.18269
18 0 0 0 0 2.64706 2.35294
19 0 0 0 0 6.0597 0.940299
20 0 0 0 0 3.84027 2.15973
21 0 0 0 0 0.838323 9.16168
22 0 0 0 0 6.93103 1.06897
23 0 0 0 0 1.53333 8.46667
24 0 0 0 0 8.77667 0.223325
25 0 0 0 0 3.72098 2.27902
26 0 0 0 0 2.64214 7.35786
27 0 0 0 0 8.50877 1.49123
28 0 0 0 0 6.70635 3.29365
29 0 0 0 0 4.37838 5.62162
30 0 0 0 0 1.09143 3.90857
31 0 0 0 0 1.1632 5.8368
32 0 0 0 0 7.45833 0.541667
33 0 0 0 0 1.05195 7.94805
34 0 0 0 0 2.5723 2.4277
35 0 0 0 0 6.96667 0.0333333
36 0 0 0 0 8.40237 1.59763
37 0 0 0 0 7.83351 1.16649
38 0 0 0 0 3.85618 2.14382
39 0 0 0 0 2.39024 4.60976
40 0 0 0 0 0.374491 5.62551
41 0 0 0 0 0.398482 6.60152
42 0 0 0 0 1.26657 5.73343
43 0 0 0 0 7.17221 1.82779
44 0 0 0 0 4.67125 1.32875
45 0 0 0 0 7.84221 0.157791
46 0 0 0 0 1.53435 4.46565
47 0 0 0 0 1.25564 3.74436
48 0 0 0 0 0.923077 6.07692
49 0 0 0 0 3.75888 2.24112
50 0 0 0 0 6.76287 0.237127
51 0 0 0 0 3.3738 2.6262
52 0 0 0 0 6.16685 3.83315
53 0 0 0 0 1.63721 4.36279
54 0 0 0 0 3.31097 3.68903
55 0 0 0 0 5.15414 0.845865
56 0 0 0 0 0.52381 6.47619
57 0 0 0 0 0.313152 4.68685
58 0 0 0 0 1.91141 4.08859
59 0 0 0 0 7.43724 1.56276
60 0 0 0 0 0.452772 6.54723
61 0 0 0 0 5.14706 1.85294
62 0 0 0 0 7.93395 0.0660475
63 0 0 0 0 2.91033 6.08967
64 0 0 0 0 9.02381 0.97619
65 0 0 0 0 5 5
66 0 0 0 0 5.00123 2.99877
67 0 0 0 0 4.95833 3.04167
68 0 0 0 0 0.278993 4.72101
69 0 0 0 0 8.10729 0.892713
70 0 0 0 0 0.311647 8.68835
71 0 0 0 0 0.488069 9.51193
72 0 0 0 0 1.33556 7.66444
73 0 0 0 0 4.39216 2.60784
74 0 0 0 0 8.00336 1.99664
75 0 0 0 0 1.22671 3.77329
76 0 0 0 0 1.70843 3.29157
77 0 0 0 0 7.67016 2.32984
78 0 0 0 0 2.8581 5.1419
79 0 0 0 0 2.8 5.2
80 0 0 0 0 1.49189 8.50811
81 0 0 0 0 0.805521 5.19448
82 0 0 0 0 5.75479 0.245211
83 0 0 0 0 6.46659 1.53341
84 0 0 0 0 0.830725 7.16927
85 0 0 0 0 3.84312 1.15688
86 0 0 0 0 0.38756 8.61244
87 0 0 0 0 2.44645 4.55355
88 0 0 0 0 5.77406 2.22594
89 0 0 0 0 5.71 0.29
90 0 0 0 0 5.83217 0.167832
91 0 0 0 0 4.04372 1.95628
92 0 0 0 0 3.19178 5.80822
93 0 0 0 0 1.14694 5.85306
94 0 0 0 0 3.394 6.606
95 0 0 0 0 2.32068 7.67932
96 0 0 0 0 4.80611 5.19389
97 0 0 0 0 5.08353 4.91647
98 0 0 0 0 5.97317 1.02683
99 0 0 0 0 1.04059 4.95941
100 0 0 0 0 6.85185 1.14815
101 0 0 0 0 5.02415 0.975845
102 0 0 0 0 2.13814 5.86186
103 0 0 0 0 6.13629 1.86371
104 0 0 0 0 3.47885 6.52115
105 0 0 0 0 8.93246 1.06754
106 0 0 0 0 5.48347 1.51653
107 0 0 0 0 5.35504 1.64496
108 0 0 0 0 1.9625 7.0375
109 0 0 0 0 5.52673 1.47327
110 0 0 0 0 3.41686 6.58314
111 0 0 0 0 5.93269 1.06731
112 0 0 0 0 4.4697 0.530303
113 0 0 0 0 5.9667 3.0333
114 0 0 0 0 0.327755 4.67225
115 0 0 0 0 1.91145 3.08855
116 0 0 0 0 6.09727 2.90273
117 0 0 0 0 3.10101 4.89899
118 0 0 0 0 1.78571 5.21429
119 0 0 0 0 5.45983 3.54017
120 0 0 0 0 0.870445 4.12955
121 0 0 0 0 0.745798 4.2542
122 0 0 0 0 0.985714 7.01429
123 0 0 0 0 2.4218 4.5782
124 0 0 0 0 0.267516 8.73248
125 0 0 0 0 1.4268 8.5732
126 0 0 0 0 5.75668 4.24332
127 0 0 0 0 2.08469 3.91531
128 0 0 0 0 1.68081 6.31919
129 0 0 0 0 0.394737 4.60526
130 0 0 0 0 3.04 6.96
131 0 0 0 0 4.04092 5.95908
132 0 0 0 0 4.24518 5.75482
133 0 0 0 0 3.22629 3.77371
134 0 0 0 0 5.37942 3.62058
135 0 0 0 0 2.46259 5.53741
136 0 0 0 0 5.41552 1.58448
137 0 0 0 0 0.696026 5.30397
138 0 0 0 0 0.0945946 6.90541
139 0 0 0 0 2.35125 6.64875
140 0 0 0 0 2.21143 6.78857
141 0 0 0 0 8.45638 1.54362
142 0 0 0 0 1.13242 6.86758
143 0 0 0 0 1.7963 4.2037
144 0 0 0 0 2.46465 7.53535
145 0 0 0 0 3.79447 2.20553
146 0 0 0 0 6.37253 0.627474
147 0 0 0 0 6.86154 1.13846
148 0 0 0 0 4.89186 0.108142
149 0 0 0 0 1.88538 7.11462
150 0 0 0 0 2.67299 3.32701
151 0 0 0 0 0.423823 8.57618
152 0 0 0 0 0.753396 6.2466
153 0 0 0 0 7.57188 2.42812
154 0 0 0 0 8 0
155 0 0 0 0 0.849057 9.15094
156 0 0 0 0 4.93233 0.0676692
157 0 0 0 0 8.92491 1.07509
158 0 0 0 0 4.07601 3.92399
159 0 0 0 0 3.44189 1.55811
160 0 0 0 0 4.51235 5.48765
161 0 0 0 0 4.11953 5.88047
162 0 0 0 0 7.83829 0.161712
163 0 0 0 0 3.70867 3.29133
164 0 0 0 0 6.74494 1.25506
165 0 0 0 0 0.175824 6.82418
166 0 0 0 0 0.963983 4.03602
167 0 0 0 0 0.634021 5.36598
168 0 0 0 0 7.98718 2.01282
169 0 0 0 0 1.40909 4.59091
170 0 0 0 0 5.64 0.36
171 0 0 0 0 8.27696 1.72304
172 0 0 0 0 7.44785 2.55215
173 0 0 0 0 0.902724 7.09728
174 0 0 0 0 4.51716 1.48284
175 0 0 0 0 3.70692 2.29308
176 0 0 0 0 7.15945 1.84055
177 0 0 0 0 2.12304 2.87696
178 0 0 0 0 3.85246 3.14754
179 0 0 0 0 6.81964 3.18036
180 0 0 0 0 4.74368 1.25632
181 0 0 0 0 6.64586 1.35414
182 0 0 0 0 2.52853 3.47147
183 0 0 0 0 3.93833 4.06167
184 0 0 0 0 2.43284 4.56716
185 0 0 0 0 2.58345 5.41655
186 0 0 0 0 0.958743 7.04126
187 0 0 0 0 5.59091 2.40909
188 0 0 0 0 4.18033 0.819672
189 0 0 0 0 4.78667 3.21333
190 0 0 0 0 8.11765 0.882353
191 0 0 0 0 3.95948 4.04052
192 0 0 0 0 3.0787 3.9213
193 0 0 0 0 2.95426 2.04574
194 0 0 0 0 6.41466 1.58534
195 0 0 0 0 7.75721 1.24279
196 0 0 0 0 7.28381 0.71619
197 0 0 0 0 4.95951 0.0404858
198 0 0 0 0 3.14191 4.85809
199 0 0 0 0 6.8272 3.1728
200 0 0 0 0 0.2118 4.7882
201 0 0 0 0 4.29929 0.700713
202 0 0 0 0 0.0181818 5.98182
203 0 0 0 0 6.85714 1.14286
204 0 0 0 0 8.9893 0.0107015
205 0 0 0 0 0.0640569 5.93594
206 0 0 0 0 1.92558 7.07442
207 0 0 0 0 4.09492 2.90508
208 0 0 0 0 2.4844 5.5156
209 0 0 0 0 0.105042 4.89496
210 0 0 0 0 8.81278 0.187221
211 0 0 0 0 5.52239 4.47761
212 0 0 0 0 2.10687 7.89313
213 0 0 0 0 3.53612 2.46388
214 0 0 0 0 6.74512 0.254876
215 0 0 0 0 5.6 1.4
216 0 0 0 0 6.52708 1.47292
217 0 0 0 0 5.1328 2.8672
218 0 0 0 0 2.94444 2.05556
219 0 0 0 0 1.38498 3.61502
220 0 0 0 0 3.32308 5.67692
221 0 0 0 0 6.30872 3.69128
222 0 0 0 0 3.9676 2.0324
223 0 0 0 0 3.05699 2.94301
224 0 0 0 0 4.73011 0.269886
225 0 0 0 0 8.86653 1.13347
226 0 0 0 0 6.786 2.214
227 0 0 0 0 0.973651 7.02635
228 0 0 0 0 1.93617 5.06383
229 0 0 0 0 3.51197 3.48803
230 0 0 0 0 9.05771 0.942285
231 0 0 0 0 6.68337 2.31663
232 0 0 0 0 5.89855 3.10145
233 0 0 0 0 3.50545 4.49455
234 0 0 0 0 2.01183 2.98817
235 0 0 0 0 6.72332 0.27668
236 0 0 0 0 0.892019 9.10798
237 0 0 0 0 0.903427 4.09657
238 0 0 0 0 1.24415 4.75585
239 0 0 0 0 4.64184 2.35816
240 0 0 0 0 5.95787 3.04213
241 0 0 0 0 1 6
242 0 0 0 0 3.22722 5.77278
243 0 0 0 0 0.0581395 4.94186
244 0 0 0 0 7.63464 1.36536
245 0 0 0 0 2.99 5.01
246 0 0 0 0 1.32696 5.67304
247 0 0 0 0 6.54798 1.45202
248 0 0 0 0 2.9097 6.0903
249 0 0 0 0 2.55614 4.44386
250 0 0 0 0 5.34658 1.65342
251 0 0 0 0 6.17877 0.821229
252 0 0 0 0 0.929752 8.07025
253 0 0 0 0 7.73025 1.26975
254 0 0 0 0 1.84818 3.15182
255 0 0 0 0 2.96099 2.03901
256 0 0 0 0 0.0273598 4.97264
257 0 0 0 0 1.05341 3.94659
258 0 0 0 0 0.544707 4.45529
259 0 0 0 0 4.58 3.42
260 0 0 0 0 3.91489 5.08511
261 0 0 0 0 7.44783 0.552167
262 0 0 0 0 4.78834 2.21166
263 0 0 0 0 3.16176 1.83824
264 0 0 0 0 0.0549451 4.94505
265 0 0 0 0 3.2392 1.7608
266 0 0 0 0 2.67406 6.32594
267 0 0 0 0 4.77469 2.22531
268 0 0 0 0 0.86116 4.13884
269 0 0 0 0 2.31973 2.68027
270 0 0 0 0 3.74696 3.25304
271 0 0 0 0 5.42561 1.57439
272 0 0 0 0 0.611392 6.38861
273 0 0 0 0 4.45205 0.547945
274 0 0 0 0 4.17548 4.82452
275 0 0 0 0 7.6478 0.352201
276 0 0 0 0 6.75164 0.248357
277 0 0 0 0 1.97486 7.02514
278 0 0 0 0 1.74504 5.25496
279 0 0 0 0 0.342342 6.65766
280 0 0 0 0 4.16327 1.83673
281 0 0 0 0 6.82979 0.170213
282 0 0 0 0 1.81981 3.18019
283 0 0 0 0 4.21117 0.788835
284 0 0 0 0 2.01939 4.98061
285 0 0 0 0 2.40698 3.59302
286 0 0 0 0 1.20351 4.79649
287 0 0 0 0 4.81619 3.18381
288 0 0 0 0 5.4732 1.5268
289 0 0 0 0 0.921788 4.07821
290 0 0 0 0 1.52505 4.47495
291 0 0 0 0 2.36996 5.63004
292 0 0 0 0 2.35838 3.64162
293 0 0 0 0 3.01142 3.98858
294 0 0 0 0 0.587859 7.41214
295 0 0 0 0 2.17918 3.82082
296 0 0 0 0 0.662388 5.33761
297 0 0 0 0 1.76829 3.23171
298 0 0 0 0 4.44444 0.555556
299 0 0 0 0 3.24036 2.75964
300 0 0 0 0 3.40964 1.59036
301 0 0 0 0 2.38075 3.61925
302 0 0 0 0 1.32432 5.67568
303 0 0 0 0 1.71429 6.28571
304 0 0 0 0 3.20059 3.79941
305 0 0 0 0 2.37998 2.62002
306 0 0 0 0 1.28351 3.71649
307 0 0 0 0 2.98462 7.01538
308 0 0 0 0 2.52349 5.47651
309 0 0 0 0 2.74286 6.25714
310 0 0 0 0 3.8674 1.1326
311 0 0 0 0 3.69781 2.30219
312 0 0 0 0 5.27668 0.72332
313 0 0 0 0 6.2531 0.746898
314 0 0 0 0 3.45333 2.54667
315 0 0 0 0 4.02062 5.97938
316 0 0 0 0 1.25097 6.74903
317 0 0 0 0 5.14573 2.85427
318 0 0 0 0 2.80869 4.19131
319 0 0 0 0 5.06989 4.93011
320 0 0 0 0 0.102445 7.89756
321 0 0 0 0 2.80814 4.19186
322 0 0 0 0 5.00416 2.99584
323 0 0 0 0 0.07 6.93
324 0 0 0 0 6.42319 0.576806
325 0 0 0 0 2.73267 3.26733
326 0 0 0 0 1.79675 6.20325
327 0 0 0 0 5.13358 2.86642
328 0 0 0 0 4.29312 3.70688
329 0 0 0 0 3.05769 2.94231
330 0 0 0 0 3.3427 1.6573
331 0 0 0 0 4.7844 3.2156
332 0 0 0 0 5.60377 0.396226
333 0 0 0 0 1.44458 6.55542
334 0 0 0 0 6.1807 3.8193
335 0 0 0 0 2.79152 2.20848
336 0 0 0 0 0.926004 5.074
337 0 0 0 0 2.90625 4.09375
338 0 0 0 0 0.845972 6.15403
339 0 0 0 0 2.1608 7.8392
340 0 0 0 0 0.0459418 9.95406
341 0 0 0 0 5.18978 3.81022
342 0 0 0 0 3.55957 3.44043
343 0 0 0 0 2.93724 3.06276
344 0 0 0 0 3.62205 6.37795
345 0 0 0 0 0.808756 8.19124
346 0 0 0 0 7.2 0.8
347 0 0 0 0 8.65248 1.34752
348 0 0 0 0 3.5528 1.4472
349 0 0 0 0 7.0389 0.961098
350 0 0 0 0 3.87239 4.12761
351 0 0 0 0 5.408 1.592
352 0 0 0 0 4.90374 2.09626
353 0 0 0 0 0.401408 8.59859
354 0 0 0 0 0.767223 6.23278
355 0 0 0 0 6.81081 3.18919
356 0 0 0 0 4.78571 0.214286
357 0 0 0 0 3.87097 6.12903
358 0 0 0 0 4.8 0.2
359 0 0 0 0 3.20968 1.79032
360 0 0 0 0 1.9062 3.0938
361 0 0 0 0 3.04084 2.95916
362 0 0 0 0 4.95238 3.04762
363 0 0 0 0 5.57692 2.42308
364 0 0 0 0 0.691589 6.30841
365 0 0 0 0 4.87365 1.12635
366 0 0 0 0 5.17268 3.82732
367 0 0 0 0 6.16431 1.83569
368 0 0 0 0 9.56357 0.436433
369 0 0 0 0 1.81955 5.18045
370 0 0 0 0 0.923845 9.07615
371 0 0 0 0 7.18216 0.817844
372 0 0 0 0 1.05634 8.94366
373 0 0 0 0 2.51176 4.48824
374 0 0 0 0 3.1342 3.8658
375 0 0 0 0 2.34053 5.65947
376 0 0 0 0 0.850801 5.1492
377 0 0 0 0 0.302782 4.69722
378 0 0 0 0 4.15088 2.84912
379 0 0 0 0 1.63265 6.36735
380 0 0 0 0 2.14286 3.85714
381 0 0 0 0 0.891355 6.10864
382 0 0 0 0 3.32526 5.67474
383 0 0 0 0 0.464844 6.53516
384 0 0 0 0 4.15688 0.843116
385 0 0 0 0 0.641667 6.35833
386 0 0 0 0 3.4159 2.5841
387 0 0 0 0 5.4023 3.5977
388 0 0 0 0 1.42697 8.57303
389 0 0 0 0 5.35714 2.64286
390 0 0 0 0 2.06033 2.93967
391 0 0 0 0 3.5 2.5
392 0 0 0 0 5.44073 4.55927
393 0 0 0 0 4.54629 1.45371
394 0 0 0 0 5.9177 2.0823
395 0 0 0 0 2.53527 5.46473
396 0 0 0 0 1.37757 5.62243
397 0 0 0 0 0.638298 5.3617
398 0 0 0 0 2.51055 2.48945
399 0 0 0 0 1.80909 3.19091
400 0 0 0 0 2.44537 5.55463
401 0 0 0 0 4.51684 2.48316
402 0 0 0 0 3.15371 1.84629
403 0 0 0 0 4.39245 1.60755
404 0 0 0 0 3.98528 3.01472
405 0 0 0 0 3.41996 1.58004
406 0 0 0 0 4.03587 5.96413
407 0 0 0 0 7.23618 2.76382
408 0 0 0 0 2.9304 5.0696
409 0 0 0 0 8.89589 0.104113
410 0 0 0 0 3.02604 1.97396
411 0 0 0 0 0.513361 4.48664
412 0 0 0 0 4.26487 0.735129
413 0 0 0 0 6.69735 3.30265
414 0 0 0 0 7.20378 1.79622
415 0 0 0 0 1.18566 3.81434
416 0 0 0 0 8.58586 1.41414
417 0 0 0 0 2.96188 2.03812
418 0 0 0 0 2.59019 4.40981
419 0 0 0 0 2.02068 6.97932
420 0 0 0 0 2.60367 5.39633
421 0 0 0 0 1.40558 3.59442
422 0 0 0 0 1.5 7.5
423 0 0 0 0 4.40142 2.59858
424 0 0 0 0 1.96875 4.03125
425 0 0 0 0 4.51199 0.488014
426 0 0 0 0 2.04037 6.95963
427 0 0 0 0 5.92527 3.07473
428 0 0 0 0 5.14943 2.85057
429 0 0 0 0 3.20398 3.79602
430 0 0 0 0 2.01229 6.98771
431 0 0 0 0 1.74721 3.25279
432 0 0 0 0 2.54891 4.45109
433 0 0 0 0 4.97659 1.02341
434 0 0 0 0 1.89041 4.10959
435 0 0 0 0 0.980333 5.01967
436 0 0 0 0 2.89439 2.10561
437 0 0 0 0 3.35096 5.64904
438 0 0 0 0 2.74112 6.25888
439 0 0 0 0 3.49254 2.50746
440 0 0 0 0 1.86217 3.13783
441 0 0 0 0 2.23239 4.76761
442 0 0 0 0 2.81148 2.18852
443 0 0 0 0 3.15145 5.84855
444 0 0 0 0 7.00767 2.99233
445 0 0 0 0 1.02375 5.97625
446 0 0 0 0 3.52559 4.47441
447 0 0 0 0 5.12376 3.87624
448 0 0 0 0 2.94118 2.05882
449 0 0 0 0 0.44898 5.55102
450 0 0 0 0 1.8773 4.1227
451 0 0 0 0 6.49327 1.50673
452 0 0 0 0 6.32715 1.67285
453 0 0 0 0 6.35897 1.64103
454 0 0 0 0 4.91099 3.08901
455 0 0 0 0 4.59832 4.40168
456 0 0 0 0 5.26804 0.731959
457 0 0 0 0 4.92754 0.0724638
458 0 0 0 0 2.29607 4.70393
459 0 0 0 0 1.87324 5.12676
460 0 0 0 0 5.70732 3.29268
461 0 0 0 0 4.71963 0.280374
462 0 0 0 0 1.10727 6.89273
463 0 0 0 0 1.03448 6.96552
464 0 0 0 0 2.42735 5.57265
465 0 0 0 0 1.88665 5.11335
466 0 0 0 0 2.78761 2.21239
467 0 0 0 0 3.21739 6.78261
468 0 0 0 0 1.20796 5.79204
469 0 0 0 0 1.36207 4.63793
470 0 0 0 0 5.98441 4.01559
471 0 0 0 0 4.81061 5.18939
472 0 0 0 0 0.432432 8.56757
473 0 0 0 0 3.54068 5.45932
474 0 0 0 0 2.26829 6.73171
475 0 0 0 0 6.67669 1.32331
476 0 0 0 0 6.23143 1.76857
477 0 0 0 0 6.52672 2.47328
478 0 0 0 0 9.27536 0.724638
479 0 0 0 0 1.15697 7.84303
480 0 0 0 0 7.51751 0.48249
481 0 0 0 0 3.06133 3.93867
482 0 0 0 0 2.87597 4.12403
483 0 0 0 0 0.772636 5.22736
484 0 0 0 0 3.7036 5.2964
485 0 0 0 0 1.30664 3.69336
486 0 0 0 0 8.92857 0.0714286
487 0 0 0 0 3.80215 4.19785
488 0 0 0 0 2.03008 2.96992
489 0 0 0 0 0 10
490 0 0 0 0 2.87006 7.12994
491 0 0 0 0 3.43511 6.56489
492 0 0 0 0 1.75527 6.24473
493 0 0 0 0 4.60733 0.39267
494 0 0 0 0 0.788732 7.21127
495 0 0 0 0 2.19381 2.80619
496 0 0 0 0 3.14286 2.85714
497 0 0 0 0 3.63016 2.36984
498 0 0 0 0 1.2938 6.7062
499 0 0 0 0 0.0242915 5.97571
500 0 0 0 0 4.37803 0.621971
501 0 0 0 0 3.94619 6.05381
502 0 0 0 0 1.31148 4.68852
503 0 0 0 0 4.3956 0.604396
504 0 0 0 0 1.45539 7.54461
505 0 0 0 0 3.03769 6.96231
506 0 0 0 0 5.85933 2.14067
507 0 0 0 0 2.68176 4.31824
508 0 0 0 0 1.26003 6.73997
509 0 0 0 0 1.95391 8.04609
510 0 0 0 0 4.52174 5.47826
511 0 0 0 0 2.20879 3.79121
512 0 0 0 0 7.98175 1.01825
513 0 0 0 0 0.481013 5.51899
514 0 0 0 0 2.21264 2.78736
515 0 0 0 0 0.783357 6.21664
516 0 0 0 0 3.44615 4.55385
517 0 0 0 0 1.91031 6.08969
518 0 0 0 0 4.81203 0.18797
519 0 0 0 0 3.49666 1.50334
520 0 0 0 0 6.26126 3.73874
521 0 0 0 0 4.08397 5.91603
522 0 0 0 0 8.96861 1.03139
523 0 0 0 0 2.42718 5.57282
524 0 0 0 0 1.23457 6.76543
525 0 0 0 0 2.50157 4.49843
526 0 0 0 0 2.7972 5.2028
527 0 0 0 0 2.67907 6.32093
528 0 0 0 0 1.77492 6.22508
529 0 0 0 0 2.13675 5.86325
530 0 0 0 0 1.97461 6.02539
531 0 0 0 0 1.86414 8.13586
532 0 0 0 0 0.942957 4.05704
533 0 0 0 0 7.37255 0.627451
534 0 0 0 0 0.626807 8.37319
535 0 0 0 0 0.474684 5.52532
536 0 0 0 0 1.37941 5.62059
537 0 0 0 0 2.82805 7.17195
538 0 0 0 0 6.75 2.25
539 0 0 0 0 6.42547 3.57453
540 0 0 0 0 0.47619 9.52381
541 0 0 0 0 7.53247 2.46753
542 0 0 0 0 1.15748 5.84252
543 0 0 0 0 2.42038 5.57962
544 0 0 0 0 7.43529 0.564706
545 0 0 0 0 1.12022 3.87978
546 0 0 0 0 3.36658 5.63342
547 0 0 0 0 9.90115 0.0988468
548 0 0 0 0 4.70323 4.29677
549 0 0 0 0 4.6832 0.316804
550 0 0 0 0 1.35123 5.64877
551 0 0 0 0 3.34783 5.65217
552 0 0 0 0 2.99611 7.00389
553 0 0 0 0 4.67312 5.32688
554 0 0 0 0 2.90456 4.09544
555 0 0 0 0 4.61538 1.38462
556 0 0 0 0 6.30427 1.69573
557 0 0 0 0 3.58209 2.41791
558 0 0 0 0 2.1264 4.8736
559 0 0 0 0 5.72626 4.27374
560 0 0 0 0 8.1547 0.845304
561 0 0 0 0 5.35714 2.64286
562 0 0 0 0 0.616592 4.38341
563 0 0 0 0 1.35799 7.64201
564 0 0 0 0 2.76614 5.23386
565 0 0 0 0 0.394937 5.60506
566 0 0 0 0 1.22449 4.77551
567 0 0 0 0 3.47672 4.52328
568 0 0 0 0 0.330882 8.66912
569 0 0 0 0 2.59439 6.40561
570 0 0 0 0 1.58637 3.41363
571 0 0 0 0 1.47929 8.52071
572 0 0 0 0 5.75884 3.24116
573 0 0 0 0 0.689103 4.3109
574 0 0 0 0 2.89315 3.10685
575 0 0 0 0 1.13115 3.86885
576 0 0 0 0 2.60027 3.39973
577 0 0 0 0 2.44699 4.55301
578 0 0 0 0 2.10127 7.89873
579 0 0 0 0 4.54005 2.45995
580 0 0 0 0 0.852273 4.14773
581 0 0 0 0 3.04225 5.95775
582 0 0 0 0 7.53662 2.46338
583 0 0 0 0 4.03239 3.96761
584 0 0 0 0 1.9686 4.0314
585 0 0 0 0 0.678112 5.32189
586 0 0 0 0 1.79688 3.20312
587 0 0 0 0 6.1367 3.8633
588 0 0 0 0 0.853392 5.14661
589 0 0 0 0 2.40615 5.59385
590 0 0 0 0 3.09231 2.90769
591 0 0 0 0 3.92143 5.07857
592 0 0 0 0 5.20954 3.79046
593 0 0 0 0 1.33406 3.66594
594 0 0 0 0 3.38298 5.61702
595 0 0 0 0 2.1573 5.8427
596 0 0 0 0 2.08733 5.91267
597 0 0 0 0 1.7562 3.2438
598 0 0 0 0 8.19832 0.801681
599 0 0 0 0 1.83514 5.16486
600 0 0 0 0 4.98489 5.01511
601 0 0 0 0 5.72846 1.27154
602 0 0 0 0 1.62336 6.37664
603 0 0 0 0 4.75385 1.24615
604 0 0 0 0 2.66473 3.33527
605 0 0 0 0 0.909091 4.09091
606 0 0 0 0 5.09174 0.908257
607 0 0 0 0 1.54002 3.45998
608 0 0 0 0 2.59091 7.40909
609 0 0 0 0 3.71073 1.28927
610 0 0 0 0 3.74242 5.25758
611 0 0 0 0 2.73214 6.26786
612 0 0 0 0 3.9899 1.0101
613 0 0 0 0 7.85085 0.149153
614 0 0 0 0 0.767857 4.23214
615 0 0 0 0 2.04104 2.95896
616 0 0 0 0 1.6474 8.3526
617 0 0 0 0 5.21481 2.78519
618 0 0 0 0 1.26506 5.73494
619 0 0 0 0 5.47421 1.52579
620 0 0 0 0 4.62656 0.373444
621 0 0 0 0 1.65427 5.34573
622 0 0 0 0 3.9455 4.0545
623 0 0 0 0 0.913043 8.08696
624 0 0 0 0 9.89726 0.10274
625 0 0 0 0 1.06013 5.93987
626 0 0 0 0 7.74648 2.25352
627 0 0 0 0 3.05369 1.94631
628 0 0 0 0 2.30216 5.69784
629 0 0 0 0 4.54674 0.453258
630 0 0 0 0 4.94243 0.0575658
631 0 0 0 0 6.34892 3.65108
632 0 0 0 0 4.61165 0.38835
633 0 0 0 0 1.81797 4.18203
634 0 0 0 0 2.89269 7.10731
635 0 0 0 0 0.541761 7.45824
636 0 0 0 0 0.768293 8.23171
637 0 0 0 0 4.84543 1.15457
638 0 0 0 0 4.70229 3.29771
639 0 0 0 0 1.50785 6.49215
640 0 0 0 0 4.93506 5.06494
641 0 0 0 0 2.29783 4.70217
642 0 0 0 0 6.46847 3.53153
643 0 0 0 0 2.2844 6.7156
644 0 0 0 0 5.77391 2.22609
645 0 0 0 0 4.9913 2.0087
646 0 0 0 0 1.81132 3.18868
647 0 0 0 0 1.35312 6.64688
648 0 0 0 0 1.94521 4.05479
649 0 0 0 0 4.76964 1.23036
650 0 0 0 0 2.83032 5.16968
651 0 0 0 0 4.32387 0.676127
652 0 0 0 0 1.16364 8.83636
653 0 0 0 0 2.1087 6.8913
654 0 0 0 0 1.19444 7.80556
655 0 0 0 0 1.11597 8.88403
656 0 0 0 0 3.5058 3.4942
657 0 0 0 0 1.5625 4.4375
658 0 0 0 0 1.2963 3.7037
659 0 0 0 0 5.7861 0.213904
660 0 0 0 0 2.46226 3.53774
661 0 0 0 0 2.19188 3.80812
662 0 0 0 0 3.46014 1.53986
663 0 0 0 0 3.21221 4.78779
664 0 0 0 0 4.82051 3.17949
665 0 0 0 0 0.316583 8.68342
666 0 0 0 0 2.36898 3.63102
667 0 0 0 0 0.941489 8.05851
668 0 0 0 0 9.55963 0.440367
669 0 0 0 0 4.9378 1.0622
670 0 0 0 0 8.9211 1.0789
671 0 0 0 0 2.56908 3.43092
672 0 0 0 0 1.63333 3.36667
673 0 0 0 0 4.58738 5.41262
674 0 0 0 0 2.54545 5.45455
675 0 0 0 0 2.59021 2.40979
676 0 0 0 0 4.15094 5.84906
677 0 0 0 0 1.57455 6.42545
678 0 0 0 0 8.51562 1.48438
679 0 0 0 0 2.85078 2.14922
680 0 0 0 0 1.25088 4.74912
681 0 0 0 0 4.89209 5.10791
682 0 0 0 0 0.146667 4.85333
683 0 0 0 0 1.9469 3.0531
684 0 0 0 0 3.41509 2.58491
685 0 0 0 0 7.0365 0.963504
686 0 0 0 0 1.54428 5.45572
687 0 0 0 0 0.838548 9.16145
688 0 0 0 0 3.91935 2.08065
689 0 0 0 0 0.296834 4.70317
690 0 0 0 0 1.36822 5.63178
691 0 0 0 0 1.60643 6.39357
692 0 0 0 0 1.67804 4.32196
693 0 0 0 0 6.94097 1.05903
694 0 0 0 0 2.84456 6.15544
695 0 0 0 0 1.6426 5.3574
696 0 0 0 0 5.18615 0.813853
697 0 0 0 0 2.7802 4.2198
698 0 0 0 0 4.95221 1.04779
699 0 0 0 0 2.6936 5.3064
700 0 0 0 0 1.26197 5.73803
701 0 0 0 0 0.428169 7.57183
702 0 0 0 0 2.42706 4.57294
703 0 0 0 0 0.365985 9.63402
704 0 0 0 0 1.90597 8.09403
705 0 0 0 0 4.72174 0.278261
706 0 0 0 0 4.22134 1.77866
707 0 0 0 0 4.74203 3.25797
708 0 0 0 0 5.55556 4.44444
709 0 0 0 0 2.80992 7.19008
710 0 0 0 0 3.53271 2.46729
711 0 0 0 0 2.34783 2.65217
712 0 0 0 0 0.84 5.16
713 0 0 0 0 3.05128 1.94872
714 0 0 0 0 1.42197 4.57803
715 0 0 0 0 1.72881 4.27119
716 0 0 0 0 1.84452 7.15548
717 0 0 0 0 4.65054 0.349462
718 0 0 0 0 4.87342 2.12658
719 0 0 0 0 7.31915 0.680851
720 0 0 0 0 2.06962 6.93038
721 0 0 0 0 1.18296 5.81704
722 0 0 0 0 4.22989 3.77011
723 0 0 0 0 2.93478 2.06522
724 0 0 0 0 0.205479 5.79452
725 0 0 0 0 0.399485 4.60052
726 0 0 0 0 4.6571 5.3429
727 0 0 0 0 1.26354 8.73646
728 0 0 0 0 0.928177 7.07182
729 0 0 0 0 2.22981 7.77019
730 0 0 0 0 2.57353 2.42647
731 0 0 0 0 6.23762 2.76238
732 0 0 0 0 0.833333 4.16667
733 0 0 0 0 4.24242 5.75758
734 0 0 0 0 4.18634 3.81366
735 0 0 0 0 3.80468 2.19532
736 0 0 0 0 6.3126 0.687398
737 0 0 0 0 2.15517 5.84483
738 0 0 0 0 3.56364 3.43636
739 0 0 0 0 6 0
740 0 0 0 0 1.14689 5.85311
741 0 0 0 0 2.03737 4.96263
742 0 0 0 0 2.5801 2.4199
743 0 0 0 0 6.68955 2.31045
744 0 0 0 0 4.64384 1.35616
745 0 0 0 0 2.87871 3.12129
746 0 0 0 0 6.13312 2.86688
747 0 0 0 0 0.957179 4.04282
748 0 0 0 0 4.04382 0.956175
749 0 0 0 0 3.83381 2.16619
750 0 0 0 0 2.67241 7.32759
751 0 0 0 0 2.15665 5.84335
752 0 0 0 0 2.79661 7.20339
753 0 0 0 0 1.02812 7.97188
754 0 0 0 0 5.9417 4.0583
755 0 0 0 0 1.68992 5.31008
756 0 0 0 0 3.7931 6.2069
757 0 0 0 0 2.50689 2.49311
758 0 0 0 0 6.75306 1.24694
759 0 0 0 0 4.29699 0.703013
760 0 0 0 0 6.78863 0.211368
761 0 0 0 0 2.3662 5.6338
762 0 0 0 0 1.03887 5.96113
763 0 0 0 0 4.67005 0.329949
764 0 0 0 0 2.46051 4.53949
765 0 0 0 0 5.92144 0.0785597
766 0 0 0 0 4.23864 4.76136
767 0 0 0 0 1.3773 5.6227
768 0 0 0 0 3.29331 4.70669
769 0 0 0 0 1.81354 8.18646
770 0 0 0 0 6.90909 0.0909091
771 0 0 0 0 2.87701 5.12299
772 0 0 0 0 7.23065 1.76935
773 0 0 0 0 2.32035 3.67965
774 0 0 0 0 0.929577 5.07042
775 0 0 0 0 1.15175 6.84825
776 0 0 0 0 0.802632 7.19737
777 0 0 0 0 4.63415 5.36585
778 0 0 0 0 8.08359 0.916413
779 0 0 0 0 5.44865 1.55135
780 0 0 0 0 3.48214 1.51786
781 0 0 0 0 1.14286 3.85714
782 0 0 0 0 4.02946 3.97054
783 0 0 0 0 5.94444 4.05556
784 0 0 0 0 3.02452 6.97548
785 0 0 0 0 2.50835 5.49165
786 0 0 0 0 8 0
787 0 0 0 0 1.8351 5.1649
788 0 0 0 0 1.46903 8.53097
789 0 0 0 0 1.25794 3.74206
790 0 0 0 0 0.173745 8.82625
791 0 0 0 0 0.738622 7.26138
792 0 0 0 0 3.213 1.787
793 0 0 0 0 0.577444 5.42256
794 0 0 0 0 2.13475 4.86525
795 0 0 0 0 2.38043 4.61957
796 0 0 0 0 3.63422 1.36578
797 0 0 0 0 3.20482 6.79518
798 0 0 0 0 2.48421 5.51579
799 0 0 0 0 3.13905 5.86095
800 0 0 0 0 1.44578 7.55422
801 0 0 0 0 2.72976 5.27024
802 0 0 0 0 4.47393 3.52607
803 0 0 0 0 2.39332 4.60668
804 0 0 0 0 7.08102 1.91898
805 0 0 0 0 5.33119 1.66881
806 0 0 0 0 2.67184 7.32816
807 0 0 0 0 3.78691 4.21309
808 0 0 0 0 0.272 5.728
809 0 0 0 0 1.6285 8.3715
810 0 0 0 0 6.7598 1.2402
811 0 0 0 0 3.64458 1.35542
812 0 0 0 0 5.80678 0.19322
813 0 0 0 0 2.04995 5.95005
814 0 0 0 0 7.00361 0.99639
815 0 0 0 0 4.02752 0.972477
816 0 0 0 0 3 2
817 0 0 0 0 0.518519 7.48148
818 0 0 0 0 2.43293 4.56707
819 0 0 0 0 6.33735 2.66265
820 0 0 0 0 3.88235 6.11765
821 0 0 0 0 2.78621 5.21379
822 0 0 0 0 0.561377 4.43862
823 0 0 0 0 1.97101 6.02899
824 0 0 0 0 8.37931 0.62069
825 0 0 0 0 3.2709 2.7291
826 0 0 0 0 1.25612 6.74388
827 0 0 0 0 3.05882 4.94118
828 0 0 0 0 2.76151 7.23849
829 0 0 0 0 7.2 1.8
830 0 0 0 0 0.655172 4.34483
831 0 0 0 0 1.44578 4.55422
832 0 0 0 0 0.987952 4.01205
833 0 0 0 0 4.17541 0.824588
834 0 0 0 0 1.93958 5.06042
835 0 0 0 0 5.22222 1.77778
836 0 0 0 0 2.18639 3.81361
837 0 0 0 0 4.17391 5.82609
