NAME : X-n979-k58
COMMENT : "Generated by Uchoa, Pecin, Pessoa, Poggi, Subramanian, and Vidal (2013)"
TYPE : CVRP
DIMENSION : 979
EDGE_WEIGHT_TYPE : EUC_2D
CAPACITY : 998
NODE_COORD_SECTION
1 0 0
2 236 951
3 735 289
4 841 735
5 846 821
6 907 810
7 55 136
8 699 326
9 731 899
10 739 753
11 807 828
12 775 783
13 891 689
14 62 93
15 780 220
16 799 739
17 661 348
18 865 688
19 12 4
20 829 827
21 845 896
22 136 243
23 878 584
24 908 794
25 820 771
26 895 788
27 747 915
28 860 746
29 829 754
30 94 149
31 940 847
32 884 747
33 226 904
34 738 802
35 194 98
36 789 744
37 929 895
38 864 696
39 84 161
40 764 615
41 283 937
42 776 807
43 877 427
44 828 266
45 297 994
46 665 900
47 15 93
48 100 956
49 850 790
50 854 794
51 898 679
52 948 888
53 731 282
54 60 87
55 826 362
56 716 264
57 885 814
58 932 825
59 308 926
60 225 130
61 853 861
62 794 753
63 771 729
64 264 853
65 780 693
66 837 723
67 895 849
68 746 715
69 736 862
70 734 730
71 616 228
72 7 80
73 93 860
74 860 765
75 877 734
76 819 798
77 706 922
78 861 714
79 710 149
80 268 903
81 783 808
82 811 865
83 231 950
84 929 771
85 717 857
86 767 755
87 250 924
88 972 543
89 114 955
90 931 866
91 796 414
92 708 270
93 893 755
94 175 956
95 928 757
96 712 401
97 911 968
98 73 240
99 273 9
100 729 595
101 35 166
102 144 36
103 855 718
104 246 872
105 145 125
106 828 875
107 991 591
108 256 913
109 916 785
110 572 373
111 794 708
112 293 607
113 954 807
114 929 743
115 766 280
116 649 291
117 467 677
118 754 655
119 739 882
120 914 788
121 840 785
122 688 415
123 872 383
124 100 253
125 825 737
126 934 881
127 61 122
128 805 306
129 723 293
130 210 984
131 871 845
132 263 916
133 689 176
134 916 696
135 267 798
136 709 162
137 778 748
138 868 711
139 888 705
140 275 849
141 721 780
142 39 209
143 725 784
144 732 339
145 153 957
146 228 685
147 133 309
148 968 772
149 856 654
150 9 152
151 241 951
152 713 376
153 838 377
154 876 764
155 597 423
156 114 992
157 877 851
158 919 703
159 904 766
160 72 31
161 466 393
162 781 784
163 901 846
164 832 916
165 82 123
166 854 803
167 860 788
168 886 728
169 721 227
170 821 575
171 833 775
172 740 699
173 815 870
174 987 925
175 912 794
176 52 131
177 278 957
178 978 690
179 771 292
180 823 346
181 707 335
182 169 906
183 735 870
184 881 748
185 286 992
186 852 889
187 795 680
188 234 986
189 950 871
190 93 187
191 242 902
192 166 240
193 831 436
194 826 244
195 913 959
196 762 783
197 899 829
198 838 765
199 175 829
200 869 785
201 953 964
202 866 944
203 936 737
204 819 800
205 159 845
206 226 948
207 900 582
208 716 261
209 724 340
210 882 786
211 37 115
212 76 158
213 932 900
214 933 720
215 16 220
216 697 613
217 794 288
218 843 826
219 944 819
220 182 953
221 871 819
222 795 277
223 27 151
224 90 898
225 837 658
226 48 57
227 335 937
228 768 713
229 620 617
230 870 923
231 703 796
232 784 302
233 626 928
234 847 721
235 27 180
236 791 822
237 836 834
238 840 350
239 267 903
240 865 981
241 887 753
242 213 883
243 132 331
244 99 100
245 976 899
246 678 226
247 906 926
248 716 733
249 866 711
250 268 882
251 904 726
252 867 615
253 929 807
254 625 238
255 237 947
256 209 895
257 766 806
258 464 628
259 723 817
260 756 859
261 149 12
262 46 127
263 648 763
264 709 1000
265 829 844
266 973 811
267 689 268
268 13 80
269 896 935
270 754 764
271 942 954
272 716 719
273 813 654
274 834 758
275 207 941
276 756 865
277 265 892
278 757 729
279 915 874
280 184 925
281 6 88
282 913 733
283 853 309
284 875 839
285 32 84
286 715 176
287 834 807
288 847 710
289 444 396
290 914 878
291 856 642
292 226 73
293 968 877
294 781 749
295 922 793
296 821 387
297 110 34
298 134 191
299 672 327
300 879 696
301 624 939
302 813 750
303 908 891
304 818 143
305 938 847
306 869 297
307 814 792
308 980 924
309 637 554
310 642 92
311 978 788
312 942 817
313 752 219
314 182 910
315 935 940
316 14 181
317 873 727
318 896 683
319 571 612
320 938 763
321 219 930
322 697 393
323 818 777
324 741 316
325 760 270
326 291 911
327 998 998
328 774 940
329 901 284
330 838 610
331 702 710
332 837 729
333 863 747
334 110 210
335 941 368
336 840 786
337 955 703
338 27 249
339 885 720
340 726 72
341 927 828
342 936 839
343 67 303
344 6 173
345 450 456
346 814 755
347 916 839
348 267 996
349 885 921
350 835 904
351 19 162
352 169 925
353 697 124
354 503 227
355 762 808
356 995 982
357 625 396
358 278 907
359 789 275
360 661 251
361 35 134
362 169 67
363 909 870
364 731 272
365 880 876
366 17 50
367 40 968
368 912 691
369 895 657
370 970 746
371 227 938
372 789 714
373 831 793
374 628 75
375 44 140
376 833 331
377 819 774
378 863 563
379 7 208
380 251 969
381 877 878
382 929 741
383 857 859
384 828 756
385 982 730
386 176 937
387 861 803
388 828 850
389 142 224
390 785 320
391 732 656
392 702 411
393 885 900
394 89 906
395 259 902
396 896 852
397 124 963
398 685 731
399 88 97
400 763 297
401 855 747
402 161 273
403 202 878
404 171 74
405 237 989
406 780 303
407 886 835
408 189 960
409 823 650
410 123 142
411 846 781
412 866 728
413 692 575
414 816 730
415 670 282
416 844 756
417 220 944
418 773 798
419 879 728
420 183 931
421 807 714
422 185 301
423 797 735
424 934 784
425 667 332
426 24 204
427 901 705
428 845 758
429 692 835
430 195 161
431 984 717
432 878 867
433 874 804
434 65 312
435 167 965
436 21 154
437 262 49
438 804 363
439 513 373
440 886 775
441 754 423
442 289 968
443 685 588
444 821 861
445 232 876
446 877 928
447 868 130
448 802 662
449 152 128
450 913 784
451 45 151
452 648 249
453 662 246
454 174 343
455 902 811
456 287 979
457 874 872
458 759 909
459 170 875
460 871 772
461 231 949
462 757 759
463 830 706
464 73 64
465 181 209
466 346 925
467 781 691
468 939 690
469 696 707
470 776 662
471 696 935
472 914 713
473 569 224
474 835 929
475 716 466
476 814 851
477 949 924
478 760 725
479 918 734
480 801 957
481 980 884
482 881 597
483 922 516
484 937 722
485 42 137
486 788 704
487 239 159
488 823 797
489 477 752
490 989 733
491 785 161
492 901 843
493 377 875
494 617 720
495 968 847
496 816 769
497 16 117
498 481 902
499 850 917
500 835 817
501 568 403
502 688 214
503 968 840
504 831 736
505 338 911
506 926 697
507 260 801
508 760 280
509 328 778
510 853 694
511 825 825
512 966 756
513 918 833
514 880 747
515 869 741
516 861 227
517 675 706
518 682 353
519 783 872
520 684 255
521 8 275
522 95 811
523 719 331
524 852 809
525 287 911
526 849 735
527 908 743
528 842 941
529 773 87
530 829 790
531 116 68
532 0 210
533 832 798
534 172 794
535 990 962
536 720 777
537 785 786
538 769 726
539 286 795
540 33 167
541 882 887
542 783 578
543 925 840
544 48 159
545 8 59
546 719 304
547 53 77
548 792 744
549 934 879
550 823 685
551 857 240
552 850 780
553 116 45
554 624 288
555 197 910
556 164 904
557 870 767
558 844 854
559 277 820
560 805 821
561 878 755
562 916 435
563 146 86
564 856 887
565 110 922
566 931 578
567 672 355
568 732 259
569 317 931
570 973 525
571 905 720
572 39 229
573 257 153
574 950 721
575 814 742
576 82 116
577 767 838
578 176 916
579 184 928
580 150 211
581 726 634
582 710 884
583 850 733
584 964 690
585 863 307
586 212 235
587 275 975
588 935 759
589 770 210
590 588 740
591 988 760
592 804 712
593 23 152
594 783 812
595 212 922
596 820 750
597 608 976
598 842 734
599 939 896
600 987 811
601 810 778
602 909 838
603 759 793
604 424 843
605 211 892
606 1 392
607 827 748
608 685 761
609 774 211
610 804 287
611 770 312
612 425 965
613 763 294
614 839 263
615 700 294
616 723 658
617 72 220
618 268 921
619 12 122
620 892 897
621 101 42
622 797 844
623 39 252
624 957 295
625 682 302
626 120 148
627 836 712
628 750 802
629 929 621
630 764 839
631 833 737
632 706 702
633 846 867
634 850 818
635 774 522
636 789 290
637 658 197
638 857 742
639 932 844
640 183 127
641 235 950
642 237 941
643 759 362
644 868 831
645 878 677
646 774 370
647 826 794
648 643 146
649 284 964
650 990 710
651 923 535
652 828 780
653 251 928
654 774 334
655 386 913
656 996 821
657 951 836
658 195 927
659 985 682
660 35 186
661 803 801
662 689 269
663 734 819
664 917 615
665 856 239
666 30 129
667 683 678
668 814 773
669 660 351
670 178 887
671 672 213
672 868 873
673 859 867
674 800 771
675 769 706
676 692 282
677 976 867
678 938 693
679 716 682
680 980 804
681 726 598
682 996 842
683 609 290
684 168 990
685 777 711
686 200 890
687 818 877
688 981 802
689 959 768
690 258 768
691 796 724
692 119 103
693 958 780
694 659 309
695 181 203
696 874 708
697 894 899
698 680 294
699 732 350
700 295 849
701 898 842
702 624 381
703 892 741
704 746 300
705 335 926
706 231 136
707 966 841
708 910 716
709 853 779
710 959 893
711 800 283
712 839 993
713 863 788
714 874 805
715 827 797
716 136 807
717 830 719
718 806 209
719 963 696
720 229 974
721 789 841
722 886 810
723 875 762
724 763 718
725 852 757
726 737 866
727 862 712
728 667 399
729 207 902
730 252 978
731 135 237
732 308 943
733 776 317
734 271 910
735 356 925
736 773 824
737 947 602
738 823 315
739 570 131
740 61 62
741 833 379
742 827 719
743 52 101
744 841 711
745 713 255
746 907 845
747 608 269
748 684 35
749 361 967
750 871 858
751 264 753
752 932 800
753 903 857
754 751 885
755 64 178
756 941 908
757 769 847
758 847 779
759 98 179
760 904 597
761 931 746
762 181 841
763 905 794
764 720 166
765 1000 903
766 951 722
767 805 243
768 244 869
769 938 162
770 707 281
771 915 854
772 851 601
773 746 297
774 992 731
775 864 201
776 406 940
777 775 388
778 877 877
779 851 678
780 820 904
781 44 30
782 871 740
783 622 948
784 732 204
785 55 163
786 850 899
787 885 799
788 274 938
789 967 914
790 178 992
791 129 97
792 814 836
793 233 962
794 847 409
795 39 279
796 760 285
797 963 944
798 764 749
799 835 828
800 899 710
801 700 183
802 2 53
803 156 160
804 815 861
805 868 814
806 61 239
807 802 823
808 863 924
809 312 683
810 80 983
811 322 951
812 848 746
813 817 752
814 816 765
815 132 885
816 0 296
817 544 344
818 84 115
819 732 699
820 202 948
821 876 743
822 895 863
823 855 741
824 909 770
825 225 216
826 698 282
827 62 45
828 326 960
829 63 74
830 916 952
831 733 350
832 843 720
833 741 389
834 15 700
835 755 393
836 784 775
837 284 984
838 906 914
839 735 247
840 699 915
841 876 761
842 362 854
843 687 312
844 703 304
845 828 841
846 640 831
847 799 827
848 940 721
849 856 774
850 119 158
851 641 38
852 783 686
853 811 194
854 871 802
855 886 733
856 938 870
857 50 152
858 852 386
859 663 797
860 784 231
861 947 808
862 199 66
863 874 731
864 24 135
865 505 867
866 950 736
867 451 926
868 333 878
869 792 362
870 738 343
871 260 934
872 739 293
873 302 925
874 920 680
875 727 777
876 737 663
877 878 872
878 944 251
879 792 789
880 765 844
881 777 747
882 656 600
883 924 279
884 84 103
885 63 130
886 988 787
887 531 320
888 67 892
889 932 891
890 299 878
891 396 944
892 70 70
893 353 901
894 699 636
895 820 800
896 139 176
897 63 163
898 660 210
899 976 725
900 806 848
901 664 357
902 887 761
903 907 786
904 254 765
905 888 615
906 758 801
907 897 690
908 831 711
909 850 832
910 764 223
911 975 180
912 963 762
913 888 719
914 364 975
915 801 237
916 818 899
917 896 832
918 784 445
919 66 147
920 797 805
921 961 977
922 776 865
923 448 953
924 833 398
925 845 852
926 783 782
927 906 809
928 528 179
929 936 778
930 850 711
931 968 849
932 391 922
933 343 963
934 26 377
935 305 869
936 999 797
937 824 742
938 794 779
939 34 17
940 884 859
941 58 297
942 3 78
943 867 798
944 825 537
945 875 801
946 750 924
947 859 772
948 928 885
949 805 790
950 728 309
951 47 96
952 846 891
953 665 274
954 42 148
955 867 826
956 76 950
957 912 823
958 836 730
959 722 262
960 876 816
961 36 129
962 812 315
963 835 705
964 126 210
965 986 649
966 100 21
967 582 337
968 64 163
969 903 926
970 833 725
971 714 839
972 842 793
973 763 751
974 778 664
975 881 774
976 874 366
977 801 210
978 736 780
979 883 819
PICKUP_AND_DELIVERY_SECTION
1 0 0 0 0 0 0
2 0 0 0 0 9.43007 28.5699
3 0 0 0 0 18.8735 29.1265
4 0 0 0 0 49.8157 7.1843
5 0 0 0 0 58.227 1.77305
6 0 0 0 0 50.011 5.98897
7 0 0 0 0 29.9265 44.0735
8 0 0 0 0 19.1216 21.8784
9 0 0 0 0 77.2469 17.7531
10 0 0 0 0 75.5684 1.43161
11 0 0 0 0 92.5906 2.40942
12 0 0 0 0 53.4483 0.551724
13 0 0 0 0 65.7295 19.2705
14 0 0 0 0 44 22
15 0 0 0 0 5.07692 12.9231
16 0 0 0 0 76.7672 6.23279
17 0 0 0 0 1.57943 1.42057
18 0 0 0 0 66.8116 17.1884
19 0 0 0 0 28.6667 57.3333
20 0 0 0 0 95.7684 0.231604
21 0 0 0 0 65.0725 3.92746
22 0 0 0 0 28.5432 22.4568
23 0 0 0 0 66.5148 33.4852
24 0 0 0 0 67.3326 9.6674
25 0 0 0 0 47.9524 3.04756
26 0 0 0 0 84.5229 11.4771
27 0 0 0 0 43.2689 9.73115
28 0 0 0 0 60.7209 9.27907
29 0 0 0 0 90.0434 8.95657
30 0 0 0 0 36.5906 21.4094
31 0 0 0 0 47.7564 5.24362
32 0 0 0 0 73.517 13.483
33 0 0 0 0 3 9
34 0 0 0 0 58.8928 5.10723
35 0 0 0 0 31.3196 30.6804
36 0 0 0 0 60.3498 3.65019
37 0 0 0 0 56.8407 2.15931
38 0 0 0 0 51.5556 12.4444
39 0 0 0 0 26.6087 24.3913
40 0 0 0 0 44.2736 10.7264
41 0 0 0 0 2.11419 4.88581
42 0 0 0 0 61.5415 2.45849
43 0 0 0 0 22.8837 24.1163
44 0 0 0 0 1.60628 3.39372
45 0 0 0 0 5.97586 14.0241
46 0 0 0 0 73.8889 26.1111
47 0 0 0 0 12.0968 62.9032
48 0 0 0 0 4.2887 36.7113
49 0 0 0 0 80.8588 6.14118
50 0 0 0 0 66.9415 5.05855
51 0 0 0 0 55.9532 18.0468
52 0 0 0 0 63.6962 4.3038
53 0 0 0 0 10.4159 16.5841
54 0 0 0 0 49.6552 22.3448
55 0 0 0 0 7.88862 10.1114
56 0 0 0 0 9.21788 15.7821
57 0 0 0 0 62.5446 5.45537
58 0 0 0 0 49.5708 6.42918
59 0 0 0 0 4.65659 9.34341
60 0 0 0 0 39.2889 28.7111
61 0 0 0 0 84.2102 0.789779
62 0 0 0 0 78.7141 4.28589
63 0 0 0 0 83.2062 4.79377
64 0 0 0 0 0.618992 1.38101
65 0 0 0 0 69.3 8.7
66 0 0 0 0 84.6523 13.3477
67 0 0 0 0 55.9676 3.0324
68 0 0 0 0 94.8861 4.11394
69 0 0 0 0 75.1369 12.8631
70 0 0 0 0 58.6785 0.321526
71 0 0 0 0 3.33117 5.66883
72 0 0 0 0 7.6125 79.3875
73 0 0 0 0 0.432558 3.56744
74 0 0 0 0 55.1512 6.84884
75 0 0 0 0 74.488 14.512
76 0 0 0 0 83.7949 2.20513
77 0 0 0 0 62.7896 19.2104
78 0 0 0 0 61.3659 12.6341
79 0 0 0 0 10.493 39.507
80 0 0 0 0 1.48394 3.51606
81 0 0 0 0 69.7723 2.22772
82 0 0 0 0 80.6312 5.36879
83 0 0 0 0 4.86316 15.1368
84 0 0 0 0 81.3326 16.6674
85 0 0 0 0 64.4212 12.5788
86 0 0 0 0 69.8892 1.11082
87 0 0 0 0 7.84632 21.1537
88 0 0 0 0 30.7253 24.2747
89 0 0 0 0 1.55183 11.4482
90 0 0 0 0 53.0204 3.97959
91 0 0 0 0 15.0829 13.9171
92 0 0 0 0 9.15254 14.8475
93 0 0 0 0 69.3281 12.6719
94 0 0 0 0 8.23745 36.7626
95 0 0 0 0 44.8653 10.1347
96 0 0 0 0 23.6545 18.3455
97 0 0 0 0 79.9948 5.00517
98 0 0 0 0 20.9875 48.0125
99 0 0 0 0 2.96703 87.033
100 0 0 0 0 75.9053 17.0947
101 0 0 0 0 16.4458 61.5542
102 0 0 0 0 19.5 58.5
103 0 0 0 0 47.0269 8.9731
104 0 0 0 0 11.0023 27.9977
105 0 0 0 0 48.2759 7.72414
106 0 0 0 0 72.864 4.136
107 0 0 0 0 31.6075 21.3925
108 0 0 0 0 12.057 30.943
109 0 0 0 0 55.7041 9.29585
110 0 0 0 0 6.52098 3.47902
111 0 0 0 0 59.7431 7.25693
112 0 0 0 0 11.1021 11.8979
113 0 0 0 0 81.2075 14.7925
114 0 0 0 0 41.5888 10.4112
115 0 0 0 0 13.1593 22.8407
116 0 0 0 0 4.48382 5.51618
117 0 0 0 0 12.4165 5.58346
118 0 0 0 0 64.2838 9.71618
119 0 0 0 0 61.1644 11.8356
120 0 0 0 0 81.9037 13.0963
121 0 0 0 0 82.2381 5.7619
122 0 0 0 0 28.3503 18.6497
123 0 0 0 0 4.83142 6.16858
124 0 0 0 0 28.8538 44.1462
125 0 0 0 0 50.92 6.08
126 0 0 0 0 94.3255 5.67452
127 0 0 0 0 25.5 25.5
128 0 0 0 0 12.9242 21.0758
129 0 0 0 0 20.2628 29.7372
130 0 0 0 0 7.2561 26.7439
131 0 0 0 0 84.403 2.59701
132 0 0 0 0 3.73253 9.26747
133 0 0 0 0 9.96226 29.0377
134 0 0 0 0 53.9476 17.0524
135 0 0 0 0 1.67293 3.32707
136 0 0 0 0 9.59661 32.4034
137 0 0 0 0 75.9537 3.04627
138 0 0 0 0 53.2431 11.7569
139 0 0 0 0 44.4595 11.5405
140 0 0 0 0 4.85866 10.1413
141 0 0 0 0 70.2513 5.74872
142 0 0 0 0 13.4354 58.5646
143 0 0 0 0 51.7857 4.21429
144 0 0 0 0 1.85246 2.14754
145 0 0 0 0 1.279 6.721
146 0 0 0 0 9.31971 18.6803
147 0 0 0 0 30.1294 39.8706
148 0 0 0 0 44.6612 11.3388
149 0 0 0 0 55.7734 17.2266
150 0 0 0 0 3.84868 61.1513
151 0 0 0 0 2.02734 5.97266
152 0 0 0 0 21.6213 19.3787
153 0 0 0 0 5.39857 6.60143
154 0 0 0 0 69.7717 10.2283
155 0 0 0 0 25.5075 10.4925
156 0 0 0 0 0.459677 3.54032
157 0 0 0 0 74.7172 2.28278
158 0 0 0 0 52.7824 16.2176
159 0 0 0 0 58.4668 10.5332
160 0 0 0 0 39.1806 51.8194
161 0 0 0 0 66.6245 12.3755
162 0 0 0 0 88.6594 0.340561
163 0 0 0 0 65.727 4.27303
164 0 0 0 0 71.7555 7.24454
165 0 0 0 0 59.3333 29.6667
166 0 0 0 0 48.8946 3.10539
167 0 0 0 0 76.0512 6.94884
168 0 0 0 0 59.1603 12.8397
169 0 0 0 0 2.83356 6.16644
170 0 0 0 0 66.5347 28.4653
171 0 0 0 0 49.3097 3.69028
172 0 0 0 0 75.5676 4.43243
173 0 0 0 0 63.7011 4.29885
174 0 0 0 0 53.4195 3.58055
175 0 0 0 0 60.943 9.05702
176 0 0 0 0 37.313 56.687
177 0 0 0 0 9.58621 23.4138
178 0 0 0 0 35.9816 15.0184
179 0 0 0 0 1.13619 1.86381
180 0 0 0 0 19.7594 27.2406
181 0 0 0 0 18.9533 21.0467
182 0 0 0 0 3.91722 17.0828
183 0 0 0 0 56.6034 10.3966
184 0 0 0 0 52.6402 9.35982
185 0 0 0 0 14.127 34.873
186 0 0 0 0 92.0045 3.9955
187 0 0 0 0 45.3333 7.66667
188 0 0 0 0 9.73022 31.2698
189 0 0 0 0 80.6821 7.31789
190 0 0 0 0 26.8556 27.1444
191 0 0 0 0 1.07317 2.92683
192 0 0 0 0 62.9417 28.0583
193 0 0 0 0 7.34537 6.65463
194 0 0 0 0 2.3632 5.6368
195 0 0 0 0 89.4911 4.50886
196 0 0 0 0 89.5326 2.46743
197 0 0 0 0 92.2136 7.78643
198 0 0 0 0 86.7243 8.27566
199 0 0 0 0 7.81062 29.1894
200 0 0 0 0 46.9735 5.02647
201 0 0 0 0 80.0757 0.924274
202 0 0 0 0 51.3729 4.62712
203 0 0 0 0 51.9679 14.0321
204 0 0 0 0 96.7033 2.2967
205 0 0 0 0 3.38698 14.613
206 0 0 0 0 2.86076 9.13924
207 0 0 0 0 47.8533 26.1467
208 0 0 0 0 17.1327 29.8673
209 0 0 0 0 10.3315 11.6685
210 0 0 0 0 54.3605 6.63946
211 0 0 0 0 21.2348 44.7652
212 0 0 0 0 43.7722 47.2278
213 0 0 0 0 74.3562 2.64378
214 0 0 0 0 57.8778 17.1222
215 0 0 0 0 4.58182 58.4182
216 0 0 0 0 84.4304 11.5696
217 0 0 0 0 4.71537 8.28463
218 0 0 0 0 61.7295 1.27046
219 0 0 0 0 85.8909 13.1091
220 0 0 0 0 3.81952 16.1805
221 0 0 0 0 74.2836 4.71642
222 0 0 0 0 13.9371 26.0629
223 0 0 0 0 9.47682 43.5232
224 0 0 0 0 1.40312 12.5969
225 0 0 0 0 55.816 15.184
226 0 0 0 0 47.1579 8.84211
227 0 0 0 0 15.3735 27.6265
228 0 0 0 0 92.8385 7.16146
229 0 0 0 0 75.6323 0.367742
230 0 0 0 0 68.8082 4.19177
231 0 0 0 0 85.6671 11.3329
232 0 0 0 0 11.9413 19.0587
233 0 0 0 0 46.5453 22.4547
234 0 0 0 0 79.1653 13.8347
235 0 0 0 0 12.3 69.7
236 0 0 0 0 76.983 3.01703
237 0 0 0 0 88.7871 0.212919
238 0 0 0 0 19.1667 26.8333
239 0 0 0 0 2.06977 4.93023
240 0 0 0 0 59.9592 8.04077
241 0 0 0 0 84.044 14.956
242 0 0 0 0 4.34202 13.658
243 0 0 0 0 39.0816 58.9184
244 0 0 0 0 62.37 0.63
245 0 0 0 0 54.3453 4.65471
246 0 0 0 0 2.33333 4.66667
247 0 0 0 0 86.0994 1.90065
248 0 0 0 0 82.0518 1.94816
249 0 0 0 0 42.6928 9.30716
250 0 0 0 0 14.8889 34.1111
251 0 0 0 0 52.2013 12.7987
252 0 0 0 0 38.3045 15.6955
253 0 0 0 0 75.5748 11.4252
254 0 0 0 0 6.0928 9.9072
255 0 0 0 0 2.00211 5.99789
256 0 0 0 0 6.77207 22.2279
257 0 0 0 0 80.7816 4.21836
258 0 0 0 0 31.0318 10.9682
259 0 0 0 0 59.2913 7.70869
260 0 0 0 0 62.4866 8.51339
261 0 0 0 0 7.57047 86.4295
262 0 0 0 0 21.3701 37.6299
263 0 0 0 0 54.3539 9.64613
264 0 0 0 0 68.773 28.227
265 0 0 0 0 61.8803 1.11967
266 0 0 0 0 71.6814 14.3186
267 0 0 0 0 0.777939 1.22206
268 0 0 0 0 8.45 43.55
269 0 0 0 0 66.1219 2.87807
270 0 0 0 0 91.7827 1.21728
271 0 0 0 0 95.7799 1.22013
272 0 0 0 0 79.6662 0.333797
273 0 0 0 0 58.7232 14.2768
274 0 0 0 0 56.3501 5.64988
275 0 0 0 0 2.41977 8.58023
276 0 0 0 0 53.3133 7.68671
277 0 0 0 0 7.72422 18.2758
278 0 0 0 0 49.1136 1.88639
279 0 0 0 0 71.6393 3.36066
280 0 0 0 0 3.97838 16.0216
281 0 0 0 0 5.93182 81.0682
282 0 0 0 0 46.5652 11.4348
283 0 0 0 0 10.8675 19.1325
284 0 0 0 0 65.2023 2.79771
285 0 0 0 0 26.6667 43.3333
286 0 0 0 0 7.63077 23.3692
287 0 0 0 0 76.4424 2.55755
288 0 0 0 0 58.6777 11.3223
289 0 0 0 0 51.7297 6.27027
290 0 0 0 0 64.3611 2.63895
291 0 0 0 0 69.75 23.25
292 0 0 0 0 29.3938 61.6062
293 0 0 0 0 74.2913 7.70868
294 0 0 0 0 83.4353 3.56466
295 0 0 0 0 58.4859 9.5141
296 0 0 0 0 19.3264 21.6736
297 0 0 0 0 23.1818 51.8182
298 0 0 0 0 60.3351 25.6649
299 0 0 0 0 10.2188 10.7813
300 0 0 0 0 74.43 19.57
301 0 0 0 0 43.1949 21.8051
302 0 0 0 0 88.5609 7.43911
303 0 0 0 0 67.7081 1.29185
304 0 0 0 0 0.874083 4.12592
305 0 0 0 0 88.4925 9.50746
306 0 0 0 0 7.86076 15.1392
307 0 0 0 0 66.1622 1.83784
308 0 0 0 0 66.9429 4.05714
309 0 0 0 0 64.3579 9.64207
310 0 0 0 0 3.72586 22.2741
311 0 0 0 0 66.8753 16.1247
312 0 0 0 0 47.7017 7.2983
313 0 0 0 0 9.9016 24.0984
314 0 0 0 0 8.6 34.4
315 0 0 0 0 83.5532 0.446809
316 0 0 0 0 6.1105 72.8895
317 0 0 0 0 50.7984 10.2016
318 0 0 0 0 61.7444 19.2556
319 0 0 0 0 51.3154 3.68464
320 0 0 0 0 50.4328 11.5672
321 0 0 0 0 5.65161 18.3484
322 0 0 0 0 20.2984 15.7016
323 0 0 0 0 69.3411 3.65892
324 0 0 0 0 14.9258 20.0742
325 0 0 0 0 10.3026 18.6974
326 0 0 0 0 3.19429 6.80571
327 0 0 0 0 70 0
328 0 0 0 0 57.6383 12.3617
329 0 0 0 0 9.14095 19.859
330 0 0 0 0 55.3222 20.6778
331 0 0 0 0 93.9296 1.07042
332 0 0 0 0 80.129 11.871
333 0 0 0 0 48.4728 7.52723
334 0 0 0 0 39.2857 35.7143
335 0 0 0 0 14.8608 23.1392
336 0 0 0 0 62.6929 4.30714
337 0 0 0 0 57.4178 20.5822
338 0 0 0 0 10.5181 86.4819
339 0 0 0 0 56.1356 12.8644
340 0 0 0 0 2.67769 24.3223
341 0 0 0 0 66.9903 8.00971
342 0 0 0 0 57.3675 6.63248
343 0 0 0 0 17.6898 62.3102
344 0 0 0 0 1.83815 51.1618
345 0 0 0 0 50.3289 0.671053
346 0 0 0 0 84.4042 6.59582
347 0 0 0 0 47.6288 4.37118
348 0 0 0 0 12.8675 35.1325
349 0 0 0 0 61.4984 2.50163
350 0 0 0 0 92.3673 7.63274
351 0 0 0 0 7.85802 59.142
352 0 0 0 0 2.00973 8.99027
353 0 0 0 0 5.33716 24.6628
354 0 0 0 0 12.1849 14.8151
355 0 0 0 0 53.755 3.24505
356 0 0 0 0 74.0201 0.979899
357 0 0 0 0 10.7712 6.2288
358 0 0 0 0 13.4862 30.5138
359 0 0 0 0 17.4271 32.5729
360 0 0 0 0 12.1513 19.8487
361 0 0 0 0 25.0746 70.9254
362 0 0 0 0 22.9941 35.0059
363 0 0 0 0 93.7954 4.20462
364 0 0 0 0 17.1163 28.8837
365 0 0 0 0 51.7636 0.236364
366 0 0 0 0 19.72 38.28
367 0 0 0 0 1.90083 44.0992
368 0 0 0 0 75.7675 24.2325
369 0 0 0 0 41.8425 15.1575
370 0 0 0 0 76.9072 23.0928
371 0 0 0 0 11.3742 35.6258
372 0 0 0 0 57.0114 5.98859
373 0 0 0 0 62.9819 3.01805
374 0 0 0 0 4.41879 32.5812
375 0 0 0 0 21.0571 45.9429
376 0 0 0 0 19.4706 29.5294
377 0 0 0 0 64.2637 3.73626
378 0 0 0 0 56.1043 29.8957
379 0 0 0 0 2.25481 64.7452
380 0 0 0 0 4.40351 12.5965
381 0 0 0 0 90.8964 0.103645
382 0 0 0 0 62.2153 15.7847
383 0 0 0 0 62.8533 0.146682
384 0 0 0 0 69.3913 6.6087
385 0 0 0 0 58.7271 20.2729
386 0 0 0 0 6.01067 25.9893
387 0 0 0 0 81.1394 5.86063
388 0 0 0 0 75.0071 1.99294
389 0 0 0 0 45.6429 26.3571
390 0 0 0 0 2.03822 2.96178
391 0 0 0 0 84.2404 9.75956
392 0 0 0 0 7.61111 5.38889
393 0 0 0 0 66.8667 1.13333
394 0 0 0 0 1.17881 10.8212
395 0 0 0 0 6.89135 17.1086
396 0 0 0 0 49.4464 2.55357
397 0 0 0 0 1.28764 8.71236
398 0 0 0 0 87.1477 5.85226
399 0 0 0 0 54.433 5.56701
400 0 0 0 0 3.50328 5.49672
401 0 0 0 0 64.6526 9.34737
402 0 0 0 0 54.2564 37.7436
403 0 0 0 0 5.0615 16.9385
404 0 0 0 0 25.5322 33.4678
405 0 0 0 0 10.544 33.456
406 0 0 0 0 8.15769 12.8423
407 0 0 0 0 86.7043 5.29571
408 0 0 0 0 7.48125 30.5188
409 0 0 0 0 47.3876 12.6124
410 0 0 0 0 55.4366 8.56338
411 0 0 0 0 78.4693 6.53073
412 0 0 0 0 68.933 13.067
413 0 0 0 0 58.1647 11.8353
414 0 0 0 0 84.9877 10.0123
415 0 0 0 0 11.3642 15.6358
416 0 0 0 0 53.7441 6.25592
417 0 0 0 0 6.99153 23.0085
418 0 0 0 0 51.3396 1.6604
419 0 0 0 0 66.2571 13.7429
420 0 0 0 0 9.63158 39.3684
421 0 0 0 0 46.8922 6.10781
422 0 0 0 0 46.711 29.289
423 0 0 0 0 76.5433 6.45671
424 0 0 0 0 47.0064 8.99358
425 0 0 0 0 15.4303 15.5697
426 0 0 0 0 9.41176 70.5882
427 0 0 0 0 62.5971 17.4029
428 0 0 0 0 55.6166 6.38343
429 0 0 0 0 53.0395 10.9605
430 0 0 0 0 73.4821 15.5179
431 0 0 0 0 61.936 23.064
432 0 0 0 0 98.7472 1.25285
433 0 0 0 0 68.0732 5.92677
434 0 0 0 0 13.5417 51.4583
435 0 0 0 0 0.865285 4.13472
436 0 0 0 0 12.6818 80.3182
437 0 0 0 0 16.8321 73.1679
438 0 0 0 0 14.8993 18.1007
439 0 0 0 0 29.0838 10.9162
440 0 0 0 0 74.351 10.649
441 0 0 0 0 16.2692 12.7308
442 0 0 0 0 5.37397 12.626
443 0 0 0 0 56.654 9.34599
444 0 0 0 0 60.0732 2.92683
445 0 0 0 0 6.621 18.379
446 0 0 0 0 60.4828 3.51724
447 0 0 0 0 2.54608 14.4539
448 0 0 0 0 47.8753 10.1247
449 0 0 0 0 67.3684 12.6316
450 0 0 0 0 44.6528 7.34721
451 0 0 0 0 18.7748 44.2252
452 0 0 0 0 11.1435 17.8565
453 0 0 0 0 6.68882 11.3112
454 0 0 0 0 35.5102 34.4898
455 0 0 0 0 67.4335 7.56652
456 0 0 0 0 11.4331 27.5669
457 0 0 0 0 87.7986 0.201373
458 0 0 0 0 59.2838 11.7162
459 0 0 0 0 3.88571 16.1143
460 0 0 0 0 49.6349 6.3651
461 0 0 0 0 2.67756 8.32244
462 0 0 0 0 94.7497 0.250329
463 0 0 0 0 65.4964 11.5036
464 0 0 0 0 78.9041 11.0959
465 0 0 0 0 75.3445 11.6555
466 0 0 0 0 10.4735 17.5265
467 0 0 0 0 46.0077 5.99232
468 0 0 0 0 58.0511 20.9489
469 0 0 0 0 61.0354 0.964639
470 0 0 0 0 45.2139 7.78608
471 0 0 0 0 43.9187 15.0813
472 0 0 0 0 55.3862 15.6138
473 0 0 0 0 13.3849 20.6151
474 0 0 0 0 88.084 9.91604
475 0 0 0 0 4.55587 2.44413
476 0 0 0 0 59.3043 2.69565
477 0 0 0 0 85.6818 2.31823
478 0 0 0 0 92.5329 4.46711
479 0 0 0 0 42.3769 10.6231
480 0 0 0 0 78.6771 15.3229
481 0 0 0 0 68.5551 7.4449
482 0 0 0 0 50.8229 24.1771
483 0 0 0 0 28.5423 22.4577
484 0 0 0 0 68.5784 20.4216
485 0 0 0 0 27.2847 61.7153
486 0 0 0 0 86.6599 10.3401
487 0 0 0 0 53.2218 26.7782
488 0 0 0 0 55.1993 1.80073
489 0 0 0 0 10.1489 5.85106
490 0 0 0 0 71.1507 24.8493
491 0 0 0 0 6.76815 26.2318
492 0 0 0 0 58.9445 4.05549
493 0 0 0 0 4.30857 5.69143
494 0 0 0 0 62.5569 10.4431
495 0 0 0 0 84.875 12.125
496 0 0 0 0 60.3137 3.68627
497 0 0 0 0 9.02564 56.9744
498 0 0 0 0 14.398 12.602
499 0 0 0 0 86.205 6.79498
500 0 0 0 0 61.6419 1.35808
501 0 0 0 0 7.09507 2.90493
502 0 0 0 0 2.48837 5.51163
503 0 0 0 0 45.124 6.87603
504 0 0 0 0 49.5981 6.40193
505 0 0 0 0 8.16246 13.8375
506 0 0 0 0 73.0119 23.9881
507 0 0 0 0 4.54432 9.45568
508 0 0 0 0 17.6842 30.3158
509 0 0 0 0 18.9717 26.0283
510 0 0 0 0 74.0375 16.9625
511 0 0 0 0 86 0
512 0 0 0 0 49.3043 13.6957
513 0 0 0 0 63.5185 6.48148
514 0 0 0 0 59.4205 10.5795
515 0 0 0 0 57.1312 9.86881
516 0 0 0 0 9.75494 27.2451
517 0 0 0 0 57.3654 2.63456
518 0 0 0 0 8.28152 7.71848
519 0 0 0 0 84.406 9.59404
520 0 0 0 0 11.9298 20.0702
521 0 0 0 0 1.80364 60.1964
522 0 0 0 0 2.22565 16.7744
523 0 0 0 0 3.68289 4.31711
524 0 0 0 0 49.3756 2.62441
525 0 0 0 0 7.56092 16.4391
526 0 0 0 0 58.8693 9.13074
527 0 0 0 0 62.1894 13.8106
528 0 0 0 0 51.0032 5.99681
529 0 0 0 0 3.9392 31.0608
530 0 0 0 0 89.5778 4.4222
531 0 0 0 0 36.3448 25.6552
532 0 0 0 0 0 60
533 0 0 0 0 67.1394 2.86058
534 0 0 0 0 5.41562 19.5844
535 0 0 0 0 62.1899 1.8101
536 0 0 0 0 66.7181 5.28185
537 0 0 0 0 94.8791 0.120865
538 0 0 0 0 70.8062 4.19376
539 0 0 0 0 3.95723 7.04277
540 0 0 0 0 12.0539 48.9461
541 0 0 0 0 61.6505 0.349493
542 0 0 0 0 65.6986 23.3014
543 0 0 0 0 49.9459 5.05405
544 0 0 0 0 19.9245 46.0755
545 0 0 0 0 12.8814 82.1186
546 0 0 0 0 10.1474 13.8526
547 0 0 0 0 61.2597 27.7403
548 0 0 0 0 74.2121 4.78788
549 0 0 0 0 70.5835 4.41649
550 0 0 0 0 65.7533 13.2467
551 0 0 0 0 4.2007 10.7993
552 0 0 0 0 61.4824 5.51765
553 0 0 0 0 23.2759 36.7241
554 0 0 0 0 23.0769 26.9231
555 0 0 0 0 2.38132 8.61868
556 0 0 0 0 8.34513 37.6549
557 0 0 0 0 70.5287 9.47126
558 0 0 0 0 93.8876 1.11241
559 0 0 0 0 10.8098 21.1902
560 0 0 0 0 94.1291 1.87089
561 0 0 0 0 56.754 9.24601
562 0 0 0 0 22.3199 24.6801
563 0 0 0 0 44.7671 31.2329
564 0 0 0 0 60.7982 2.2018
565 0 0 0 0 4.29501 31.705
566 0 0 0 0 52.7712 32.2288
567 0 0 0 0 25.3571 22.6429
568 0 0 0 0 6.36885 11.6311
569 0 0 0 0 11.9173 23.0827
570 0 0 0 0 42.0863 35.9137
571 0 0 0 0 71.6022 18.3978
572 0 0 0 0 14.9869 73.0131
573 0 0 0 0 39.8872 27.1128
574 0 0 0 0 62.2337 19.7663
575 0 0 0 0 47.4005 4.59951
576 0 0 0 0 38.8793 16.1207
577 0 0 0 0 50.3401 4.6599
578 0 0 0 0 0.576419 2.42358
579 0 0 0 0 5.15517 20.8448
580 0 0 0 0 46.9194 19.0806
581 0 0 0 0 80.3416 11.6584
582 0 0 0 0 76.3009 18.6991
583 0 0 0 0 68.1259 10.8741
584 0 0 0 0 40.7988 16.2012
585 0 0 0 0 11.0278 19.9722
586 0 0 0 0 79.3872 8.61277
587 0 0 0 0 6.76923 17.2308
588 0 0 0 0 44.6471 10.3529
589 0 0 0 0 1.90909 5.09091
590 0 0 0 0 41.3189 10.6811
591 0 0 0 0 73.8462 22.1538
592 0 0 0 0 69.9602 9.0398
593 0 0 0 0 10.7434 60.2566
594 0 0 0 0 65.5714 2.42857
595 0 0 0 0 10.3471 34.6529
596 0 0 0 0 69.5122 6.4878
597 0 0 0 0 34.2623 20.7377
598 0 0 0 0 87.1734 12.8266
599 0 0 0 0 65.8403 3.15974
600 0 0 0 0 69.843 15.157
601 0 0 0 0 51.8667 2.13333
602 0 0 0 0 81.1265 6.87349
603 0 0 0 0 62.2131 2.78689
604 0 0 0 0 16.0949 15.9051
605 0 0 0 0 1.18274 3.81726
606 0 0 0 0 0.19898 77.801
607 0 0 0 0 81.4027 8.59734
608 0 0 0 0 82.8121 9.18791
609 0 0 0 0 13.0853 34.9147
610 0 0 0 0 12.4938 22.5062
611 0 0 0 0 13.7766 20.2234
612 0 0 0 0 16.2953 20.7047
613 0 0 0 0 10.789 17.211
614 0 0 0 0 3.44815 7.55185
615 0 0 0 0 8.82 12.18
616 0 0 0 0 91.0097 8.99032
617 0 0 0 0 32.0727 65.9273
618 0 0 0 0 11.3485 27.6515
619 0 0 0 0 5.5082 50.4918
620 0 0 0 0 74.5819 0.41806
621 0 0 0 0 22.0396 30.9604
622 0 0 0 0 54.7701 3.22986
623 0 0 0 0 8.66667 47.3333
624 0 0 0 0 7.70637 17.2936
625 0 0 0 0 5.7566 7.2434
626 0 0 0 0 68.1081 15.8919
627 0 0 0 0 56.2105 9.78947
628 0 0 0 0 88.8404 6.1596
629 0 0 0 0 65.5091 32.4909
630 0 0 0 0 58.2789 5.7211
631 0 0 0 0 45.1224 5.87755
632 0 0 0 0 78.5524 0.447592
633 0 0 0 0 50.7405 1.25952
634 0 0 0 0 83.7247 3.27529
635 0 0 0 0 66.7674 32.2326
636 0 0 0 0 2.20532 3.79468
637 0 0 0 0 5.08967 11.9103
638 0 0 0 0 46.7538 7.24621
639 0 0 0 0 51.618 5.38197
640 0 0 0 0 43.0273 18.9727
641 0 0 0 0 2.47368 7.52632
642 0 0 0 0 11.0818 32.9182
643 0 0 0 0 12.4005 13.5995
644 0 0 0 0 91.9078 4.09217
645 0 0 0 0 47.0353 13.9647
646 0 0 0 0 19.1214 20.8786
647 0 0 0 0 92.2809 3.71913
648 0 0 0 0 1.1353 3.8647
649 0 0 0 0 14.7303 35.2697
650 0 0 0 0 59.5253 23.4747
651 0 0 0 0 57.9632 42.0368
652 0 0 0 0 78.1884 4.81159
653 0 0 0 0 9.73707 26.2629
654 0 0 0 0 4.31525 5.68475
655 0 0 0 0 13.529 18.471
656 0 0 0 0 48.6335 10.3665
657 0 0 0 0 64.1725 8.82755
658 0 0 0 0 3.57605 13.4239
659 0 0 0 0 36.0041 15.9959
660 0 0 0 0 10.3495 44.6505
661 0 0 0 0 84.7883 0.211706
662 0 0 0 0 10.5414 16.4586
663 0 0 0 0 73.4896 8.51038
664 0 0 0 0 64.3839 31.6161
665 0 0 0 0 5.86332 15.1367
666 0 0 0 0 16.0465 52.9535
667 0 0 0 0 76.4363 0.56369
668 0 0 0 0 88.3157 4.68428
669 0 0 0 0 10.6364 9.36364
670 0 0 0 0 9.83315 39.1669
671 0 0 0 0 0.633929 1.36607
672 0 0 0 0 71.5876 0.412371
673 0 0 0 0 99.0773 0.922722
674 0 0 0 0 73.245 2.755
675 0 0 0 0 68.8557 6.14434
676 0 0 0 0 10.5954 15.4046
677 0 0 0 0 77.2838 9.71619
678 0 0 0 0 47.2836 16.7164
679 0 0 0 0 52.3883 2.61173
680 0 0 0 0 81.2204 17.7796
681 0 0 0 0 50.2452 10.7548
682 0 0 0 0 49.8775 9.12249
683 0 0 0 0 11.9048 13.0952
684 0 0 0 0 7.46667 36.5333
685 0 0 0 0 69.5444 6.4556
686 0 0 0 0 6.96629 24.0337
687 0 0 0 0 53.1653 3.83466
688 0 0 0 0 78.4832 17.5168
689 0 0 0 0 64.8676 16.1324
690 0 0 0 0 10.4141 20.5859
691 0 0 0 0 73.6734 7.32663
692 0 0 0 0 52.7983 8.20168
693 0 0 0 0 73.2777 16.7223
694 0 0 0 0 22.9757 26.0243
695 0 0 0 0 77.5714 9.42857
696 0 0 0 0 47.7941 11.2059
697 0 0 0 0 93.4772 0.522803
698 0 0 0 0 6.05294 7.94706
699 0 0 0 0 21.0383 22.9617
700 0 0 0 0 7.64429 14.3557
701 0 0 0 0 52.5078 3.4922
702 0 0 0 0 7.32692 4.67308
703 0 0 0 0 81.4103 16.5897
704 0 0 0 0 18.9008 28.0992
705 0 0 0 0 10.8531 19.1469
706 0 0 0 0 51.2208 35.7792
707 0 0 0 0 62.6832 9.31677
708 0 0 0 0 70.0264 18.9736
709 0 0 0 0 74.8863 7.11372
710 0 0 0 0 81.9437 6.05631
711 0 0 0 0 14.5038 26.4962
712 0 0 0 0 79.422 14.578
713 0 0 0 0 89.4832 8.5168
714 0 0 0 0 91.1842 7.81579
715 0 0 0 0 70.3519 2.64813
716 0 0 0 0 2.19083 10.8092
717 0 0 0 0 44.1795 6.82048
718 0 0 0 0 10.3722 29.6278
719 0 0 0 0 55.6511 21.3489
720 0 0 0 0 8.69918 28.3008
721 0 0 0 0 85.3734 5.62663
722 0 0 0 0 73.1377 6.8623
723 0 0 0 0 85.344 12.656
724 0 0 0 0 51.7562 3.24377
725 0 0 0 0 57.7523 7.24765
726 0 0 0 0 52.7644 9.23557
727 0 0 0 0 67.7309 14.2691
728 0 0 0 0 26.919 18.081
729 0 0 0 0 11.245 37.755
730 0 0 0 0 4.63804 13.362
731 0 0 0 0 34.1772 25.8228
732 0 0 0 0 11.7582 24.2418
733 0 0 0 0 9.80412 14.1959
734 0 0 0 0 8.63626 20.3637
735 0 0 0 0 15.7795 25.2205
736 0 0 0 0 49.7197 3.28034
737 0 0 0 0 55.9409 32.0591
738 0 0 0 0 7.27217 11.7278
739 0 0 0 0 9.42281 31.5772
740 0 0 0 0 80.6774 1.32258
741 0 0 0 0 3.63986 4.36014
742 0 0 0 0 69.5526 10.4474
743 0 0 0 0 43.2475 40.7525
744 0 0 0 0 77.7788 14.2212
745 0 0 0 0 2.14586 3.85414
746 0 0 0 0 49.3771 3.62293
747 0 0 0 0 17.2549 21.7451
748 0 0 0 0 1.84211 34.1579
749 0 0 0 0 11.1996 18.8004
750 0 0 0 0 56.1493 0.850746
751 0 0 0 0 7.36255 13.6375
752 0 0 0 0 82.4034 13.5966
753 0 0 0 0 50.3001 2.69989
754 0 0 0 0 62.7955 11.2045
755 0 0 0 0 29.1236 51.8764
756 0 0 0 0 82.9841 3.01594
757 0 0 0 0 54.4746 5.52538
758 0 0 0 0 69.8985 6.10153
759 0 0 0 0 32.3017 26.6983
760 0 0 0 0 50.8507 26.1493
761 0 0 0 0 68.1096 16.8904
762 0 0 0 0 5.16528 18.8347
763 0 0 0 0 75.4519 10.5481
764 0 0 0 0 4.61111 15.3889
765 0 0 0 0 66.822 7.178
766 0 0 0 0 50.1073 15.8927
767 0 0 0 0 1.81118 4.18882
768 0 0 0 0 6.17722 15.8228
769 0 0 0 0 6.04478 28.9552
770 0 0 0 0 1.19236 1.80764
771 0 0 0 0 52.2667 3.73333
772 0 0 0 0 48.7297 20.2703
773 0 0 0 0 12.7399 19.2601
774 0 0 0 0 46.4244 16.5756
775 0 0 0 0 9.07292 29.9271
776 0 0 0 0 13.3894 17.6106
777 0 0 0 0 2.00258 1.99742
778 0 0 0 0 72 0
779 0 0 0 0 40.6322 10.3678
780 0 0 0 0 69.8451 7.15487
781 0 0 0 0 49.7727 23.2273
782 0 0 0 0 67.9679 12.0321
783 0 0 0 0 44.616 23.384
784 0 0 0 0 2.5082 6.4918
785 0 0 0 0 22.2699 43.7301
786 0 0 0 0 77.5306 4.46941
787 0 0 0 0 50.5582 5.44181
788 0 0 0 0 11.3923 27.6077
789 0 0 0 0 59.5471 3.45295
790 0 0 0 0 1.97379 9.02621
791 0 0 0 0 65.4186 21.5814
792 0 0 0 0 58.4211 1.57895
793 0 0 0 0 7.50832 23.4917
794 0 0 0 0 14.0035 14.9965
795 0 0 0 0 9.08602 55.914
796 0 0 0 0 14.625 24.375
797 0 0 0 0 68.6189 1.3811
798 0 0 0 0 72.5471 1.45288
799 0 0 0 0 56.5222 0.477844
800 0 0 0 0 40.2781 10.7219
801 0 0 0 0 7.32 20.68
802 0 0 0 0 2.60377 66.3962
803 0 0 0 0 84.825 2.175
804 0 0 0 0 66.2602 3.73984
805 0 0 0 0 50.6406 3.35945
806 0 0 0 0 23.2259 67.7741
807 0 0 0 0 50.6731 1.32685
808 0 0 0 0 68.1807 4.81926
809 0 0 0 0 3.65447 4.34553
810 0 0 0 0 2.60427 29.3957
811 0 0 0 0 1.01577 1.98423
812 0 0 0 0 45.7453 6.25472
813 0 0 0 0 80.9988 7.00122
814 0 0 0 0 71.25 4.75
815 0 0 0 0 4.02712 22.9729
816 0 0 0 0 0 51
817 0 0 0 0 2.52941 1.47059
818 0 0 0 0 50.4 18.6
819 0 0 0 0 90.7172 4.28279
820 0 0 0 0 5.54008 20.4599
821 0 0 0 0 44.9532 8.0468
822 0 0 0 0 92.5676 3.4324
823 0 0 0 0 70.2 10.8
824 0 0 0 0 53.3663 9.63366
825 0 0 0 0 74.88 3.12
826 0 0 0 0 15.3524 22.6476
827 0 0 0 0 67.5 25.5
828 0 0 0 0 14.9417 29.0583
829 0 0 0 0 81.7297 14.2703
830 0 0 0 0 88.521 3.47899
831 0 0 0 0 14.3247 15.6753
832 0 0 0 0 60.6406 10.3594
833 0 0 0 0 17.8489 16.1511
834 0 0 0 0 0.985714 45.0143
835 0 0 0 0 15.6159 14.3841
836 0 0 0 0 91.9324 1.0676
837 0 0 0 0 14.1423 34.8577
838 0 0 0 0 83.2648 0.73523
839 0 0 0 0 6.72109 13.2789
840 0 0 0 0 71.0459 21.9541
841 0 0 0 0 68.629 10.371
842 0 0 0 0 8.90164 12.0984
843 0 0 0 0 5.90393 7.09607
844 0 0 0 0 5.18919 6.81081
845 0 0 0 0 51.1962 0.803805
846 0 0 0 0 54.6811 16.3189
847 0 0 0 0 83.0883 2.91173
848 0 0 0 0 41.4191 12.5809
849 0 0 0 0 77.7617 8.23832
850 0 0 0 0 54.2278 17.7722
851 0 0 0 0 1.54134 24.4587
852 0 0 0 0 79.7267 11.2733
853 0 0 0 0 0.717633 2.28237
854 0 0 0 0 75.504 6.49598
855 0 0 0 0 68.667 14.333
856 0 0 0 0 60.2878 4.71215
857 0 0 0 0 23.6842 48.3158
858 0 0 0 0 8.15493 9.84507
859 0 0 0 0 65.7177 13.2823
860 0 0 0 0 7.07143 16.9286
861 0 0 0 0 82.7624 14.2376
862 0 0 0 0 23.2161 46.7839
863 0 0 0 0 70.2563 13.7437
864 0 0 0 0 12.6222 58.3778
865 0 0 0 0 34.9481 25.0519
866 0 0 0 0 56.5558 16.4442
867 0 0 0 0 12.176 12.824
868 0 0 0 0 1.89636 3.10364
869 0 0 0 0 14.6263 17.3737
870 0 0 0 0 15.8022 18.1978
871 0 0 0 0 6.40257 16.5974
872 0 0 0 0 13.0839 19.9161
873 0 0 0 0 12.4065 25.5935
874 0 0 0 0 48.0435 16.9565
875 0 0 0 0 72.045 4.95495
876 0 0 0 0 72.867 8.13297
877 0 0 0 0 75.4806 0.519362
878 0 0 0 0 0.797669 2.20233
879 0 0 0 0 92.6477 0.352273
880 0 0 0 0 47.1327 4.8673
881 0 0 0 0 71.1429 2.85714
882 0 0 0 0 52.1341 4.86585
883 0 0 0 0 13.5877 31.4123
884 0 0 0 0 58.7184 13.2816
885 0 0 0 0 39.7385 42.2615
886 0 0 0 0 63.7247 16.2753
887 0 0 0 0 12.6554 8.34463
888 0 0 0 0 0.901345 11.0987
889 0 0 0 0 56.4045 2.59549
890 0 0 0 0 13.6219 26.3781
891 0 0 0 0 20.1356 27.8644
892 0 0 0 0 60 0
893 0 0 0 0 17.6304 27.3696
894 0 0 0 0 77.3391 7.66094
895 0 0 0 0 83.9024 2.09756
896 0 0 0 0 74.2386 19.7614
897 0 0 0 0 37.8773 60.1227
898 0 0 0 0 0.636364 1.36364
899 0 0 0 0 51.998 18.002
900 0 0 0 0 49.4245 2.57547
901 0 0 0 0 4.83886 4.16114
902 0 0 0 0 80.6471 13.3529
903 0 0 0 0 44.1963 6.80375
904 0 0 0 0 13.6131 27.3869
905 0 0 0 0 42.9392 19.0608
906 0 0 0 0 61.5106 3.48939
907 0 0 0 0 50.7692 15.2308
908 0 0 0 0 50.4801 8.51986
909 0 0 0 0 63.6235 1.37647
910 0 0 0 0 1.45942 3.54058
911 0 0 0 0 5.90769 26.0923
912 0 0 0 0 54.5981 14.4019
913 0 0 0 0 73.6813 17.3187
914 0 0 0 0 0.373333 0.626667
915 0 0 0 0 5.9176 14.0824
916 0 0 0 0 49.1346 4.86541
917 0 0 0 0 61.2857 4.71429
918 0 0 0 0 21.0013 15.9987
919 0 0 0 0 36.8163 45.1837
920 0 0 0 0 59.4037 0.596273
921 0 0 0 0 50.1648 0.83521
922 0 0 0 0 47.5468 5.45318
923 0 0 0 0 2.35047 2.64953
924 0 0 0 0 19.1116 20.8884
925 0 0 0 0 64.466 0.534038
926 0 0 0 0 82.894 0.106003
927 0 0 0 0 63.3985 7.60155
928 0 0 0 0 11.8655 23.1345
929 0 0 0 0 73.1453 14.8547
930 0 0 0 0 68.5906 13.4094
931 0 0 0 0 73.6736 10.3264
932 0 0 0 0 19.5076 26.4924
933 0 0 0 0 9.61682 17.3832
934 0 0 0 0 6 81
935 0 0 0 0 2.10587 3.89413
936 0 0 0 0 46.2723 11.7277
937 0 0 0 0 54.0291 5.97087
938 0 0 0 0 72.602 1.39798
939 0 0 0 0 42 42
940 0 0 0 0 96.2002 2.79977
941 0 0 0 0 18.3569 75.6431
942 0 0 0 0 2.73077 68.2692
943 0 0 0 0 65.3495 5.65052
944 0 0 0 0 56.6291 30.3709
945 0 0 0 0 52.1794 4.82057
946 0 0 0 0 66.5584 15.4416
947 0 0 0 0 51.227 5.77299
948 0 0 0 0 55.3125 2.6875
949 0 0 0 0 54.9565 1.04348
950 0 0 0 0 14.4313 19.5687
951 0 0 0 0 34.7604 36.2396
952 0 0 0 0 87.3535 4.64646
953 0 0 0 0 6.18045 8.81955
954 0 0 0 0 22.1351 55.8649
955 0 0 0 0 89.5548 4.44521
956 0 0 0 0 1.2 13.8
957 0 0 0 0 61.364 6.63596
958 0 0 0 0 68.11 9.88995
959 0 0 0 0 2.17729 3.82271
960 0 0 0 0 67.0685 4.93151
961 0 0 0 0 25.3953 65.6047
962 0 0 0 0 5.43103 8.56897
963 0 0 0 0 55.7246 10.2754
964 0 0 0 0 42 28
965 0 0 0 0 37.5183 19.4817
966 0 0 0 0 14.7 55.3
967 0 0 0 0 6.36942 4.63058
968 0 0 0 0 31.411 48.589
969 0 0 0 0 94.5907 2.40929
970 0 0 0 0 53.0912 7.90876
971 0 0 0 0 57.0179 9.98212
972 0 0 0 0 69.6936 4.30641
973 0 0 0 0 86.616 1.38401
974 0 0 0 0 74.2519 12.7481
975 0 0 0 0 84.3405 11.6595
976 0 0 0 0 20.9382 29.0618
977 0 0 0 0 6.29213 17.7079
978 0 0 0 0 85.8667 5.13333
979 0 0 0 0 77.9117 6.08834
