NAME : X-n936-k151
COMMENT : "Generated by Uchoa, Pecin, Pessoa, Poggi, Subramanian, and Vidal (2013)"
TYPE : CVRP
DIMENSION : 936
EDGE_WEIGHT_TYPE : EUC_2D
CAPACITY : 138
NODE_COORD_SECTION
1 500 500
2 971 544
3 564 976
4 266 4
5 395 95
6 316 877
7 963 89
8 496 96
9 274 493
10 516 598
11 338 849
12 58 395
13 923 411
14 670 912
15 576 101
16 902 552
17 888 709
18 703 539
19 10 341
20 55 984
21 420 132
22 870 218
23 933 196
24 123 372
25 973 824
26 253 201
27 84 941
28 792 164
29 702 811
30 263 756
31 161 986
32 322 75
33 969 514
34 140 665
35 313 386
36 53 583
37 836 244
38 450 730
39 642 334
40 907 431
41 570 705
42 587 264
43 703 666
44 877 132
45 138 487
46 275 598
47 2 354
48 538 460
49 716 573
50 65 579
51 505 17
52 544 958
53 175 838
54 838 67
55 122 410
56 126 430
57 598 544
58 299 442
59 224 930
60 593 453
61 764 848
62 485 95
63 130 114
64 832 863
65 659 293
66 259 936
67 615 141
68 808 263
69 970 317
70 815 888
71 405 330
72 64 525
73 588 746
74 170 392
75 681 640
76 223 283
77 109 297
78 675 904
79 576 171
80 484 439
81 329 79
82 504 393
83 676 664
84 124 658
85 749 89
86 162 848
87 521 0
88 1 873
89 72 718
90 983 770
91 104 702
92 47 781
93 706 244
94 626 678
95 370 431
96 776 346
97 259 339
98 579 606
99 719 491
100 777 297
101 45 562
102 662 602
103 502 327
104 218 628
105 581 867
106 517 232
107 524 21
108 348 100
109 84 93
110 118 76
111 544 801
112 990 739
113 980 477
114 267 231
115 774 530
116 45 336
117 390 140
118 93 808
119 377 216
120 998 949
121 645 597
122 554 435
123 973 506
124 405 399
125 778 252
126 935 755
127 130 186
128 405 776
129 20 901
130 349 926
131 874 686
132 212 933
133 313 230
134 239 121
135 180 574
136 620 990
137 797 316
138 876 34
139 481 60
140 501 833
141 315 125
142 856 368
143 158 494
144 304 611
145 916 16
146 606 344
147 48 866
148 557 242
149 348 238
150 881 199
151 942 308
152 367 909
153 567 429
154 263 687
155 80 592
156 917 557
157 229 120
158 663 574
159 661 630
160 969 401
161 193 230
162 820 144
163 330 976
164 363 421
165 24 571
166 799 697
167 693 323
168 519 860
169 487 344
170 497 48
171 803 6
172 933 729
173 50 642
174 137 27
175 668 500
176 679 303
177 387 948
178 770 982
179 751 922
180 911 626
181 874 634
182 775 271
183 464 526
184 358 1
185 87 466
186 360 776
187 678 210
188 831 505
189 310 98
190 60 386
191 211 11
192 717 474
193 27 576
194 239 512
195 339 610
196 480 11
197 427 835
198 590 578
199 288 823
200 164 489
201 900 201
202 632 524
203 738 109
204 893 40
205 540 895
206 212 305
207 323 70
208 363 67
209 646 520
210 9 393
211 128 947
212 353 737
213 216 578
214 25 274
215 195 119
216 221 479
217 456 958
218 94 951
219 14 611
220 398 493
221 271 437
222 376 441
223 33 583
224 899 242
225 773 188
226 860 280
227 149 839
228 813 956
229 773 271
230 863 14
231 216 323
232 808 127
233 287 138
234 529 712
235 538 620
236 631 17
237 35 132
238 332 451
239 373 454
240 607 153
241 941 985
242 573 829
243 434 192
244 138 825
245 627 320
246 883 457
247 383 339
248 206 590
249 924 152
250 717 463
251 340 43
252 870 772
253 363 386
254 862 991
255 375 592
256 766 958
257 679 316
258 931 697
259 11 913
260 611 501
261 310 130
262 867 257
263 728 74
264 698 23
265 898 404
266 438 862
267 452 788
268 397 910
269 786 605
270 745 715
271 69 902
272 660 810
273 521 591
274 713 540
275 916 907
276 513 141
277 354 109
278 596 71
279 280 435
280 563 585
281 740 301
282 476 563
283 906 759
284 494 590
285 834 195
286 765 282
287 488 289
288 568 869
289 997 212
290 702 13
291 175 81
292 125 900
293 290 663
294 852 555
295 71 327
296 84 429
297 982 249
298 611 223
299 731 863
300 442 967
301 40 563
302 703 347
303 661 662
304 773 288
305 638 588
306 678 775
307 824 341
308 729 935
309 650 197
310 415 366
311 134 657
312 542 714
313 154 654
314 624 499
315 960 5
316 522 197
317 935 115
318 338 567
319 621 926
320 554 225
321 976 124
322 422 479
323 892 594
324 605 401
325 963 118
326 68 159
327 499 330
328 218 594
329 790 923
330 296 46
331 623 94
332 14 439
333 49 257
334 454 598
335 398 986
336 195 838
337 540 227
338 718 784
339 409 746
340 35 456
341 762 832
342 592 591
343 196 254
344 394 226
345 418 462
346 409 522
347 753 35
348 202 846
349 916 395
350 830 95
351 24 750
352 976 279
353 865 302
354 343 344
355 409 702
356 301 254
357 578 746
358 767 318
359 259 335
360 349 767
361 571 676
362 744 582
363 380 734
364 366 576
365 64 936
366 248 717
367 531 123
368 176 708
369 479 758
370 82 818
371 922 369
372 684 955
373 942 265
374 374 998
375 717 478
376 367 372
377 781 973
378 81 883
379 536 97
380 787 785
381 26 285
382 491 117
383 949 12
384 80 279
385 916 998
386 715 860
387 978 655
388 463 711
389 385 797
390 196 283
391 602 591
392 728 198
393 577 759
394 204 79
395 251 30
396 746 628
397 334 850
398 338 954
399 308 324
400 969 149
401 705 430
402 22 125
403 610 463
404 922 681
405 439 747
406 13 834
407 946 578
408 713 402
409 491 438
410 893 830
411 558 441
412 525 263
413 517 36
414 571 882
415 643 965
416 120 476
417 377 460
418 787 273
419 849 702
420 340 19
421 635 520
422 607 304
423 779 347
424 603 139
425 55 419
426 928 789
427 487 234
428 404 845
429 108 249
430 971 558
431 983 839
432 820 413
433 466 494
434 788 959
435 726 276
436 0 885
437 504 525
438 759 351
439 132 804
440 680 566
441 801 108
442 90 614
443 69 317
444 666 531
445 638 898
446 319 639
447 358 855
448 345 118
449 501 939
450 809 837
451 271 94
452 184 431
453 577 166
454 249 631
455 37 855
456 225 839
457 257 910
458 163 960
459 336 595
460 591 477
461 638 385
462 398 781
463 801 917
464 980 748
465 13 199
466 629 565
467 518 59
468 171 816
469 386 852
470 861 799
471 527 405
472 520 113
473 959 231
474 927 484
475 320 976
476 460 840
477 638 118
478 987 640
479 343 933
480 4 457
481 535 683
482 30 800
483 496 80
484 243 194
485 461 987
486 374 512
487 630 363
488 845 547
489 434 479
490 162 843
491 50 364
492 555 775
493 171 505
494 869 873
495 15 809
496 700 403
497 597 797
498 795 196
499 237 62
500 682 724
501 335 977
502 569 427
503 379 633
504 481 295
505 215 59
506 651 692
507 560 666
508 157 438
509 769 951
510 824 134
511 850 450
512 348 742
513 730 945
514 703 412
515 773 913
516 769 561
517 538 228
518 229 200
519 806 122
520 711 514
521 834 378
522 173 688
523 879 789
524 548 987
525 961 861
526 634 81
527 876 764
528 230 630
529 466 535
530 536 102
531 133 535
532 784 861
533 602 148
534 134 487
535 940 737
536 815 360
537 821 842
538 512 487
539 38 639
540 8 577
541 278 643
542 79 371
543 126 655
544 627 223
545 336 973
546 74 924
547 350 839
548 9 780
549 57 143
550 66 944
551 814 382
552 74 990
553 707 856
554 447 745
555 71 122
556 820 364
557 254 702
558 943 660
559 632 31
560 820 679
561 873 665
562 101 533
563 456 728
564 726 474
565 436 619
566 806 226
567 458 967
568 771 559
569 24 828
570 761 118
571 7 144
572 263 505
573 419 445
574 3 602
575 423 799
576 89 151
577 604 17
578 397 585
579 480 109
580 215 101
581 269 982
582 134 993
583 905 394
584 185 224
585 304 162
586 234 264
587 878 612
588 620 156
589 303 278
590 44 855
591 533 864
592 718 798
593 64 437
594 743 738
595 455 890
596 760 816
597 87 637
598 834 898
599 185 572
600 599 142
601 76 267
602 648 838
603 715 431
604 170 474
605 439 608
606 847 75
607 991 131
608 987 776
609 783 329
610 921 646
611 411 976
612 638 775
613 423 993
614 684 597
615 329 406
616 293 468
617 875 548
618 784 495
619 549 509
620 197 614
621 357 841
622 191 919
623 829 509
624 176 239
625 292 100
626 710 967
627 381 271
628 133 135
629 807 453
630 467 749
631 369 804
632 549 358
633 228 411
634 422 893
635 412 751
636 982 733
637 589 381
638 860 42
639 78 903
640 569 345
641 122 157
642 894 355
643 395 686
644 527 51
645 769 426
646 966 7
647 336 670
648 648 970
649 669 263
650 345 688
651 334 63
652 804 987
653 665 637
654 632 101
655 772 217
656 445 251
657 807 906
658 251 470
659 484 123
660 98 682
661 843 317
662 959 30
663 262 911
664 871 459
665 728 510
666 334 535
667 348 353
668 946 531
669 118 14
670 291 752
671 938 361
672 85 112
673 874 752
674 566 966
675 680 491
676 130 180
677 558 532
678 228 473
679 177 434
680 499 981
681 937 557
682 170 92
683 484 525
684 689 524
685 479 920
686 617 651
687 609 240
688 773 84
689 857 102
690 619 498
691 13 695
692 905 706
693 446 478
694 555 993
695 112 144
696 815 693
697 826 813
698 634 14
699 774 487
700 313 120
701 277 759
702 391 455
703 817 760
704 787 325
705 286 363
706 189 724
707 517 641
708 701 412
709 39 562
710 722 245
711 100 949
712 98 751
713 928 681
714 508 959
715 247 144
716 101 476
717 46 938
718 395 820
719 592 826
720 410 990
721 693 941
722 60 300
723 220 235
724 801 457
725 868 188
726 509 886
727 171 754
728 631 311
729 773 569
730 572 581
731 938 403
732 334 749
733 317 863
734 410 401
735 967 345
736 923 234
737 609 241
738 13 883
739 155 385
740 486 997
741 463 764
742 698 572
743 356 465
744 694 529
745 893 883
746 608 537
747 876 170
748 293 93
749 620 941
750 217 857
751 971 225
752 607 215
753 566 671
754 829 126
755 353 996
756 38 186
757 356 695
758 68 960
759 688 990
760 569 563
761 819 29
762 397 484
763 91 351
764 258 668
765 486 578
766 599 841
767 637 370
768 743 89
769 93 635
770 287 690
771 846 975
772 738 183
773 78 389
774 404 706
775 195 232
776 537 567
777 81 414
778 721 77
779 618 854
780 512 627
781 448 179
782 334 10
783 995 688
784 613 12
785 725 542
786 171 228
787 663 226
788 867 142
789 161 250
790 485 465
791 913 100
792 880 698
793 213 444
794 360 974
795 485 582
796 336 126
797 35 152
798 205 23
799 77 83
800 498 141
801 990 797
802 261 397
803 838 659
804 706 222
805 136 687
806 92 894
807 869 500
808 878 112
809 744 525
810 96 830
811 725 444
812 10 324
813 781 904
814 995 534
815 915 464
816 679 632
817 419 805
818 338 854
819 400 176
820 536 577
821 535 103
822 8 650
823 94 338
824 812 968
825 206 62
826 711 300
827 367 345
828 817 375
829 215 838
830 482 199
831 538 736
832 437 640
833 546 974
834 185 253
835 381 687
836 639 364
837 888 908
838 12 388
839 624 519
840 965 418
841 130 464
842 985 43
843 445 191
844 36 437
845 869 362
846 449 675
847 980 804
848 54 321
849 901 710
850 582 253
851 813 96
852 295 739
853 726 504
854 888 766
855 485 952
856 617 620
857 47 135
858 699 715
859 990 890
860 951 664
861 274 884
862 677 618
863 270 576
864 812 834
865 13 418
866 309 509
867 727 310
868 788 858
869 580 301
870 414 438
871 712 540
872 48 732
873 490 483
874 636 970
875 30 346
876 841 214
877 962 807
878 947 684
879 440 957
880 990 333
881 417 506
882 149 678
883 153 236
884 396 878
885 984 703
886 373 62
887 334 190
888 543 908
889 988 913
890 575 465
891 600 467
892 989 243
893 463 540
894 40 530
895 522 854
896 870 975
897 643 379
898 884 415
899 124 779
900 402 955
901 466 117
902 547 294
903 383 811
904 380 304
905 73 831
906 299 858
907 730 158
908 674 908
909 309 487
910 739 812
911 546 173
912 734 916
913 220 444
914 293 376
915 670 846
916 87 244
917 559 950
918 716 790
919 891 306
920 842 77
921 277 644
922 589 803
923 450 327
924 179 362
925 31 55
926 824 185
927 545 822
928 863 311
929 683 106
930 158 219
931 823 342
932 733 905
933 794 607
934 661 205
935 888 583
936 208 385
PICKUP_AND_DELIVERY_SECTION
1 0 0 0 0 0 0
2 0 0 0 0 49.3018 38.6982
3 0 0 0 0 56.6311 41.3689
4 0 0 0 0 1.41353 92.5865
5 0 0 0 0 21.4051 67.5949
6 0 0 0 0 29.9065 53.0935
7 0 0 0 0 6.00727 58.9927
8 0 0 0 0 16.4516 68.5484
9 0 0 0 0 36.6815 29.3185
10 0 0 0 0 76.796 12.204
11 0 0 0 0 31.8492 48.1508
12 0 0 0 0 8.51646 49.4835
13 0 0 0 0 24.0455 29.9545
14 0 0 0 0 55.0987 19.9013
15 0 0 0 0 10.5208 49.4792
16 0 0 0 0 47.122 29.878
17 0 0 0 0 55.0912 13.9088
18 0 0 0 0 60.5704 18.4296
19 0 0 0 0 2.90323 96.0968
20 0 0 0 0 4.80691 81.1931
21 0 0 0 0 19.8 43.2
22 0 0 0 0 21.0483 62.9517
23 0 0 0 0 19.3269 72.6731
24 0 0 0 0 28.7661 58.2339
25 0 0 0 0 45.7307 8.26927
26 0 0 0 0 73.8854 19.1146
27 0 0 0 0 5.17747 52.8225
28 0 0 0 0 12.8384 49.1616
29 0 0 0 0 84.8286 13.1714
30 0 0 0 0 17.3942 32.6058
31 0 0 0 0 11.5933 59.4067
32 0 0 0 0 12.8106 42.1894
33 0 0 0 0 32.3571 28.6429
34 0 0 0 0 16 60
35 0 0 0 0 61.6269 14.3731
36 0 0 0 0 8 80
37 0 0 0 0 14.8852 36.1148
38 0 0 0 0 48.0822 29.9178
39 0 0 0 0 36.9377 34.0623
40 0 0 0 0 42.7674 47.2326
41 0 0 0 0 72.766 17.234
42 0 0 0 0 39.1278 47.8722
43 0 0 0 0 75.7895 4.21053
44 0 0 0 0 11.138 62.862
45 0 0 0 0 23.5195 59.4805
46 0 0 0 0 36.3294 42.6706
47 0 0 0 0 0.435028 76.565
48 0 0 0 0 49.5911 8.40892
49 0 0 0 0 42.4148 10.5852
50 0 0 0 0 11.114 87.886
51 0 0 0 0 2.08713 59.9129
52 0 0 0 0 53.9457 41.0543
53 0 0 0 0 12.7387 48.2613
54 0 0 0 0 6.71599 77.284
55 0 0 0 0 25.5902 60.4098
56 0 0 0 0 26.6651 64.3349
57 0 0 0 0 71.8662 7.13378
58 0 0 0 0 62.9118 30.0882
59 0 0 0 0 18.3054 57.6946
60 0 0 0 0 67.2243 20.7757
61 0 0 0 0 61.2642 6.73585
62 0 0 0 0 15.6701 64.3299
63 0 0 0 0 51.7385 7.26154
64 0 0 0 0 79.0545 2.94554
65 0 0 0 0 23.5645 29.4355
66 0 0 0 0 18.5395 48.4605
67 0 0 0 0 20.6341 69.3659
68 0 0 0 0 16.6002 34.3998
69 0 0 0 0 32.3536 66.6464
70 0 0 0 0 66.0811 5.91892
71 0 0 0 0 57.037 12.963
72 0 0 0 0 10.3619 74.6381
73 0 0 0 0 63.0563 16.9437
74 0 0 0 0 34.6939 45.3061
75 0 0 0 0 76.1233 4.87665
76 0 0 0 0 78.7986 21.2014
77 0 0 0 0 22.0202 37.9798
78 0 0 0 0 55.2544 18.7456
79 0 0 0 0 15.4375 36.5625
80 0 0 0 0 63.4917 6.50826
81 0 0 0 0 16.8085 53.1915
82 0 0 0 0 41.3274 11.6726
83 0 0 0 0 90.3669 1.63314
84 0 0 0 0 10.3647 44.6353
85 0 0 0 0 8.67423 64.3258
86 0 0 0 0 12.0354 50.9646
87 0 0 0 0 0 55
88 0 0 0 0 0.0778923 67.9221
89 0 0 0 0 10.0279 89.9721
90 0 0 0 0 54.0488 14.9512
91 0 0 0 0 11.4074 65.5926
92 0 0 0 0 3.30986 51.6901
93 0 0 0 0 23.5014 44.4986
94 0 0 0 0 74.7876 6.21239
95 0 0 0 0 76.4037 12.5963
96 0 0 0 0 31.2113 38.7887
97 0 0 0 0 45.0767 13.9233
98 0 0 0 0 72.6139 3.38614
99 0 0 0 0 34.8275 16.1725
100 0 0 0 0 37.8417 61.1583
101 0 0 0 0 7.36655 84.6335
102 0 0 0 0 70.9305 7.06949
103 0 0 0 0 48.8546 26.1454
104 0 0 0 0 29.1592 54.8408
105 0 0 0 0 65.6724 32.3276
106 0 0 0 0 36.3482 44.6518
107 0 0 0 0 3.84733 92.1527
108 0 0 0 0 28.4483 70.5517
109 0 0 0 0 90.3226 9.67742
110 0 0 0 0 45.7288 25.2712
111 0 0 0 0 33.9576 16.0424
112 0 0 0 0 56.7313 19.2687
113 0 0 0 0 38.9388 41.0612
114 0 0 0 0 47.5843 7.41573
115 0 0 0 0 34.9225 16.0775
116 0 0 0 0 10.5804 68.4196
117 0 0 0 0 22.2564 39.7436
118 0 0 0 0 9.89851 76.1015
119 0 0 0 0 35.5225 26.4775
120 0 0 0 0 75.1212 3.87876
121 0 0 0 0 74.9721 6.02791
122 0 0 0 0 65.9567 18.0433
123 0 0 0 0 37.443 34.557
124 0 0 0 0 75.8593 1.14074
125 0 0 0 0 19.7584 41.2416
126 0 0 0 0 51.6791 12.3209
127 0 0 0 0 48.9247 21.0753
128 0 0 0 0 43.8402 40.1598
129 0 0 0 0 1.99778 88.0022
130 0 0 0 0 23.7441 39.2559
131 0 0 0 0 58.0824 15.9176
132 0 0 0 0 20.9046 71.0954
133 0 0 0 0 68.3387 24.6613
134 0 0 0 0 29.364 28.636
135 0 0 0 0 31.0453 67.9547
136 0 0 0 0 61.3737 36.6263
137 0 0 0 0 22.5997 34.4003
138 0 0 0 0 1.94064 48.0594
139 0 0 0 0 10.8524 76.1476
140 0 0 0 0 51.1224 33.8776
141 0 0 0 0 24.6032 37.3968
142 0 0 0 0 35.6822 47.3178
143 0 0 0 0 26.2267 55.7733
144 0 0 0 0 44.2815 44.7185
145 0 0 0 0 1.69432 95.3057
146 0 0 0 0 38.6007 29.3993
147 0 0 0 0 2.88222 49.1178
148 0 0 0 0 35.1921 45.8079
149 0 0 0 0 62.2356 28.7644
150 0 0 0 0 14.4563 49.5437
151 0 0 0 0 22.2335 45.7665
152 0 0 0 0 35.1254 51.8746
153 0 0 0 0 64.3122 20.6878
154 0 0 0 0 38.2824 61.7176
155 0 0 0 0 10 64
156 0 0 0 0 40.0894 25.9106
157 0 0 0 0 30.917 28.083
158 0 0 0 0 82.2474 12.7526
159 0 0 0 0 63.8578 3.14221
160 0 0 0 0 35.5893 50.4107
161 0 0 0 0 48.6696 9.33043
162 0 0 0 0 16.1561 75.8439
163 0 0 0 0 23.3299 45.6701
164 0 0 0 0 79.3254 12.6746
165 0 0 0 0 2.69002 61.31
166 0 0 0 0 65.4255 9.57447
167 0 0 0 0 24.2367 27.7633
168 0 0 0 0 54.9174 36.0826
169 0 0 0 0 49.4456 20.5544
170 0 0 0 0 5.02213 46.9779
171 0 0 0 0 0.493151 65.5068
172 0 0 0 0 53.1318 14.8682
173 0 0 0 0 4.75078 56.2492
174 0 0 0 0 14.1898 57.8102
175 0 0 0 0 44.9102 15.0898
176 0 0 0 0 31.2371 38.7629
177 0 0 0 0 33.8829 49.1171
178 0 0 0 0 41.558 11.442
179 0 0 0 0 46.4284 10.5716
180 0 0 0 0 48.101 21.899
181 0 0 0 0 51.5034 19.4966
182 0 0 0 0 21.3303 39.6697
183 0 0 0 0 75.8631 10.1369
184 0 0 0 0 0.150838 53.8492
185 0 0 0 0 13.6288 59.3712
186 0 0 0 0 36.6495 42.3505
187 0 0 0 0 30.0442 66.9558
188 0 0 0 0 52.2623 33.7377
189 0 0 0 0 23.7097 51.2903
190 0 0 0 0 13.057 70.943
191 0 0 0 0 4.79621 87.2038
192 0 0 0 0 57.5146 29.4854
193 0 0 0 0 3.65625 74.3438
194 0 0 0 0 34.543 39.457
195 0 0 0 0 27.7869 22.2131
196 0 0 0 0 1.42083 60.5792
197 0 0 0 0 35.285 33.715
198 0 0 0 0 90.1288 1.87119
199 0 0 0 0 17.497 32.503
200 0 0 0 0 24.4826 48.5174
201 0 0 0 0 22.3333 77.6667
202 0 0 0 0 82.0823 16.9177
203 0 0 0 0 14.4743 83.5257
204 0 0 0 0 2.82195 60.1781
205 0 0 0 0 35.5978 23.4022
206 0 0 0 0 34.7541 15.2459
207 0 0 0 0 21.0217 75.9783
208 0 0 0 0 15.135 66.865
209 0 0 0 0 40.2477 9.75232
210 0 0 0 0 1.69466 72.3053
211 0 0 0 0 10.8131 69.1869
212 0 0 0 0 29.6961 32.3039
213 0 0 0 0 24.6644 41.3356
214 0 0 0 0 8.0292 79.9708
215 0 0 0 0 48.2103 30.7897
216 0 0 0 0 43.3695 50.6305
217 0 0 0 0 27.6075 30.3925
218 0 0 0 0 8.204 74.796
219 0 0 0 0 1.16858 49.8314
220 0 0 0 0 78.3083 18.6917
221 0 0 0 0 44.0297 26.9703
222 0 0 0 0 80.1451 13.8549
223 0 0 0 0 3.22642 53.7736
224 0 0 0 0 13.4594 36.5406
225 0 0 0 0 14.5925 45.4075
226 0 0 0 0 23.7674 49.2326
227 0 0 0 0 1.06555 4.93445
228 0 0 0 0 3.40167 0.598326
229 0 0 0 0 1.40233 2.59767
230 0 0 0 0 0.0648899 3.93511
231 0 0 0 0 0.668731 0.331269
232 0 0 0 0 0.314356 1.68564
233 0 0 0 0 0.961672 1.03833
234 0 0 0 0 0.742978 0.257022
235 0 0 0 0 7.80968 1.19032
236 0 0 0 0 0.18859 6.81141
237 0 0 0 0 1.06061 2.93939
238 0 0 0 0 5.15299 1.84701
239 0 0 0 0 1.64317 0.356828
240 0 0 0 0 2.01647 5.98353
241 0 0 0 0 2.86599 0.13401
242 0 0 0 0 6.22075 2.77925
243 0 0 0 0 3.09677 3.90323
244 0 0 0 0 0.669091 3.33091
245 0 0 0 0 4.08293 3.91707
246 0 0 0 0 1.03511 0.964892
247 0 0 0 0 1.77023 0.229765
248 0 0 0 0 1.39661 2.60339
249 0 0 0 0 0.164502 0.835498
250 0 0 0 0 3.87448 2.12552
251 0 0 0 0 0.126471 0.873529
252 0 0 0 0 2.66207 0.337931
253 0 0 0 0 1.88083 0.119171
254 0 0 0 0 6.95863 1.04137
255 0 0 0 0 3.16723 1.83277
256 0 0 0 0 6.39666 1.60334
257 0 0 0 0 1.86156 2.13844
258 0 0 0 0 0.748657 0.251343
259 0 0 0 0 0.0481928 3.95181
260 0 0 0 0 2.4599 0.540098
261 0 0 0 0 2.51613 3.48387
262 0 0 0 0 1.48212 3.51788
263 0 0 0 0 0.60989 5.39011
264 0 0 0 0 0.0988539 2.90115
265 0 0 0 0 0.899777 1.10022
266 0 0 0 0 3.04872 2.95128
267 0 0 0 0 1.72081 1.27919
268 0 0 0 0 3.49011 4.50989
269 0 0 0 0 0.76972 0.23028
270 0 0 0 0 5.75839 0.241611
271 0 0 0 0 0.764967 9.23503
272 0 0 0 0 0.814815 0.185185
273 0 0 0 0 6.1709 0.829103
274 0 0 0 0 3.78682 1.21318
275 0 0 0 0 5.94105 0.058952
276 0 0 0 0 0.274854 0.725146
277 0 0 0 0 3.0791 6.9209
278 0 0 0 0 0.833893 6.16611
279 0 0 0 0 5.14943 2.85057
280 0 0 0 0 7.69915 0.300855
281 0 0 0 0 2.03378 2.96622
282 0 0 0 0 4.22735 0.772647
283 0 0 0 0 1.6755 0.324503
284 0 0 0 0 8.37288 1.62712
285 0 0 0 0 0.233813 0.766187
286 0 0 0 0 2.21176 3.78824
287 0 0 0 0 1.18443 0.815574
288 0 0 0 0 2.6145 1.3855
289 0 0 0 0 0.637914 2.36209
290 0 0 0 0 0.0925926 4.90741
291 0 0 0 0 3.24 3.76
292 0 0 0 0 0.694444 4.30556
293 0 0 0 0 0.874811 1.12519
294 0 0 0 0 1.95423 1.04577
295 0 0 0 0 1.30275 4.69725
296 0 0 0 0 1.76224 7.23776
297 0 0 0 0 0.507128 1.49287
298 0 0 0 0 2.55483 4.44517
299 0 0 0 0 4.23523 0.764774
300 0 0 0 0 3.65667 4.34333
301 0 0 0 0 0.35524 4.64476
302 0 0 0 0 0.493599 0.506401
303 0 0 0 0 7.98792 0.0120846
304 0 0 0 0 2.60802 4.39198
305 0 0 0 0 3.68652 0.31348
306 0 0 0 0 4.37419 0.625806
307 0 0 0 0 2.06917 2.93083
308 0 0 0 0 3.8984 1.1016
309 0 0 0 0 0.909231 2.09077
310 0 0 0 0 5.29157 0.708434
311 0 0 0 0 1.4277 5.5723
312 0 0 0 0 3.03641 0.963585
313 0 0 0 0 1.17737 3.82263
314 0 0 0 0 4.79808 1.20192
315 0 0 0 0 0.0416667 7.95833
316 0 0 0 0 0.754789 1.24521
317 0 0 0 0 0.368984 2.63102
318 0 0 0 0 3.57672 2.42328
319 0 0 0 0 2.68251 1.31749
320 0 0 0 0 3.65523 5.34477
321 0 0 0 0 0.254098 1.7459
322 0 0 0 0 7.92902 1.07098
323 0 0 0 0 4.66143 2.33857
324 0 0 0 0 6.6281 3.3719
325 0 0 0 0 0.612669 4.38733
326 0 0 0 0 4.27673 5.72327
327 0 0 0 0 3.96794 2.03206
328 0 0 0 0 1.10101 1.89899
329 0 0 0 0 5.13543 0.864572
330 0 0 0 0 1.08784 5.91216
331 0 0 0 0 1.05618 5.94382
332 0 0 0 0 0.0318907 0.968109
333 0 0 0 0 1.52529 6.47471
334 0 0 0 0 3.03679 0.963211
335 0 0 0 0 3.22921 4.77079
336 0 0 0 0 2.09427 6.90573
337 0 0 0 0 3.36296 4.63704
338 0 0 0 0 1.83163 0.168367
339 0 0 0 0 4.38606 3.61394
340 0 0 0 0 0.767544 9.23246
341 0 0 0 0 8.24279 0.757212
342 0 0 0 0 0.998311 0.00168919
343 0 0 0 0 7.71654 2.28346
344 0 0 0 0 2.29442 1.70558
345 0 0 0 0 4.52381 0.47619
346 0 0 0 0 2.35057 0.649425
347 0 0 0 0 0.464807 9.53519
348 0 0 0 0 0.716312 2.28369
349 0 0 0 0 0.862445 1.13755
350 0 0 0 0 1.03012 7.96988
351 0 0 0 0 0.16 4.84
352 0 0 0 0 2.00102 4.99898
353 0 0 0 0 1.39653 2.60347
354 0 0 0 0 6.97965 0.0203488
355 0 0 0 0 3.49573 2.50427
356 0 0 0 0 1.68771 0.312292
357 0 0 0 0 4.64879 1.35121
358 0 0 0 0 0.414602 0.585398
359 0 0 0 0 4.63881 1.36119
360 0 0 0 0 3.64016 4.35984
361 0 0 0 0 4.22337 0.776627
362 0 0 0 0 6.25806 1.74194
363 0 0 0 0 1.03542 0.964578
364 0 0 0 0 5.08333 2.91667
365 0 0 0 0 0.273504 3.7265
366 0 0 0 0 2.4212 4.5788
367 0 0 0 0 0.463277 1.53672
368 0 0 0 0 0.248588 0.751412
369 0 0 0 0 0.631926 0.368074
370 0 0 0 0 0.9022 8.0978
371 0 0 0 0 2.80152 4.19848
372 0 0 0 0 5.01361 1.98639
373 0 0 0 0 2.81316 7.18684
374 0 0 0 0 1.499 2.501
375 0 0 0 0 0.666667 0.333333
376 0 0 0 0 1.97312 0.0268817
377 0 0 0 0 5.61871 1.38129
378 0 0 0 0 0.642129 6.35787
379 0 0 0 0 0.18097 0.81903
380 0 0 0 0 4.98729 0.0127065
381 0 0 0 0 0.729825 7.27018
382 0 0 0 0 2.38289 7.61711
383 0 0 0 0 0.0632244 4.93678
384 0 0 0 0 2.86738 7.13262
385 0 0 0 0 0.917836 0.0821643
386 0 0 0 0 0.831395 0.168605
387 0 0 0 0 4.68814 2.31186
388 0 0 0 0 1.95359 1.04641
389 0 0 0 0 4.83061 5.16939
390 0 0 0 0 3.4629 1.5371
391 0 0 0 0 9.81728 0.182724
392 0 0 0 0 1.63187 4.36813
393 0 0 0 0 2.28063 0.719368
394 0 0 0 0 1.16176 1.83824
395 0 0 0 0 0.239044 1.76096
396 0 0 0 0 2.52547 0.474531
397 0 0 0 0 1.96471 3.03529
398 0 0 0 0 1.06289 1.93711
399 0 0 0 0 1.90123 0.0987654
400 0 0 0 0 0.4613 2.5387
401 0 0 0 0 3.04965 1.95035
402 0 0 0 0 1.408 6.592
403 0 0 0 0 3.03607 0.963934
404 0 0 0 0 7.38612 2.61388
405 0 0 0 0 5.28916 3.71084
406 0 0 0 0 0.140288 8.85971
407 0 0 0 0 0.610994 0.389006
408 0 0 0 0 4.51052 3.48948
409 0 0 0 0 3.56823 0.431772
410 0 0 0 0 0.929451 0.0705487
411 0 0 0 0 2.37097 0.629032
412 0 0 0 0 0.500952 0.499048
413 0 0 0 0 0.417795 5.58221
414 0 0 0 0 6.47392 3.52608
415 0 0 0 0 5.99689 3.00311
416 0 0 0 0 2.52101 7.47899
417 0 0 0 0 4.09783 0.902174
418 0 0 0 0 1.04066 1.95934
419 0 0 0 0 2.48057 0.519435
420 0 0 0 0 0.335294 5.66471
421 0 0 0 0 5.73228 1.26772
422 0 0 0 0 4.00659 3.99341
423 0 0 0 0 0.445443 0.554557
424 0 0 0 0 2.07463 6.92537
425 0 0 0 0 0.131265 0.868735
426 0 0 0 0 4.25108 0.748922
427 0 0 0 0 4.80493 5.19507
428 0 0 0 0 3.34675 3.65325
429 0 0 0 0 1.3012 1.6988
430 0 0 0 0 2.87333 2.12667
431 0 0 0 0 1.70702 0.292981
432 0 0 0 0 4.53293 4.46707
433 0 0 0 0 2.82996 0.17004
434 0 0 0 0 0.821689 0.178311
435 0 0 0 0 0.760331 1.23967
436 0 0 0 0 0 10
437 0 0 0 0 7.68 0.32
438 0 0 0 0 3.23715 3.76285
439 0 0 0 0 0.656716 3.34328
440 0 0 0 0 5.82647 1.17353
441 0 0 0 0 0.94382 6.05618
442 0 0 0 0 1.17264 6.82736
443 0 0 0 0 2.17666 7.82334
444 0 0 0 0 1.59459 0.405405
445 0 0 0 0 5.68374 2.31626
446 0 0 0 0 0.998435 1.00156
447 0 0 0 0 3.76842 5.23158
448 0 0 0 0 3.42029 6.57971
449 0 0 0 0 5.33546 4.66454
450 0 0 0 0 5.79928 0.200717
451 0 0 0 0 2.42804 4.57196
452 0 0 0 0 1.28074 1.71926
453 0 0 0 0 0.57539 1.42461
454 0 0 0 0 3.94612 6.05388
455 0 0 0 0 0.432749 9.56725
456 0 0 0 0 0.268176 0.731824
457 0 0 0 0 0.847253 2.15275
458 0 0 0 0 1.01875 4.98125
459 0 0 0 0 4.51765 3.48235
460 0 0 0 0 3.22843 0.771574
461 0 0 0 0 0.603448 0.396552
462 0 0 0 0 2.03841 1.96159
463 0 0 0 0 3.494 0.505998
464 0 0 0 0 1.52653 0.473469
465 0 0 0 0 0.457286 6.54271
466 0 0 0 0 1.7965 0.203498
467 0 0 0 0 0.341699 2.6583
468 0 0 0 0 0.209559 0.790441
469 0 0 0 0 4.53052 5.46948
470 0 0 0 0 0.927991 0.0720093
471 0 0 0 0 1.537 0.462998
472 0 0 0 0 2.17308 7.82692
473 0 0 0 0 2.40876 7.59124
474 0 0 0 0 0.522114 0.477886
475 0 0 0 0 0.983607 2.01639
476 0 0 0 0 1.09524 0.904762
477 0 0 0 0 0.924765 4.07524
478 0 0 0 0 4.53901 2.46099
479 0 0 0 0 2.20579 3.79421
480 0 0 0 0 0.0262582 2.97374
481 0 0 0 0 5.48316 1.51684
482 0 0 0 0 0.075 1.925
483 0 0 0 0 1.45161 7.54839
484 0 0 0 0 4.79012 1.20988
485 0 0 0 0 2.33536 2.66464
486 0 0 0 0 2.92188 1.07812
487 0 0 0 0 5.7619 4.2381
488 0 0 0 0 1.94201 1.05799
489 0 0 0 0 9.06054 0.939457
490 0 0 0 0 1.53737 6.46263
491 0 0 0 0 1.23626 7.76374
492 0 0 0 0 3.58065 1.41935
493 0 0 0 0 0.338614 0.661386
494 0 0 0 0 4.97709 0.0229095
495 0 0 0 0 0.185414 9.81459
496 0 0 0 0 1.72714 1.27286
497 0 0 0 0 0.749059 0.250941
498 0 0 0 0 0.246541 0.753459
499 0 0 0 0 0.261603 0.738397
500 0 0 0 0 4.70994 0.290055
501 0 0 0 0 2.74309 5.25691
502 0 0 0 0 3.00176 0.998243
503 0 0 0 0 4.78989 3.21011
504 0 0 0 0 6.13306 3.86694
505 0 0 0 0 1.09767 2.90233
506 0 0 0 0 0.940751 0.0592486
507 0 0 0 0 4.2042 0.795796
508 0 0 0 0 1.07534 1.92466
509 0 0 0 0 0.808623 0.191377
510 0 0 0 0 1.62621 8.37379
511 0 0 0 0 2.11765 1.88235
512 0 0 0 0 0.469003 0.530997
513 0 0 0 0 6.95238 2.04762
514 0 0 0 0 2.34424 1.65576
515 0 0 0 0 3.38664 0.613363
516 0 0 0 0 5.83615 2.16385
517 0 0 0 0 4.23792 5.76208
518 0 0 0 0 3.49345 0.50655
519 0 0 0 0 0.605459 3.39454
520 0 0 0 0 6.50633 2.49367
521 0 0 0 0 2.26619 2.73381
522 0 0 0 0 1.00581 2.99419
523 0 0 0 0 4.48805 0.511945
524 0 0 0 0 2.22087 1.77913
525 0 0 0 0 5.37565 0.62435
526 0 0 0 0 1.02208 6.97792
527 0 0 0 0 2.61644 0.383562
528 0 0 0 0 2.19048 3.80952
529 0 0 0 0 4.35514 0.64486
530 0 0 0 0 0.570896 2.4291
531 0 0 0 0 1.49159 4.50841
532 0 0 0 0 3.64228 0.357724
533 0 0 0 0 0.737542 2.26246
534 0 0 0 0 2.20123 5.79877
535 0 0 0 0 2.35213 0.647872
536 0 0 0 0 3.97546 5.02454
537 0 0 0 0 3.90024 0.0997625
538 0 0 0 0 0.951172 0.0488281
539 0 0 0 0 0.475743 7.52426
540 0 0 0 0 0.0970537 6.90295
541 0 0 0 0 3.45879 4.54121
542 0 0 0 0 0.425876 1.57412
543 0 0 0 0 0.961832 4.03817
544 0 0 0 0 2.48963 4.51037
545 0 0 0 0 3.10791 5.89209
546 0 0 0 0 0.320346 3.67965
547 0 0 0 0 1.66865 2.33135
548 0 0 0 0 0.0230769 1.97692
549 0 0 0 0 3.58741 5.41259
550 0 0 0 0 0.699153 9.30085
551 0 0 0 0 1.87715 2.12285
552 0 0 0 0 0.747475 9.25253
553 0 0 0 0 0.825935 0.174065
554 0 0 0 0 3.6 2.4
555 0 0 0 0 5.2377 3.7623
556 0 0 0 0 0.887805 1.1122
557 0 0 0 0 2.89459 5.10541
558 0 0 0 0 4.19936 1.80064
559 0 0 0 0 0.294304 5.7057
560 0 0 0 0 1.6561 0.343902
561 0 0 0 0 2.28522 0.714777
562 0 0 0 0 1.89493 8.10507
563 0 0 0 0 1.87912 1.12088
564 0 0 0 0 0.652893 0.347107
565 0 0 0 0 6.33926 2.66074
566 0 0 0 0 1.40199 3.59801
567 0 0 0 0 0.47363 0.52637
568 0 0 0 0 7.25032 2.74968
569 0 0 0 0 0.289855 9.71014
570 0 0 0 0 0.465177 2.53482
571 0 0 0 0 0.291667 5.70833
572 0 0 0 0 3.64554 3.35446
573 0 0 0 0 7.53258 0.467416
574 0 0 0 0 0.0249169 4.97508
575 0 0 0 0 1.05882 0.941176
576 0 0 0 0 1.17881 0.821192
577 0 0 0 0 0.253311 8.74669
578 0 0 0 0 3.39316 1.60684
579 0 0 0 0 2.27083 7.72917
580 0 0 0 0 4.69767 5.30233
581 0 0 0 0 1.36965 3.63035
582 0 0 0 0 0.944612 6.05539
583 0 0 0 0 0.870718 1.12928
584 0 0 0 0 7.43304 1.56696
585 0 0 0 0 0.532895 0.467105
586 0 0 0 0 6.20455 0.795455
587 0 0 0 0 2.09112 0.908884
588 0 0 0 0 0.503226 1.49677
589 0 0 0 0 9.17492 0.825083
590 0 0 0 0 0.154386 2.84561
591 0 0 0 0 6.16898 3.83102
592 0 0 0 0 4.49875 0.501253
593 0 0 0 0 1.17162 6.82838
594 0 0 0 0 3.97308 0.0269179
595 0 0 0 0 1.53371 1.46629
596 0 0 0 0 7.45098 0.54902
597 0 0 0 0 1.09262 6.90738
598 0 0 0 0 8.35857 0.641425
599 0 0 0 0 1.29371 2.70629
600 0 0 0 0 1.42237 4.57763
601 0 0 0 0 1.70787 4.29213
602 0 0 0 0 0.77327 0.22673
603 0 0 0 0 5.42517 3.57483
604 0 0 0 0 2.1519 3.8481
605 0 0 0 0 3.6102 1.3898
606 0 0 0 0 0.265643 2.73436
607 0 0 0 0 0.793138 5.20686
608 0 0 0 0 7.86221 2.13779
609 0 0 0 0 0.420179 0.579821
610 0 0 0 0 6.3127 2.6873
611 0 0 0 0 2.94775 4.05225
612 0 0 0 0 4.11613 0.883871
613 0 0 0 0 4.25982 5.74018
614 0 0 0 0 5.23684 0.763158
615 0 0 0 0 1.62069 0.37931
616 0 0 0 0 5.63462 3.36538
617 0 0 0 0 3.75771 2.24229
618 0 0 0 0 6.31378 3.68622
619 0 0 0 0 9.2714 0.728597
620 0 0 0 0 2.24593 4.75407
621 0 0 0 0 1.69798 2.30202
622 0 0 0 0 2.07835 7.92165
623 0 0 0 0 4.91194 3.08806
624 0 0 0 0 4.41841 1.58159
625 0 0 0 0 0.342466 0.657534
626 0 0 0 0 5.13961 1.86039
627 0 0 0 0 6.40157 2.59843
628 0 0 0 0 7.88148 0.118519
629 0 0 0 0 1.12268 0.877323
630 0 0 0 0 0.623498 0.376502
631 0 0 0 0 1.83582 2.16418
632 0 0 0 0 5.21676 2.78324
633 0 0 0 0 1.66423 1.33577
634 0 0 0 0 3.30795 3.69205
635 0 0 0 0 1.0972 0.902796
636 0 0 0 0 3.73218 1.26782
637 0 0 0 0 6.46859 3.53141
638 0 0 0 0 0.34186 6.65814
639 0 0 0 0 0.172757 1.82724
640 0 0 0 0 1.81898 1.18102
641 0 0 0 0 6.99363 2.00637
642 0 0 0 0 3.97092 6.02908
643 0 0 0 0 2.87901 2.12099
644 0 0 0 0 0.774194 7.22581
645 0 0 0 0 3.3238 2.6762
646 0 0 0 0 0.0652174 8.93478
647 0 0 0 0 3.00896 2.99104
648 0 0 0 0 1.33608 0.663918
649 0 0 0 0 3.53812 5.46188
650 0 0 0 0 3.00872 2.99128
651 0 0 0 0 0.377246 1.62275
652 0 0 0 0 7.33131 1.66869
653 0 0 0 0 2.87368 0.126316
654 0 0 0 0 1.5981 8.4019
655 0 0 0 0 0.843264 2.15674
656 0 0 0 0 5.0764 3.9236
657 0 0 0 0 5.34437 0.655629
658 0 0 0 0 1.06809 0.931915
659 0 0 0 0 0.762397 2.2376
660 0 0 0 0 0.57478 3.42522
661 0 0 0 0 1.50415 2.49585
662 0 0 0 0 0.12513 3.87487
663 0 0 0 0 1.15038 2.84962
664 0 0 0 0 5.2698 4.7302
665 0 0 0 0 3.50275 1.49725
666 0 0 0 0 1.8729 1.1271
667 0 0 0 0 6.90085 0.0991501
668 0 0 0 0 4.49049 3.50951
669 0 0 0 0 0.711864 5.28814
670 0 0 0 0 0.386968 0.613032
671 0 0 0 0 3.84861 6.15139
672 0 0 0 0 2.27679 0.723214
673 0 0 0 0 3.44165 0.558352
674 0 0 0 0 4.68737 3.31263
675 0 0 0 0 5.77647 2.22353
676 0 0 0 0 2.88889 1.11111
677 0 0 0 0 6.67384 0.326165
678 0 0 0 0 4.8203 5.1797
679 0 0 0 0 2.447 3.553
680 0 0 0 0 5.08665 4.91335
681 0 0 0 0 1.78335 1.21665
682 0 0 0 0 5.41176 4.58824
683 0 0 0 0 1.84381 0.15619
684 0 0 0 0 0.760522 0.239478
685 0 0 0 0 4.68587 4.31413
686 0 0 0 0 4.73886 0.261137
687 0 0 0 0 3.15271 4.84729
688 0 0 0 0 0.543338 4.45666
689 0 0 0 0 0.595099 4.4049
690 0 0 0 0 1.60905 0.390953
691 0 0 0 0 0.14964 7.85036
692 0 0 0 0 5.46077 1.53923
693 0 0 0 0 6.53138 0.468619
694 0 0 0 0 0.558912 0.441088
695 0 0 0 0 5.44444 1.55556
696 0 0 0 0 2.55092 0.44908
697 0 0 0 0 3.93705 0.062954
698 0 0 0 0 0.022082 0.977918
699 0 0 0 0 3.14599 1.85401
700 0 0 0 0 2.68371 4.31629
701 0 0 0 0 1.82477 3.17523
702 0 0 0 0 6.01538 0.984615
703 0 0 0 0 3.72093 0.27907
704 0 0 0 0 1.65184 2.34816
705 0 0 0 0 7.09091 1.90909
706 0 0 0 0 1.82735 5.17265
707 0 0 0 0 6.45242 1.54758
708 0 0 0 0 1.7632 1.2368
709 0 0 0 0 0.27758 3.72242
710 0 0 0 0 0.339335 0.660665
711 0 0 0 0 0.421496 3.5785
712 0 0 0 0 0.913449 6.08655
713 0 0 0 0 7.33836 2.66164
714 0 0 0 0 0.529718 0.470282
715 0 0 0 0 1.16599 0.834008
716 0 0 0 0 1.27311 4.72689
717 0 0 0 0 0.245203 4.7548
718 0 0 0 0 4.33537 4.66463
719 0 0 0 0 2.86683 1.13317
720 0 0 0 0 3.31313 4.68687
721 0 0 0 0 7.36451 2.63549
722 0 0 0 0 1.6 6.4
723 0 0 0 0 5.61702 0.382979
724 0 0 0 0 5.70537 4.29463
725 0 0 0 0 0.43318 1.56682
726 0 0 0 0 2.29797 1.70203
727 0 0 0 0 0.907162 3.09284
728 0 0 0 0 0.492868 0.507132
729 0 0 0 0 2.20828 0.791721
730 0 0 0 0 4.92255 0.0774527
731 0 0 0 0 4.29638 5.70362
732 0 0 0 0 2.22964 2.77036
733 0 0 0 0 0.367323 0.632677
734 0 0 0 0 5.86829 0.131707
735 0 0 0 0 2.14064 3.85936
736 0 0 0 0 1.77465 5.22535
737 0 0 0 0 2.77011 4.22989
738 0 0 0 0 0.147225 9.85277
739 0 0 0 0 3.22078 4.77922
740 0 0 0 0 4.38716 4.61284
741 0 0 0 0 0.606021 0.393979
742 0 0 0 0 4.09742 0.902579
743 0 0 0 0 3.06237 0.937634
744 0 0 0 0 3.81124 1.18876
745 0 0 0 0 2.96641 0.0335946
746 0 0 0 0 4.41612 0.583882
747 0 0 0 0 0.97032 4.02968
748 0 0 0 0 1.26962 2.73038
749 0 0 0 0 2.63549 1.36451
750 0 0 0 0 0.759627 2.24037
751 0 0 0 0 1.1586 3.8414
752 0 0 0 0 3.18781 5.81219
753 0 0 0 0 3.37407 0.625931
754 0 0 0 0 0.759952 4.24005
755 0 0 0 0 3.54418 6.45582
756 0 0 0 0 1.43011 5.56989
757 0 0 0 0 1.53669 1.46331
758 0 0 0 0 0.425 5.575
759 0 0 0 0 6.25455 2.74545
760 0 0 0 0 5.93673 0.0632689
761 0 0 0 0 0.106227 2.89377
762 0 0 0 0 4.92149 1.07851
763 0 0 0 0 1.03704 2.96296
764 0 0 0 0 1.15868 1.84132
765 0 0 0 0 4.20415 0.795848
766 0 0 0 0 2.13674 0.863258
767 0 0 0 0 4.64678 3.35322
768 0 0 0 0 0.598923 4.40108
769 0 0 0 0 1.46457 8.53543
770 0 0 0 0 3.32754 4.67246
771 0 0 0 0 8.67692 1.32308
772 0 0 0 0 0.99187 3.00813
773 0 0 0 0 1.80463 7.19537
774 0 0 0 0 1.71671 1.28329
775 0 0 0 0 5.88362 1.11638
776 0 0 0 0 4.73545 0.26455
777 0 0 0 0 0.782609 3.21739
778 0 0 0 0 0.213592 1.78641
779 0 0 0 0 2.17096 0.82904
780 0 0 0 0 8.16587 1.83413
781 0 0 0 0 2.79688 4.20312
782 0 0 0 0 0.299401 9.7006
783 0 0 0 0 1.38291 0.617085
784 0 0 0 0 0.0391517 1.96085
785 0 0 0 0 6.72828 2.27172
786 0 0 0 0 2.25 0.75
787 0 0 0 0 1.02262 1.97738
788 0 0 0 0 1.31027 6.68973
789 0 0 0 0 1.288 0.712
790 0 0 0 0 8.62887 0.371134
791 0 0 0 0 0.438116 3.56188
792 0 0 0 0 0.793182 0.206818
793 0 0 0 0 3.83784 4.16216
794 0 0 0 0 2.58727 4.41273
795 0 0 0 0 7.5 1.5
796 0 0 0 0 1.875 3.125
797 0 0 0 0 2.30263 7.69737
798 0 0 0 0 0.897561 7.10244
799 0 0 0 0 3.71084 0.289157
800 0 0 0 0 2.83133 7.16867
801 0 0 0 0 0.805051 0.194949
802 0 0 0 0 2.62972 1.37028
803 0 0 0 0 4.71838 1.28162
804 0 0 0 0 3.14448 6.85552
805 0 0 0 0 0.197962 0.802038
806 0 0 0 0 0.823266 7.17673
807 0 0 0 0 3.45224 2.54776
808 0 0 0 0 0.127563 0.872437
809 0 0 0 0 4.23387 1.76613
810 0 0 0 0 0.693976 5.30602
811 0 0 0 0 5.51172 3.48828
812 0 0 0 0 0.185185 5.81481
813 0 0 0 0 6.04757 0.952434
814 0 0 0 0 1.07337 0.926633
815 0 0 0 0 4.56393 4.43607
816 0 0 0 0 7.44624 0.553756
817 0 0 0 0 4.16398 3.83602
818 0 0 0 0 2.37471 3.62529
819 0 0 0 0 2.64 3.36
820 0 0 0 0 7.43154 0.568458
821 0 0 0 0 0.192523 0.807477
822 0 0 0 0 0.0615385 4.93846
823 0 0 0 0 0.278107 0.721893
824 0 0 0 0 5.8719 1.1281
825 0 0 0 0 3.00971 6.99029
826 0 0 0 0 0.421941 0.578059
827 0 0 0 0 8.46049 0.53951
828 0 0 0 0 1.37699 1.62301
829 0 0 0 0 2.30907 6.69093
830 0 0 0 0 2.06432 2.93568
831 0 0 0 0 3.65489 1.34511
832 0 0 0 0 3.41406 1.58594
833 0 0 0 0 0.560575 0.439425
834 0 0 0 0 1.46245 0.537549
835 0 0 0 0 5.54585 4.45415
836 0 0 0 0 0.56964 0.43036
837 0 0 0 0 9.77974 0.220264
838 0 0 0 0 0.123711 3.87629
839 0 0 0 0 4.15865 0.841346
840 0 0 0 0 2.59896 3.40104
841 0 0 0 0 0.280172 0.719828
842 0 0 0 0 0.349239 7.65076
843 0 0 0 0 2.14607 2.85393
844 0 0 0 0 0.329519 3.67048
845 0 0 0 0 2.916 4.084
846 0 0 0 0 1.33037 0.66963
847 0 0 0 0 6.56327 1.43673
848 0 0 0 0 0.168224 0.831776
849 0 0 0 0 2.36404 0.63596
850 0 0 0 0 2.60825 3.39175
851 0 0 0 0 0.354244 2.64576
852 0 0 0 0 3.1935 4.8065
853 0 0 0 0 2.08264 0.917355
854 0 0 0 0 6.9009 1.0991
855 0 0 0 0 1.52836 1.47164
856 0 0 0 0 6.96613 0.033871
857 0 0 0 0 0.696296 1.3037
858 0 0 0 0 0.977622 0.0223776
859 0 0 0 0 4.49495 0.505051
860 0 0 0 0 6.28391 2.71609
861 0 0 0 0 0.929864 2.07014
862 0 0 0 0 6.38996 0.610044
863 0 0 0 0 1.875 2.125
864 0 0 0 0 2.92086 0.0791367
865 0 0 0 0 0.155502 4.8445
866 0 0 0 0 1.21415 0.785855
867 0 0 0 0 1.27923 1.72077
868 0 0 0 0 7.34732 0.652681
869 0 0 0 0 4.67069 4.32931
870 0 0 0 0 0.945205 0.0547945
871 0 0 0 0 3.03371 0.966292
872 0 0 0 0 0.0655738 0.934426
873 0 0 0 0 1.97143 0.0285714
874 0 0 0 0 1.31134 0.68866
875 0 0 0 0 0.346821 3.65318
876 0 0 0 0 1.78121 5.21879
877 0 0 0 0 7.5499 1.4501
878 0 0 0 0 2.16684 0.833157
879 0 0 0 0 0.45977 0.54023
880 0 0 0 0 0.672727 1.32727
881 0 0 0 0 5.76877 1.23123
882 0 0 0 0 1.09882 3.90118
883 0 0 0 0 3.88983 2.11017
884 0 0 0 0 4.51025 5.48975
885 0 0 0 0 7.14431 2.85569
886 0 0 0 0 1.49598 7.50402
887 0 0 0 0 1.70659 1.29341
888 0 0 0 0 2.99009 2.00991
889 0 0 0 0 4.62045 0.379555
890 0 0 0 0 6.46957 1.53043
891 0 0 0 0 7.78333 2.21667
892 0 0 0 0 1.47422 4.52578
893 0 0 0 0 6.00185 0.998148
894 0 0 0 0 0.377358 4.62264
895 0 0 0 0 2.44496 1.55504
896 0 0 0 0 5.35385 0.646154
897 0 0 0 0 1.76827 1.23173
898 0 0 0 0 4.22511 4.77489
899 0 0 0 0 1.27343 6.72657
900 0 0 0 0 1.68377 2.31623
901 0 0 0 0 2.00858 5.99142
902 0 0 0 0 2.14991 1.85009
903 0 0 0 0 3.3058 3.6942
904 0 0 0 0 7.2 1.8
905 0 0 0 0 0.087846 0.912154
906 0 0 0 0 3.48485 6.51515
907 0 0 0 0 1.73151 6.26849
908 0 0 0 0 4.45374 1.54626
909 0 0 0 0 4.44148 2.55852
910 0 0 0 0 6.37069 0.62931
911 0 0 0 0 3.1685 6.8315
912 0 0 0 0 4.00655 0.99345
913 0 0 0 0 1.48649 1.51351
914 0 0 0 0 5.45479 1.54521
915 0 0 0 0 5.54374 1.45626
916 0 0 0 0 2.85246 5.14754
917 0 0 0 0 2.94211 2.05789
918 0 0 0 0 0.906329 0.0936709
919 0 0 0 0 1.0303 1.9697
920 0 0 0 0 0.182898 1.8171
921 0 0 0 0 1.29037 1.70963
922 0 0 0 0 3.6675 1.3325
923 0 0 0 0 4.36 1.64
924 0 0 0 0 3.46133 3.53867
925 0 0 0 0 0.563636 0.436364
926 0 0 0 0 0.673544 2.32646
927 0 0 0 0 3.9781 2.0219
928 0 0 0 0 2.5226 4.4774
929 0 0 0 0 1.39678 7.60322
930 0 0 0 0 2.16438 0.835616
931 0 0 0 0 3.32442 4.67558
932 0 0 0 0 1.61989 0.38011
933 0 0 0 0 1.52897 0.471033
934 0 0 0 0 1.24054 2.75946
935 0 0 0 0 3.93919 2.06081
936 0 0 0 0 1.08052 0.919481
