NAME : X-n134-k13
COMMENT : "Generated by Uchoa, Pecin, Pessoa, Poggi, Subramanian, and Vidal (2013)"
TYPE : CVRP
DIMENSION : 134
EDGE_WEIGHT_TYPE : EUC_2D
CAPACITY : 643
NODE_COORD_SECTION
1 113 195
2 377 239
3 364 39
4 306 316
5 795 18
6 560 115
7 501 147
8 704 68
9 762 62
10 357 33
11 359 353
12 314 186
13 338 303
14 522 80
15 291 58
16 735 15
17 324 12
18 275 278
19 409 32
20 279 297
21 844 27
22 447 303
23 796 4
24 735 111
25 373 461
26 385 100
27 281 378
28 793 7
29 965 64
30 347 256
31 742 75
32 339 244
33 334 391
34 323 314
35 345 69
36 295 370
37 462 240
38 426 446
39 286 335
40 374 34
41 201 153
42 356 74
43 767 236
44 450 218
45 789 61
46 467 332
47 437 293
48 357 21
49 386 207
50 389 234
51 281 344
52 312 3
53 317 163
54 582 186
55 301 411
56 822 6
57 197 437
58 386 268
59 294 74
60 425 55
61 279 81
62 382 251
63 351 385
64 701 32
65 384 214
66 866 243
67 546 186
68 815 29
69 734 57
70 377 235
71 793 31
72 392 248
73 308 314
74 396 27
75 250 345
76 903 66
77 266 264
78 580 142
79 191 288
80 408 225
81 297 283
82 733 38
83 312 293
84 180 250
85 764 45
86 351 284
87 321 318
88 208 348
89 451 423
90 365 142
91 487 175
92 267 51
93 346 248
94 575 294
95 585 346
96 199 136
97 485 24
98 542 109
99 813 117
100 442 280
101 212 192
102 344 170
103 574 426
104 325 343
105 426 272
106 349 90
107 389 302
108 769 51
109 489 165
110 174 288
111 285 419
112 434 257
113 376 210
114 400 124
115 320 191
116 304 260
117 339 138
118 390 222
119 129 47
120 376 262
121 416 240
122 688 80
123 289 193
124 270 418
125 322 311
126 303 228
127 829 13
128 315 212
129 266 239
130 326 136
131 287 298
132 319 176
133 79 221
134 323 291
PICKUP_AND_DELIVERY_SECTION
1 0 0 0 0 0 0
2 0 0 0 0 19.4005 33.5995
3 0 0 0 0 65.1786 7.82143
4 0 0 0 0 1.89873 58.1013
5 0 0 0 0 19.5472 0.45283
6 0 0 0 0 18.2768 4.72321
7 0 0 0 0 2.11976 0.88024
8 0 0 0 0 41.5568 4.44318
9 0 0 0 0 25.7218 2.27822
10 0 0 0 0 76.2353 7.76471
11 0 0 0 0 1.20334 70.7967
12 0 0 0 0 26.0892 37.9108
13 0 0 0 0 10.355 89.645
14 0 0 0 0 8.46743 1.53257
15 0 0 0 0 59.2509 14.7491
16 0 0 0 0 28.4082 0.591837
17 0 0 0 0 83.7778 3.22222
18 0 0 0 0 1.02518 93.9748
19 0 0 0 0 47.0098 3.99022
20 0 0 0 0 4.06061 62.9394
21 0 0 0 0 16.4562 0.543839
22 0 0 0 0 16.4295 34.5705
23 0 0 0 0 32.8342 0.165829
24 0 0 0 0 10.1878 1.81224
25 0 0 0 0 16.2256 68.7744
26 0 0 0 0 39.974 14.026
27 0 0 0 0 20.2725 58.7275
28 0 0 0 0 25.7705 0.229508
29 0 0 0 0 24.2756 1.72435
30 0 0 0 0 15.2104 42.7896
31 0 0 0 0 31.4623 3.53774
32 0 0 0 0 27.7434 71.2566
33 0 0 0 0 14.1407 82.8593
34 0 0 0 0 2.03406 70.9659
35 0 0 0 0 74.4 18.6
36 0 0 0 0 10.9459 43.0541
37 0 0 0 0 26.9091 29.0909
38 0 0 0 0 3.99103 85.009
39 0 0 0 0 12.5791 73.4209
40 0 0 0 0 77.2727 7.72727
41 0 0 0 0 18.8657 60.1343
42 0 0 0 0 47.5281 12.4719
43 0 0 0 0 6.23077 2.76923
44 0 0 0 0 50.5244 47.4756
45 0 0 0 0 21.2218 1.7782
46 0 0 0 0 22.5482 55.4518
47 0 0 0 0 17.4645 35.5355
48 0 0 0 0 86.5882 5.41176
49 0 0 0 0 24.5777 28.4223
50 0 0 0 0 31.8766 48.1234
51 0 0 0 0 9.88953 44.1105
52 0 0 0 0 88.1442 0.855769
53 0 0 0 0 45.6656 48.3344
54 0 0 0 0 31.9794 15.0206
55 0 0 0 0 19.5377 53.4623
56 0 0 0 0 44.6715 0.328467
57 0 0 0 0 49.4279 40.5721
58 0 0 0 0 21.7047 49.2953
59 0 0 0 0 48.6395 16.3605
60 0 0 0 0 67.0353 9.96471
61 0 0 0 0 70.2581 28.7419
62 0 0 0 0 31.2068 59.7932
63 0 0 0 0 8.03636 82.9636
64 0 0 0 0 26.7218 1.27817
65 0 0 0 0 27.0052 33.9948
66 0 0 0 0 18.7044 7.29561
67 0 0 0 0 4.61538 2.38462
68 0 0 0 0 18.3239 0.676074
69 0 0 0 0 11.0681 0.93188
70 0 0 0 0 26.366 43.634
71 0 0 0 0 11.5309 0.469105
72 0 0 0 0 19.102 32.898
73 0 0 0 0 0.993631 51.0064
74 0 0 0 0 78.2727 5.72727
75 0 0 0 0 24.5072 64.4928
76 0 0 0 0 34.2957 2.70432
77 0 0 0 0 0.443609 58.5564
78 0 0 0 0 31.7172 10.2828
79 0 0 0 0 33.3438 65.6562
80 0 0 0 0 25.1176 30.8824
81 0 0 0 0 3.01684 60.9832
82 0 0 0 0 27.4966 1.50341
83 0 0 0 0 3.28846 50.7115
84 0 0 0 0 20.44 52.56
85 0 0 0 0 31.9974 2.00262
86 0 0 0 0 13.1709 55.8291
87 0 0 0 0 0.88785 94.1121
88 0 0 0 0 35.8046 53.1954
89 0 0 0 0 4.15965 62.8404
90 0 0 0 0 38.4904 24.5096
91 0 0 0 0 47.4086 26.5914
92 0 0 0 0 53.3933 12.6067
93 0 0 0 0 26.0578 65.9422
94 0 0 0 0 6.35304 6.64696
95 0 0 0 0 13.8906 20.1094
96 0 0 0 0 30.0754 64.9246
97 0 0 0 0 85.5464 4.45361
98 0 0 0 0 17.5756 4.42435
99 0 0 0 0 13.6974 2.30258
100 0 0 0 0 34.086 58.914
101 0 0 0 0 6.69811 64.3019
102 0 0 0 0 41.9826 41.0174
103 0 0 0 0 12.6341 36.3659
104 0 0 0 0 4.46064 80.5394
105 0 0 0 0 26.3897 46.6103
106 0 0 0 0 69.0172 23.9828
107 0 0 0 0 13.1954 45.8046
108 0 0 0 0 36.4135 2.58648
109 0 0 0 0 37.1043 18.8957
110 0 0 0 0 21.7708 33.2292
111 0 0 0 0 17.5895 37.4105
112 0 0 0 0 29.7719 43.2281
113 0 0 0 0 39.734 50.266
114 0 0 0 0 51.06 22.94
115 0 0 0 0 38.2969 56.7031
116 0 0 0 0 11.5789 68.4211
117 0 0 0 0 41.5044 28.4956
118 0 0 0 0 31.8769 42.1231
119 0 0 0 0 48.9457 28.0543
120 0 0 0 0 26.984 62.016
121 0 0 0 0 27.0769 36.9231
122 0 0 0 0 10.6047 1.39535
123 0 0 0 0 24.5813 49.4187
124 0 0 0 0 27.2632 49.7368
125 0 0 0 0 2.35714 66.6429
126 0 0 0 0 21.0396 63.9604
127 0 0 0 0 39.3727 0.627262
128 0 0 0 0 18.6381 38.3619
129 0 0 0 0 5.3797 47.6203
130 0 0 0 0 36.135 25.865
131 0 0 0 0 2.80537 73.1946
132 0 0 0 0 32.2759 39.7241
133 0 0 0 0 42.4072 23.5928
134 0 0 0 0 7.72755 70.2724
