NAME : X-n110-k13
COMMENT : "Generated by Uchoa, Pecin, Pessoa, Poggi, Subramanian, and Vidal (2013)"
TYPE : CVRP
DIMENSION : 110
EDGE_WEIGHT_TYPE : EUC_2D
CAPACITY : 66
NODE_COORD_SECTION
1 500 500
2 740 442
3 261 710
4 578 522
5 482 914
6 628 644
7 551 651
8 828 54
9 541 270
10 450 1000
11 521 127
12 738 809
13 323 289
14 803 214
15 556 488
16 758 937
17 875 326
18 113 509
19 491 726
20 415 355
21 946 632
22 136 120
23 117 971
24 817 246
25 491 845
26 454 801
27 676 995
28 145 557
29 166 494
30 977 318
31 363 711
32 164 501
33 833 501
34 444 958
35 828 672
36 714 57
37 51 676
38 922 16
39 673 571
40 211 471
41 590 220
42 305 311
43 953 745
44 154 753
45 918 227
46 819 671
47 675 667
48 617 176
49 706 179
50 512 443
51 302 453
52 753 786
53 331 450
54 765 990
55 249 360
56 292 887
57 371 804
58 786 186
59 382 284
60 44 552
61 107 895
62 108 928
63 523 264
64 397 120
65 25 769
66 98 623
67 946 978
68 815 696
69 314 361
70 447 695
71 878 243
72 341 648
73 363 0
74 675 83
75 998 520
76 98 111
77 267 902
78 628 746
79 940 409
80 786 488
81 323 674
82 986 151
83 790 150
84 180 944
85 533 816
86 750 789
87 589 125
88 640 911
89 99 216
90 754 659
91 828 357
92 597 587
93 929 655
94 159 781
95 955 6
96 63 435
97 130 302
98 954 687
99 866 879
100 131 686
101 519 220
102 454 928
103 415 916
104 468 833
105 109 859
106 806 568
107 907 703
108 821 135
109 622 561
110 482 689
PICKUP_AND_DELIVERY_SECTION
1 0 0 0 0 0 0
2 0 0 0 0 3.22162 4.77838
3 0 0 0 0 6.32394 3.67606
4 0 0 0 0 0.775087 7.22491
5 0 0 0 0 2.36324 2.63676
6 0 0 0 0 0.248447 9.75155
7 0 0 0 0 0.768049 4.23195
8 0 0 0 0 8.41304 0.586957
9 0 0 0 0 5.00924 4.99076
10 0 0 0 0 3.3 2.7
11 0 0 0 0 3.78119 1.21881
12 0 0 0 0 0.877627 9.12237
13 0 0 0 0 0.526316 4.47368
14 0 0 0 0 6.60149 2.39851
15 0 0 0 0 1.22302 8.77698
16 0 0 0 0 1.33725 5.66275
17 0 0 0 0 5.64686 3.35314
18 0 0 0 0 5.44597 1.55403
19 0 0 0 0 2.58953 5.41047
20 0 0 0 0 0.722892 4.27711
21 0 0 0 0 2.65539 5.34461
22 0 0 0 0 1.17647 8.82353
23 0 0 0 0 5.27703 0.722966
24 0 0 0 0 5.59119 2.40881
25 0 0 0 0 2.93254 4.06746
26 0 0 0 0 2.59925 3.40075
27 0 0 0 0 2.24422 4.75578
28 0 0 0 0 3.69838 1.30162
29 0 0 0 0 6.63968 3.36032
30 0 0 0 0 6.74514 3.25486
31 0 0 0 0 2.44726 2.55274
32 0 0 0 0 4.70858 2.29142
33 0 0 0 0 1.9928 3.0072
34 0 0 0 0 5.36534 4.63466
35 0 0 0 0 1.13043 4.86957
36 0 0 0 0 6.44118 0.558824
37 0 0 0 0 8.32101 0.678994
38 0 0 0 0 6.87852 0.121475
39 0 0 0 0 1.06092 5.93908
40 0 0 0 0 3.3121 2.6879
41 0 0 0 0 4.38983 2.61017
42 0 0 0 0 0.192926 9.80707
43 0 0 0 0 1.74607 6.25393
44 0 0 0 0 7.95485 2.04515
45 0 0 0 0 4.51634 1.48366
46 0 0 0 0 1.80708 8.19292
47 0 0 0 0 0.0948148 7.90519
48 0 0 0 0 4.28849 1.71151
49 0 0 0 0 7.46459 2.53541
50 0 0 0 0 1.07812 6.92188
51 0 0 0 0 3.33333 6.66667
52 0 0 0 0 0.419847 9.58015
53 0 0 0 0 1.58667 4.41333
54 0 0 0 0 1.13636 3.86364
55 0 0 0 0 1.54167 3.45833
56 0 0 0 0 6.708 3.292
57 0 0 0 0 2.69279 2.30721
58 0 0 0 0 7.63359 2.36641
59 0 0 0 0 2.05236 5.94764
60 0 0 0 0 7.36232 0.637681
61 0 0 0 0 4.40223 0.597765
62 0 0 0 0 5.30172 0.698276
63 0 0 0 0 3.46654 3.53346
64 0 0 0 0 5.58186 2.41814
65 0 0 0 0 8.70741 0.292588
66 0 0 0 0 8.42697 1.57303
67 0 0 0 0 0.261759 7.73824
68 0 0 0 0 0.730061 4.26994
69 0 0 0 0 0.781163 5.21884
70 0 0 0 0 3.56835 6.43165
71 0 0 0 0 5.78588 2.21412
72 0 0 0 0 2.36883 2.63117
73 0 0 0 0 10 0
74 0 0 0 0 7.89333 1.10667
75 0 0 0 0 3.35271 3.64729
76 0 0 0 0 0.702703 5.2973
77 0 0 0 0 4.92794 2.07206
78 0 0 0 0 1.10724 5.89276
79 0 0 0 0 3.38936 2.61064
80 0 0 0 0 3.41221 5.58779
81 0 0 0 0 3.12463 2.87537
82 0 0 0 0 8.46856 1.53144
83 0 0 0 0 7.29114 1.70886
84 0 0 0 0 8.09322 1.90678
85 0 0 0 0 1.73407 3.26593
86 0 0 0 0 0.247148 4.75285
87 0 0 0 0 5.51443 1.48557
88 0 0 0 0 2.3798 5.6202
89 0 0 0 0 5.41667 4.58333
90 0 0 0 0 1.25995 8.74005
91 0 0 0 0 5.68841 4.31159
92 0 0 0 0 0.134003 7.866
93 0 0 0 0 2.65447 6.34553
94 0 0 0 0 4.77849 1.22151
95 0 0 0 0 5.9623 0.0376963
96 0 0 0 0 4.27586 0.724138
97 0 0 0 0 3.41722 2.58278
98 0 0 0 0 2.23899 5.76101
99 0 0 0 0 0.0739477 4.92605
100 0 0 0 0 7.28134 1.71866
101 0 0 0 0 2.88054 2.11946
102 0 0 0 0 2.55388 2.44612
103 0 0 0 0 3.28166 2.71834
104 0 0 0 0 2.62905 3.37095
105 0 0 0 0 4.36554 0.634459
106 0 0 0 0 1.47643 3.52357
107 0 0 0 0 1.57442 5.42558
108 0 0 0 0 5.84896 1.15104
109 0 0 0 0 0.882637 8.11736
110 0 0 0 0 2.70392 6.29608
