NAME : X-n157-k13
COMMENT : "Generated by Uchoa, Pecin, Pessoa, Poggi, Subramanian, and Vidal (2013)"
TYPE : CVRP
DIMENSION : 157
EDGE_WEIGHT_TYPE : EUC_2D
CAPACITY : 12
NODE_COORD_SECTION
1 769 259
2 91 377
3 108 338
4 816 567
5 725 520
6 117 357
7 766 559
8 90 417
9 255 430
10 63 384
11 35 276
12 122 318
13 85 322
14 267 348
15 937 546
16 865 461
17 863 547
18 724 431
19 148 144
20 243 571
21 871 512
22 782 596
23 77 272
24 776 650
25 166 371
26 69 239
27 972 607
28 320 521
29 91 434
30 20 305
31 81 271
32 776 669
33 830 553
34 148 243
35 160 202
36 741 527
37 877 561
38 587 551
39 808 435
40 26 278
41 58 394
42 755 444
43 817 557
44 165 367
45 216 510
46 124 330
47 96 587
48 132 369
49 163 234
50 915 492
51 753 657
52 161 319
53 37 227
54 898 747
55 770 524
56 745 582
57 695 469
58 124 355
59 11 283
60 258 406
61 72 335
62 713 399
63 866 626
64 214 344
65 213 349
66 864 577
67 98 440
68 701 512
69 884 559
70 842 518
71 125 379
72 352 410
73 206 228
74 825 592
75 93 252
76 863 511
77 98 347
78 115 326
79 71 392
80 96 248
81 65 404
82 75 342
83 140 300
84 129 340
85 129 273
86 846 696
87 109 463
88 863 586
89 139 356
90 77 351
91 154 322
92 231 323
93 115 394
94 844 558
95 98 454
96 739 568
97 179 443
98 862 618
99 764 764
100 844 554
101 174 319
102 703 319
103 151 453
104 863 569
105 72 473
106 632 575
107 823 578
108 26 42
109 47 381
110 71 336
111 754 484
112 137 465
113 80 355
114 172 296
115 28 310
116 754 579
117 531 662
118 87 382
119 866 481
120 93 337
121 942 567
122 788 567
123 824 451
124 926 901
125 182 500
126 98 384
127 104 370
128 48 462
129 952 629
130 239 324
131 138 516
132 747 605
133 136 460
134 748 624
135 43 268
136 792 597
137 95 352
138 109 413
139 67 224
140 104 386
141 817 672
142 183 360
143 922 652
144 779 419
145 863 721
146 40 456
147 66 395
148 862 465
149 383 357
150 307 434
151 233 421
152 329 280
153 623 554
154 103 349
155 736 688
156 75 266
157 174 406
PICKUP_AND_DELIVERY_SECTION
1 0 0 0 0 0 0
2 0 0 0 0 0.758621 0.241379
3 0 0 0 0 0.680473 0.319527
4 0 0 0 0 0.305147 0.694853
5 0 0 0 0 0.282759 0.717241
6 0 0 0 0 0.672269 0.327731
7 0 0 0 0 0.270235 0.729765
8 0 0 0 0 0.784173 0.215827
9 0 0 0 0 0.406977 0.593023
10 0 0 0 0 0.835938 0.164062
11 0 0 0 0 0.873188 0.126812
12 0 0 0 0 0.616352 0.383648
13 0 0 0 0 0.736025 0.263975
14 0 0 0 0 0.232759 0.767241
15 0 0 0 0 0.417289 0.582711
16 0 0 0 0 0.467052 0.532948
17 0 0 0 0 0.366165 0.633835
18 0 0 0 0 0.404696 0.595304
19 0 0 0 0 0.027027 0.972973
20 0 0 0 0 0.574431 0.425569
21 0 0 0 0 0.41217 0.58783
22 0 0 0 0 0.237852 0.762148
23 0 0 0 0 0.716912 0.283088
24 0 0 0 0 0.162371 0.837629
25 0 0 0 0 0.552561 0.447439
26 0 0 0 0 0.711297 0.288703
27 0 0 0 0 0.375514 0.624486
28 0 0 0 0 0.385797 0.614203
29 0 0 0 0 0.790323 0.209677
30 0 0 0 0 0.934426 0.0655738
31 0 0 0 0 0.701107 0.298893
32 0 0 0 0 0.137887 0.862113
33 0 0 0 0 0.333735 0.666265
34 0 0 0 0 0.390947 0.609053
35 0 0 0 0 0.207921 0.792079
36 0 0 0 0 0.288799 0.711201
37 0 0 0 0 0.360319 0.639681
38 0 0 0 0 0.0613288 0.938671
39 0 0 0 0 0.461634 0.538366
40 0 0 0 0 0.906475 0.0935252
41 0 0 0 0 0.852792 0.147208
42 0 0 0 0 0.411921 0.588079
43 0 0 0 0 0.318237 0.681763
44 0 0 0 0 0.550409 0.449591
45 0 0 0 0 0.576471 0.423529
46 0 0 0 0 0.624242 0.375758
47 0 0 0 0 0.836457 0.163543
48 0 0 0 0 0.642276 0.357724
49 0 0 0 0 0.303419 0.696581
50 0 0 0 0 0.462295 0.537705
51 0 0 0 0 0.12749 0.87251
52 0 0 0 0 0.495298 0.504702
53 0 0 0 0 0.837004 0.162996
54 0 0 0 0 0.168151 0.831849
55 0 0 0 0 0.319481 0.680519
56 0 0 0 0 0.218792 0.781208
57 0 0 0 0 0.32518 0.67482
58 0 0 0 0 0.650704 0.349296
59 0 0 0 0 0.961131 0.0388693
60 0 0 0 0 0.364532 0.635468
61 0 0 0 0 0.785075 0.214925
62 0 0 0 0 0.440393 0.559607
63 0 0 0 0 0.277136 0.722864
64 0 0 0 0 0.377907 0.622093
65 0 0 0 0 0.389685 0.610315
66 0 0 0 0 0.332176 0.667824
67 0 0 0 0 0.777273 0.222727
68 0 0 0 0 0.269615 0.730385
69 0 0 0 0 0.367647 0.632353
70 0 0 0 0 0.384798 0.615202
71 0 0 0 0 0.670185 0.329815
72 0 0 0 0 0.141463 0.858537
73 0 0 0 0 0.0964912 0.903509
74 0 0 0 0 0.282424 0.717576
75 0 0 0 0 0.630952 0.369048
76 0 0 0 0 0.407879 0.592121
77 0 0 0 0 0.717579 0.282421
78 0 0 0 0 0.647239 0.352761
79 0 0 0 0 0.818878 0.181122
80 0 0 0 0 0.612903 0.387097
81 0 0 0 0 0.839109 0.160891
82 0 0 0 0 0.780702 0.219298
83 0 0 0 0 0.533333 0.466667
84 0 0 0 0 0.620588 0.379412
85 0 0 0 0 0.527473 0.472527
86 0 0 0 0 0.177305 0.822695
87 0 0 0 0 0.764579 0.235421
88 0 0 0 0 0.320973 0.679027
89 0 0 0 0 0.609551 0.390449
90 0 0 0 0 0.780627 0.219373
91 0 0 0 0 0.521739 0.478261
92 0 0 0 0 0.28483 0.71517
93 0 0 0 0 0.708122 0.291878
94 0 0 0 0 0.338863 0.661137
95 0 0 0 0 0.784141 0.215859
96 0 0 0 0 0.231394 0.768606
97 0 0 0 0 0.595937 0.404063
98 0 0 0 0 0.283063 0.716937
99 0 0 0 0 0 1
100 0 0 0 0 0.343602 0.656398
101 0 0 0 0 0.454545 0.545455
102 0 0 0 0 0.54623 0.45377
103 0 0 0 0 0.666667 0.333333
104 0 0 0 0 0.340672 0.659328
105 0 0 0 0 0.84778 0.15222
106 0 0 0 0 0.0901899 0.90981
107 0 0 0 0 0.297691 0.702309
108 0 0 0 0 0.380952 0.619048
109 0 0 0 0 0.87664 0.12336
110 0 0 0 0 0.78869 0.21131
111 0 0 0 0 0.35809 0.64191
112 0 0 0 0 0.705376 0.294624
113 0 0 0 0 0.774648 0.225352
114 0 0 0 0 0.418919 0.581081
115 0 0 0 0 0.909677 0.0903226
116 0 0 0 0 0.232095 0.767905
117 0 0 0 0 0.197885 0.802115
118 0 0 0 0 0.772251 0.227749
119 0 0 0 0 0.444573 0.555427
120 0 0 0 0 0.724036 0.275964
121 0 0 0 0 0.398089 0.601911
122 0 0 0 0 0.280457 0.719543
123 0 0 0 0 0.45267 0.54733
124 0 0 0 0 0.0269978 0.973002
125 0 0 0 0 0.636 0.364
126 0 0 0 0 0.744792 0.255208
127 0 0 0 0 0.718919 0.281081
128 0 0 0 0 0.896104 0.103896
129 0 0 0 0 0.339286 0.660714
130 0 0 0 0 0.262346 0.737654
131 0 0 0 0 0.732558 0.267442
132 0 0 0 0 0.190094 0.809906
133 0 0 0 0 0.704348 0.295652
134 0 0 0 0 0.165775 0.834225
135 0 0 0 0 0.839552 0.160448
136 0 0 0 0 0.246212 0.753788
137 0 0 0 0 0.730114 0.269886
138 0 0 0 0 0.736077 0.263923
139 0 0 0 0 0.700893 0.299107
140 0 0 0 0 0.73057 0.26943
141 0 0 0 0 0.177479 0.822521
142 0 0 0 0 0.491667 0.508333
143 0 0 0 0 0.292842 0.707158
144 0 0 0 0 0.462131 0.537869
145 0 0 0 0 0.164542 0.835458
146 0 0 0 0 0.912281 0.0877193
147 0 0 0 0 0.832911 0.167089
148 0 0 0 0 0.460557 0.539443
149 0 0 0 0 0.0678851 0.932115
150 0 0 0 0 0.292627 0.707373
151 0 0 0 0 0.446556 0.553444
152 0 0 0 0 0.148936 0.851064
153 0 0 0 0 0.110754 0.889246
154 0 0 0 0 0.704871 0.295129
155 0 0 0 0 0.0652174 0.934783
156 0 0 0 0 0.718045 0.281955
157 0 0 0 0 0.571429 0.428571
