NAME : X-n125-k30
COMMENT : "Generated by Uchoa, Pecin, Pessoa, Poggi, Subramanian, and Vidal (2013)"
TYPE : CVRP
DIMENSION : 125
EDGE_WEIGHT_TYPE : EUC_2D
CAPACITY : 188
NODE_COORD_SECTION
1 989 944
2 5 730
3 769 200
4 698 515
5 72 561
6 52 397
7 771 177
8 81 537
9 43 371
10 716 202
11 106 406
12 627 172
13 10 338
14 776 432
15 761 469
16 759 287
17 593 363
18 773 290
19 129 398
20 709 193
21 99 564
22 163 418
23 48 619
24 907 406
25 929 527
26 69 672
27 675 960
28 50 763
29 736 240
30 46 518
31 128 793
32 699 581
33 58 398
34 43 393
35 783 186
36 58 360
37 45 712
38 38 393
39 652 524
40 37 364
41 37 617
42 61 534
43 664 358
44 555 445
45 712 465
46 38 469
47 2 729
48 65 620
49 156 497
50 857 475
51 773 234
52 879 98
53 685 466
54 21 421
55 109 536
56 60 738
57 897 564
58 96 383
59 76 582
60 739 193
61 669 548
62 284 462
63 193 813
64 15 696
65 102 541
66 28 578
67 828 292
68 73 519
69 70 645
70 40 433
71 745 159
72 0 486
73 75 511
74 228 312
75 732 427
76 61 407
77 495 621
78 84 538
79 751 246
80 22 714
81 63 571
82 641 350
83 873 540
84 211 418
85 287 618
86 155 796
87 627 595
88 546 199
89 795 58
90 805 15
91 649 486
92 145 377
93 673 319
94 700 678
95 86 623
96 158 613
97 673 619
98 738 444
99 17 449
100 122 182
101 108 334
102 100 550
103 677 505
104 23 365
105 20 512
106 892 41
107 452 457
108 70 541
109 224 931
110 67 692
111 198 317
112 513 731
113 159 369
114 51 378
115 556 137
116 800 100
117 795 278
118 158 773
119 43 656
120 41 488
121 70 375
122 132 545
123 203 328
124 728 467
125 759 208
PICKUP_AND_DELIVERY_SECTION
1 0 0 0 0 0 0
2 0 0 0 0 31.7808 0.219178
3 0 0 0 0 5.17945 1.82055
4 0 0 0 0 21.7607 61.2393
5 0 0 0 0 26.1497 3.85027
6 0 0 0 0 53.8791 8.12091
7 0 0 0 0 20.0311 5.96887
8 0 0 0 0 26.324 4.67598
9 0 0 0 0 66.3073 8.69272
10 0 0 0 0 3.58939 1.41061
11 0 0 0 0 62.8079 22.1921
12 0 0 0 0 10.8852 4.11483
13 0 0 0 0 91.2189 2.78107
14 0 0 0 0 7.09278 8.90722
15 0 0 0 0 14.5808 23.4192
16 0 0 0 0 19.8999 12.1001
17 0 0 0 0 1.93929 3.06071
18 0 0 0 0 10.6223 6.37775
19 0 0 0 0 62.1809 29.8191
20 0 0 0 0 36.3893 13.6107
21 0 0 0 0 13.1915 2.80851
22 0 0 0 0 48.1938 30.8062
23 0 0 0 0 10.147 0.852989
24 0 0 0 0 18.2282 14.7718
25 0 0 0 0 25.9634 34.0366
26 0 0 0 0 9.87054 1.12946
27 0 0 0 0 28.5 67.5
28 0 0 0 0 42.9856 3.01442
29 0 0 0 0 32.3478 15.6522
30 0 0 0 0 28.2471 2.7529
31 0 0 0 0 20.9647 4.03531
32 0 0 0 0 16.206 79.794
33 0 0 0 0 60.6533 10.3467
34 0 0 0 0 54.3257 6.6743
35 0 0 0 0 2.28736 0.712644
36 0 0 0 0 83.8889 16.1111
37 0 0 0 0 5.62079 0.379213
38 0 0 0 0 84.9109 9.08906
39 0 0 0 0 17.2761 70.7239
40 0 0 0 0 47.6126 5.38736
41 0 0 0 0 17.8606 1.13938
42 0 0 0 0 44.2884 5.71161
43 0 0 0 0 8.75602 10.244
44 0 0 0 0 7.72973 31.2703
45 0 0 0 0 7.28511 13.7149
46 0 0 0 0 87.3028 7.69723
47 0 0 0 0 6.9808 0.0192044
48 0 0 0 0 35.8065 4.19355
49 0 0 0 0 34.992 16.008
50 0 0 0 0 7.13186 8.86814
51 0 0 0 0 32.7723 14.2277
52 0 0 0 0 11.5506 1.44937
53 0 0 0 0 9.59124 20.4088
54 0 0 0 0 53.2067 2.79335
55 0 0 0 0 3.98321 1.01679
56 0 0 0 0 8.26829 0.731707
57 0 0 0 0 35.2676 59.7324
58 0 0 0 0 52.4543 17.5457
59 0 0 0 0 4.34708 0.652921
60 0 0 0 0 22.9039 8.09608
61 0 0 0 0 14.4694 65.5306
62 0 0 0 0 20.4199 32.5801
63 0 0 0 0 21.353 6.64699
64 0 0 0 0 37.181 0.818966
65 0 0 0 0 5.68022 1.31978
66 0 0 0 0 26.6436 1.3564
67 0 0 0 0 11.6522 6.34783
68 0 0 0 0 26.6397 4.36031
69 0 0 0 0 5.34884 0.651163
70 0 0 0 0 64.4411 6.55889
71 0 0 0 0 0.786577 0.213423
72 0 0 0 0 84 0
73 0 0 0 0 40.1018 6.89824
74 0 0 0 0 18.3077 49.6923
75 0 0 0 0 5 7
76 0 0 0 0 74.8108 13.1892
77 0 0 0 0 7.91304 31.087
78 0 0 0 0 26.1599 4.84015
79 0 0 0 0 4.03462 1.96538
80 0 0 0 0 29.0756 0.92437
81 0 0 0 0 16.9037 2.09632
82 0 0 0 0 17.2512 20.7488
83 0 0 0 0 28.2268 45.7732
84 0 0 0 0 37.1411 37.8589
85 0 0 0 0 1.0712 0.928803
86 0 0 0 0 24.9636 6.03643
87 0 0 0 0 3.41946 63.5805
88 0 0 0 0 29.87 17.13
89 0 0 0 0 43.5711 3.42893
90 0 0 0 0 35.3292 0.670807
91 0 0 0 0 5.02311 14.9769
92 0 0 0 0 40 25
93 0 0 0 0 8.94205 8.05795
94 0 0 0 0 2.54571 78.4543
95 0 0 0 0 32.7544 5.24559
96 0 0 0 0 5.93801 2.06199
97 0 0 0 0 7.62259 87.3774
98 0 0 0 0 7.17073 10.8293
99 0 0 0 0 67.3497 2.65033
100 0 0 0 0 31.3187 63.6813
101 0 0 0 0 43.982 21.018
102 0 0 0 0 34.3636 7.63636
103 0 0 0 0 22.3575 65.6425
104 0 0 0 0 82.4548 5.54521
105 0 0 0 0 4.80469 0.195312
106 0 0 0 0 41.0235 1.97646
107 0 0 0 0 0.83151 75.1685
108 0 0 0 0 40.0481 5.95194
109 0 0 0 0 12.9098 4.09023
110 0 0 0 0 32.5145 3.48555
111 0 0 0 0 27.7792 46.2208
112 0 0 0 0 28.9275 68.0725
113 0 0 0 0 48.9431 37.0569
114 0 0 0 0 56.2302 8.76984
115 0 0 0 0 28.6367 9.36331
116 0 0 0 0 41.125 5.875
117 0 0 0 0 26.6629 14.3371
118 0 0 0 0 13.5252 3.47477
119 0 0 0 0 6.54116 0.458841
120 0 0 0 0 47.6311 4.36885
121 0 0 0 0 79.7067 18.2933
122 0 0 0 0 29.5541 9.44587
123 0 0 0 0 22.4848 36.5152
124 0 0 0 0 3.58516 6.41484
125 0 0 0 0 36.2978 13.7022
