NAME : X-n167-k10
COMMENT : "Generated by Uchoa, Pecin, Pessoa, Poggi, Subramanian, and Vidal (2013)"
TYPE : CVRP
DIMENSION : 167
EDGE_WEIGHT_TYPE : EUC_2D
CAPACITY : 133
NODE_COORD_SECTION
1 0 0
2 832 885
3 777 632
4 406 257
5 620 467
6 58 70
7 116 423
8 104 445
9 714 722
10 188 503
11 856 594
12 932 448
13 749 982
14 818 889
15 377 493
16 337 419
17 772 605
18 373 448
19 519 112
20 849 274
21 533 839
22 610 417
23 69 583
24 573 195
25 988 324
26 110 550
27 271 676
28 694 130
29 791 590
30 785 614
31 321 305
32 974 292
33 804 556
34 372 893
35 867 23
36 252 660
37 588 34
38 939 685
39 511 524
40 948 479
41 912 227
42 380 807
43 309 141
44 558 759
45 241 225
46 920 87
47 269 351
48 156 776
49 251 512
50 608 874
51 853 269
52 897 572
53 316 461
54 825 529
55 474 152
56 510 453
57 15 838
58 778 928
59 1 896
60 804 492
61 630 294
62 2 966
63 254 539
64 167 28
65 646 879
66 863 49
67 508 759
68 64 165
69 249 525
70 49 605
71 990 375
72 539 272
73 833 561
74 84 571
75 378 847
76 713 485
77 489 204
78 815 905
79 307 774
80 286 204
81 517 61
82 918 74
83 864 397
84 35 597
85 918 632
86 395 570
87 87 97
88 318 94
89 893 805
90 82 392
91 471 899
92 567 895
93 349 360
94 138 560
95 459 962
96 795 461
97 398 467
98 553 606
99 952 89
100 92 22
101 853 188
102 643 80
103 801 227
104 127 74
105 727 975
106 552 48
107 311 959
108 647 876
109 742 168
110 755 589
111 741 8
112 975 954
113 820 502
114 552 300
115 802 744
116 515 599
117 585 600
118 573 793
119 159 669
120 248 369
121 868 476
122 275 194
123 930 933
124 233 587
125 198 35
126 444 648
127 184 822
128 107 840
129 312 573
130 694 813
131 446 264
132 586 483
133 648 274
134 967 362
135 194 330
136 963 135
137 846 717
138 32 487
139 358 728
140 608 182
141 250 367
142 989 392
143 820 307
144 473 274
145 408 84
146 762 800
147 917 560
148 586 830
149 571 616
150 606 445
151 939 116
152 551 528
153 191 102
154 605 583
155 627 249
156 53 819
157 427 571
158 168 479
159 679 371
160 354 415
161 638 444
162 535 918
163 243 535
164 796 796
165 886 32
166 272 699
167 421 935
PICKUP_AND_DELIVERY_SECTION
1 0 0 0 0 0 0
2 0 0 0 0 0.359322 5.64068
3 0 0 0 0 1.67954 7.32046
4 0 0 0 0 2.56897 4.43103
5 0 0 0 0 1.23387 3.76613
6 0 0 0 0 1.54286 7.45714
7 0 0 0 0 3.62884 1.37116
8 0 0 0 0 6.89663 2.10337
9 0 0 0 0 0.0775623 6.92244
10 0 0 0 0 6.26243 3.73757
11 0 0 0 0 2.4486 5.5514
12 0 0 0 0 3.11588 2.88412
13 0 0 0 0 1.18635 3.81365
14 0 0 0 0 0.718785 8.28121
15 0 0 0 0 1.88235 6.11765
16 0 0 0 0 1.76134 7.23866
17 0 0 0 0 2.16321 7.83679
18 0 0 0 0 0.837054 4.16295
19 0 0 0 0 5.4894 1.5106
20 0 0 0 0 5.41814 2.58186
21 0 0 0 0 1.8236 3.1764
22 0 0 0 0 2.84754 6.15246
23 0 0 0 0 7.93482 1.06518
24 0 0 0 0 4.6178 2.3822
25 0 0 0 0 3.36032 1.63968
26 0 0 0 0 5.6 1.4
27 0 0 0 0 4.7929 3.2071
28 0 0 0 0 4.0634 0.936599
29 0 0 0 0 2.54109 7.45891
30 0 0 0 0 1.96051 7.03949
31 0 0 0 0 0.448598 8.5514
32 0 0 0 0 6.30185 2.69815
33 0 0 0 0 2.77612 6.22388
34 0 0 0 0 4.08399 2.91601
35 0 0 0 0 8.76125 0.238754
36 0 0 0 0 3.09091 1.90909
37 0 0 0 0 9.42177 0.578231
38 0 0 0 0 1.623 4.377
39 0 0 0 0 0.223282 8.77672
40 0 0 0 0 4.45253 4.54747
41 0 0 0 0 3.75548 1.24452
42 0 0 0 0 3.17472 2.82528
43 0 0 0 0 5.43689 4.56311
44 0 0 0 0 1.58893 4.41107
45 0 0 0 0 0.39834 5.60166
46 0 0 0 0 7.24348 0.756522
47 0 0 0 0 1.40171 4.59829
48 0 0 0 0 4.79381 1.20619
49 0 0 0 0 5.09766 4.90234
50 0 0 0 0 2.73913 6.26087
51 0 0 0 0 4.7925 2.2075
52 0 0 0 0 2.89855 5.10145
53 0 0 0 0 1.8872 4.1128
54 0 0 0 0 2.15273 3.84727
55 0 0 0 0 4.07595 1.92405
56 0 0 0 0 0.894118 7.10588
57 0 0 0 0 4.9105 0.0894988
58 0 0 0 0 1.61638 8.38362
59 0 0 0 0 5.9933 0.00669643
60 0 0 0 0 3.49254 5.50746
61 0 0 0 0 4.8 4.2
62 0 0 0 0 8.98137 0.0186335
63 0 0 0 0 3.7013 3.2987
64 0 0 0 0 7.49102 1.50898
65 0 0 0 0 1.59044 4.40956
66 0 0 0 0 6.60255 0.397451
67 0 0 0 0 1.65349 3.34651
68 0 0 0 0 5.50909 3.49091
69 0 0 0 0 3.15429 2.84571
70 0 0 0 0 4.59504 0.404959
71 0 0 0 0 3.72727 2.27273
72 0 0 0 0 4.45826 4.54174
73 0 0 0 0 1.95918 4.04082
74 0 0 0 0 6.82312 1.17688
75 0 0 0 0 4.42975 3.57025
76 0 0 0 0 1.59888 3.40112
77 0 0 0 0 4.07975 2.92025
78 0 0 0 0 0.696133 6.30387
79 0 0 0 0 4.22351 2.77649
80 0 0 0 0 2.86713 7.13287
81 0 0 0 0 4.41006 0.589942
82 0 0 0 0 9.1939 0.8061
83 0 0 0 0 4.32407 3.67593
84 0 0 0 0 6.58961 0.410385
85 0 0 0 0 2.80392 6.19608
86 0 0 0 0 3.07018 6.92982
87 0 0 0 0 0.824742 7.17526
88 0 0 0 0 6.33962 2.66038
89 0 0 0 0 0.788354 7.21165
90 0 0 0 0 5.53571 1.46429
91 0 0 0 0 4.76085 5.23915
92 0 0 0 0 2.56536 4.43464
93 0 0 0 0 0.275 8.725
94 0 0 0 0 4.52143 1.47857
95 0 0 0 0 2.61435 2.38565
96 0 0 0 0 3.36101 4.63899
97 0 0 0 0 1.18201 6.81799
98 0 0 0 0 0.524752 5.47525
99 0 0 0 0 6.34559 0.654412
100 0 0 0 0 7.6087 2.3913
101 0 0 0 0 4.67761 1.32239
102 0 0 0 0 7.88025 1.11975
103 0 0 0 0 3.58302 1.41698
104 0 0 0 0 3.75591 5.24409
105 0 0 0 0 2.28923 6.71077
106 0 0 0 0 4.56522 0.434783
107 0 0 0 0 6.75704 3.24296
108 0 0 0 0 1.30708 3.69292
109 0 0 0 0 4.64151 1.35849
110 0 0 0 0 2.19868 7.80132
111 0 0 0 0 6.92443 0.0755735
112 0 0 0 0 0.215385 9.78462
113 0 0 0 0 3.10244 4.89756
114 0 0 0 0 3.65217 4.34783
115 0 0 0 0 0.361596 4.6384
116 0 0 0 0 1.12187 6.87813
117 0 0 0 0 0.175 6.825
118 0 0 0 0 1.66456 4.33544
119 0 0 0 0 6.86099 2.13901
120 0 0 0 0 2.95122 6.04878
121 0 0 0 0 3.16129 3.83871
122 0 0 0 0 2.06182 4.93818
123 0 0 0 0 0.0321543 9.96785
124 0 0 0 0 5.4276 3.5724
125 0 0 0 0 6.58586 1.41414
126 0 0 0 0 2.83333 6.16667
127 0 0 0 0 6.20925 1.79075
128 0 0 0 0 6.10833 0.891667
129 0 0 0 0 3.64398 4.35602
130 0 0 0 0 1.0246 5.9754
131 0 0 0 0 2.8565 4.1435
132 0 0 0 0 0.87884 4.12116
133 0 0 0 0 4.04012 2.95988
134 0 0 0 0 3.12823 1.87177
135 0 0 0 0 2.06061 2.93939
136 0 0 0 0 7.73832 1.26168
137 0 0 0 0 1.06738 5.93262
138 0 0 0 0 4.67146 0.328542
139 0 0 0 0 2.54121 2.45879
140 0 0 0 0 6.30592 2.69408
141 0 0 0 0 3.18801 6.81199
142 0 0 0 0 6.0364 3.9636
143 0 0 0 0 3.12805 1.87195
144 0 0 0 0 2.94503 4.05497
145 0 0 0 0 3.97059 1.02941
146 0 0 0 0 0.285 5.715
147 0 0 0 0 1.94656 3.05344
148 0 0 0 0 2.05783 4.94217
149 0 0 0 0 0.438312 5.56169
150 0 0 0 0 1.85974 5.14026
151 0 0 0 0 6.13525 0.86475
152 0 0 0 0 0.375681 8.62432
153 0 0 0 0 2.79581 3.20419
154 0 0 0 0 0.363636 9.63636
155 0 0 0 0 4.2201 2.7799
156 0 0 0 0 9.35287 0.647131
157 0 0 0 0 1.76532 5.23468
158 0 0 0 0 4.54489 2.45511
159 0 0 0 0 3.17526 3.82474
160 0 0 0 0 0.73494 4.26506
161 0 0 0 0 1.82445 4.17555
162 0 0 0 0 2.50327 3.49673
163 0 0 0 0 4.91215 4.08785
164 0 0 0 0 0 9
165 0 0 0 0 5.7833 0.216704
166 0 0 0 0 6.10873 3.89127
167 0 0 0 0 4.94759 4.05241
