NAME : X-n101-k25
COMMENT : "Generated by Uchoa, Pecin, Pessoa, Poggi, Subramanian, and Vidal (2013)"
TYPE : CVRP
DIMENSION : 101
EDGE_WEIGHT_TYPE : EUC_2D
CAPACITY : 206
NODE_COORD_SECTION
1 365 689
2 146 180
3 792 5
4 658 510
5 461 270
6 299 531
7 812 228
8 643 90
9 615 630
10 258 42
11 616 299
12 475 957
13 425 473
14 406 64
15 656 369
16 202 467
17 318 21
18 579 587
19 458 354
20 575 871
21 47 512
22 568 742
23 128 436
24 546 806
25 197 696
26 615 300
27 852 563
28 772 803
29 678 342
30 916 176
31 390 949
32 113 782
33 226 736
34 119 923
35 584 572
36 134 554
37 912 173
38 827 233
39 851 677
40 598 322
41 627 472
42 94 442
43 688 274
44 977 176
45 597 461
46 931 23
47 170 640
48 941 601
49 873 487
50 797 95
51 451 816
52 866 970
53 833 912
54 106 913
55 260 107
56 332 45
57 685 613
58 728 372
59 487 497
60 702 440
61 717 412
62 635 794
63 927 972
64 635 356
65 634 540
66 658 261
67 303 168
68 707 410
69 254 135
70 346 29
71 75 79
72 893 987
73 729 372
74 29 910
75 356 39
76 274 943
77 322 96
78 664 396
79 704 236
80 415 837
81 576 587
82 750 977
83 726 363
84 861 948
85 302 129
86 415 989
87 199 135
88 801 405
89 679 426
90 994 804
91 311 116
92 739 898
93 268 97
94 176 991
95 688 588
96 107 836
97 708 522
98 679 864
99 985 877
100 954 950
101 615 750
PICKUP_AND_DELIVERY_SECTION
1 0 0 0 0 0 0
2 0 0 0 0 7.17778 30.8222
3 0 0 0 0 50.678 0.32197
4 0 0 0 0 16.4195 56.5805
5 0 0 0 0 29.0022 40.9978
6 0 0 0 0 25.3409 32.6591
7 0 0 0 0 38.8374 15.1626
8 0 0 0 0 0.860031 0.139969
9 0 0 0 0 2.33333 95.6667
10 0 0 0 0 51.907 10.093
11 0 0 0 0 50.4318 47.5682
12 0 0 0 0 12.5914 12.4086
13 0 0 0 0 8.72727 77.2727
14 0 0 0 0 38.7488 7.25123
15 0 0 0 0 11.8125 15.1875
16 0 0 0 0 9.64668 7.35332
17 0 0 0 0 90.5943 6.40566
18 0 0 0 0 1.00852 72.9915
19 0 0 0 0 18.393 62.607
20 0 0 0 0 21.07 40.93
21 0 0 0 0 53.584 5.41602
22 0 0 0 0 5.39353 17.6065
23 0 0 0 0 43.7982 18.2018
24 0 0 0 0 21.2903 44.7097
25 0 0 0 0 25.0934 9.90661
26 0 0 0 0 27.1463 25.8537
27 0 0 0 0 6.10563 11.8944
28 0 0 0 0 3.35866 83.6413
29 0 0 0 0 15.8584 16.1416
30 0 0 0 0 3.23144 0.768559
31 0 0 0 0 35.9315 25.0685
32 0 0 0 0 81.2724 13.7276
33 0 0 0 0 15.9375 7.0625
34 0 0 0 0 13.0661 1.93391
35 0 0 0 0 0.10274 4.89726
36 0 0 0 0 40.1805 12.8195
37 0 0 0 0 78.5998 18.4002
38 0 0 0 0 50.2781 19.7219
39 0 0 0 0 6.54289 25.4571
40 0 0 0 0 12.4615 14.5385
41 0 0 0 0 10.3828 31.6172
42 0 0 0 0 52.7511 14.2489
43 0 0 0 0 45.7326 30.2674
44 0 0 0 0 12.2979 2.70215
45 0 0 0 0 8.88442 30.1156
46 0 0 0 0 13.6541 0.345865
47 0 0 0 0 31.5781 11.4219
48 0 0 0 0 3.9745 7.0255
49 0 0 0 0 41.1203 51.8797
50 0 0 0 0 46.6826 6.31744
51 0 0 0 0 19.6814 24.3186
52 0 0 0 0 8.57732 71.4227
53 0 0 0 0 7.53618 79.4638
54 0 0 0 0 85.7382 11.2618
55 0 0 0 0 39.4269 27.5731
56 0 0 0 0 62.241 9.75904
57 0 0 0 0 5.25547 44.7445
58 0 0 0 0 3.91209 4.08791
59 0 0 0 0 1.167 56.833
60 0 0 0 0 20.5271 34.4729
61 0 0 0 0 28.5007 38.4993
62 0 0 0 0 17.8224 71.1776
63 0 0 0 0 1.75926 36.2407
64 0 0 0 0 28.5591 36.4409
65 0 0 0 0 0.444795 2.55521
66 0 0 0 0 3.01672 1.98328
67 0 0 0 0 20.495 25.505
68 0 0 0 0 42.0085 57.9915
69 0 0 0 0 24.3622 27.6378
70 0 0 0 0 25.6532 2.34682
71 0 0 0 0 4.86076 91.1392
72 0 0 0 0 1.71429 16.2857
73 0 0 0 0 7.83539 8.16461
74 0 0 0 0 6.77692 0.223077
75 0 0 0 0 65.0028 7.99719
76 0 0 0 0 53.9173 22.0827
77 0 0 0 0 4.21118 1.78882
78 0 0 0 0 25.8313 38.1687
79 0 0 0 0 25.9261 13.0739
80 0 0 0 0 43.3596 42.6404
81 0 0 0 0 1.31175 68.6882
82 0 0 0 0 3.25281 10.7472
83 0 0 0 0 41.5 41.5
84 0 0 0 0 8.81013 87.1899
85 0 0 0 0 24.6325 18.3675
86 0 0 0 0 6.96461 5.03539
87 0 0 0 0 23.4774 49.5226
88 0 0 0 0 0.988764 1.01124
89 0 0 0 0 7.82474 13.1753
90 0 0 0 0 3.44064 14.5594
91 0 0 0 0 34.4855 20.5145
92 0 0 0 0 13.2795 61.7205
93 0 0 0 0 43.3881 24.6119
94 0 0 0 0 82.2402 17.7598
95 0 0 0 0 8.86628 52.1337
96 0 0 0 0 20.9282 3.07177
97 0 0 0 0 10.5085 29.4915
98 0 0 0 0 10.2778 37.7222
99 0 0 0 0 5.59188 45.4081
100 0 0 0 0 0.327044 77.673
101 0 0 0 0 6.3 28.7
