NAME : X-n120-k6
COMMENT : "Generated by Uchoa, Pecin, Pessoa, Poggi, Subramanian, and Vidal (2013)"
TYPE : CVRP
DIMENSION : 120
EDGE_WEIGHT_TYPE : EUC_2D
CAPACITY : 21
NODE_COORD_SECTION
1 0 0
2 927 318
3 319 475
4 471 281
5 894 615
6 712 832
7 677 210
8 336 967
9 490 360
10 367 685
11 153 169
12 799 63
13 247 455
14 492 585
15 131 701
16 309 721
17 210 256
18 511 753
19 447 796
20 394 856
21 131 13
22 181 425
23 892 585
24 161 651
25 964 365
26 82 353
27 706 842
28 793 53
29 364 841
30 126 306
31 86 477
32 51 277
33 192 360
34 52 568
35 682 45
36 778 300
37 10 737
38 928 438
39 95 240
40 391 368
41 586 170
42 645 731
43 381 396
44 387 491
45 388 753
46 429 276
47 547 989
48 840 945
49 88 969
50 331 421
51 55 132
52 904 771
53 63 190
54 731 528
55 320 84
56 308 276
57 891 182
58 836 473
59 209 741
60 864 533
61 852 600
62 180 150
63 544 140
64 956 881
65 432 487
66 129 968
67 597 962
68 51 423
69 827 605
70 776 619
71 354 297
72 311 129
73 552 106
74 24 318
75 148 944
76 502 869
77 396 492
78 815 500
79 425 338
80 178 511
81 168 274
82 775 603
83 481 465
84 281 777
85 216 211
86 784 740
87 127 992
88 544 117
89 92 170
90 846 755
91 614 326
92 180 372
93 720 252
94 262 291
95 171 186
96 868 613
97 291 119
98 427 974
99 481 557
100 403 645
101 819 502
102 915 919
103 581 85
104 527 743
105 953 893
106 955 912
107 269 924
108 216 84
109 601 952
110 441 439
111 170 949
112 614 92
113 439 212
114 413 509
115 545 336
116 50 806
117 166 86
118 658 870
119 122 511
120 178 170
PICKUP_AND_DELIVERY_SECTION
1 0 0 0 0 0 0
2 0 0 0 0 0.656958 0.343042
3 0 0 0 0 0.328421 0.671579
4 0 0 0 0 0.403397 0.596603
5 0 0 0 0 0.312081 0.687919
6 0 0 0 0 0.144231 0.855769
7 0 0 0 0 0.689808 0.310192
8 0 0 0 0 0.652534 0.347466
9 0 0 0 0 0.265306 0.734694
10 0 0 0 0 0.464234 0.535766
11 0 0 0 0 0.0946746 0.905325
12 0 0 0 0 0.921151 0.0788486
13 0 0 0 0 0.457143 0.542857
14 0 0 0 0 0.158974 0.841026
15 0 0 0 0 0.813124 0.186876
16 0 0 0 0 0.571429 0.428571
17 0 0 0 0 0.179688 0.820312
18 0 0 0 0 0.321381 0.678619
19 0 0 0 0 0.438442 0.561558
20 0 0 0 0 0.53972 0.46028
21 0 0 0 0 0.900763 0.0992366
22 0 0 0 0 0.574118 0.425882
23 0 0 0 0 0.34417 0.65583
24 0 0 0 0 0.752688 0.247312
25 0 0 0 0 0.621369 0.378631
26 0 0 0 0 0.767705 0.232295
27 0 0 0 0 0.16152 0.83848
28 0 0 0 0 0.933165 0.0668348
29 0 0 0 0 0.567182 0.432818
30 0 0 0 0 0.588235 0.411765
31 0 0 0 0 0.819706 0.180294
32 0 0 0 0 0.815884 0.184116
33 0 0 0 0 0.466667 0.533333
34 0 0 0 0 0.908451 0.0915493
35 0 0 0 0 0.934018 0.0659824
36 0 0 0 0 0.614396 0.385604
37 0 0 0 0 0.986431 0.0135685
38 0 0 0 0 0.528017 0.471983
39 0 0 0 0 0.604167 0.395833
40 0 0 0 0 0.0588235 0.941176
41 0 0 0 0 0.709898 0.290102
42 0 0 0 0 0.117647 0.882353
43 0 0 0 0 0.0378788 0.962121
44 0 0 0 0 0.211813 0.788187
45 0 0 0 0 0.484728 0.515272
46 0 0 0 0 0.356643 0.643357
47 0 0 0 0 0.446916 0.553084
48 0 0 0 0 0.111111 0.888889
49 0 0 0 0 0.909185 0.0908153
50 0 0 0 0 0.213777 0.786223
51 0 0 0 0 0.583333 0.416667
52 0 0 0 0 0.147124 0.852876
53 0 0 0 0 0.668421 0.331579
54 0 0 0 0 0.277702 0.722298
55 0 0 0 0 0.7375 0.2625
56 0 0 0 0 0.103896 0.896104
57 0 0 0 0 0.795735 0.204265
58 0 0 0 0 0.434211 0.565789
59 0 0 0 0 0.717949 0.282051
60 0 0 0 0 0.383102 0.616898
61 0 0 0 0 0.295775 0.704225
62 0 0 0 0 0.166667 0.833333
63 0 0 0 0 0.742647 0.257353
64 0 0 0 0 0.0784519 0.921548
65 0 0 0 0 0.112936 0.887064
66 0 0 0 0 0.866736 0.133264
67 0 0 0 0 0.379418 0.620582
68 0 0 0 0 0.879433 0.120567
69 0 0 0 0 0.26844 0.73156
70 0 0 0 0 0.20232 0.79768
71 0 0 0 0 0.161017 0.838983
72 0 0 0 0 0.585209 0.414791
73 0 0 0 0 0.807971 0.192029
74 0 0 0 0 0.924528 0.0754717
75 0 0 0 0 0.84322 0.15678
76 0 0 0 0 0.422325 0.577675
77 0 0 0 0 0.195122 0.804878
78 0 0 0 0 0.386503 0.613497
79 0 0 0 0 0.204706 0.795294
80 0 0 0 0 0.651663 0.348337
81 0 0 0 0 0.386861 0.613139
82 0 0 0 0 0.221935 0.778065
83 0 0 0 0 0.033264 0.966736
84 0 0 0 0 0.638353 0.361647
85 0 0 0 0 0.0231481 0.976852
86 0 0 0 0 0.0561224 0.943878
87 0 0 0 0 0.871976 0.128024
88 0 0 0 0 0.784926 0.215074
89 0 0 0 0 0.458824 0.541176
90 0 0 0 0 0.107565 0.892435
91 0 0 0 0 0.469055 0.530945
92 0 0 0 0 0.516129 0.483871
93 0 0 0 0 0.65 0.35
94 0 0 0 0 0.0996564 0.900344
95 0 0 0 0 0.0806452 0.919355
96 0 0 0 0 0.293779 0.706221
97 0 0 0 0 0.591065 0.408935
98 0 0 0 0 0.561602 0.438398
99 0 0 0 0 0.136445 0.863555
100 0 0 0 0 0.375194 0.624806
101 0 0 0 0 0.387057 0.612943
102 0 0 0 0 0.00435256 0.995647
103 0 0 0 0 0.853701 0.146299
104 0 0 0 0 0.290713 0.709287
105 0 0 0 0 0.0629591 0.937041
106 0 0 0 0 0.0450262 0.954974
107 0 0 0 0 0.708874 0.291126
108 0 0 0 0 0.611111 0.388889
109 0 0 0 0 0.368697 0.631303
110 0 0 0 0 0.00453515 0.995465
111 0 0 0 0 0.820864 0.179136
112 0 0 0 0 0.850163 0.149837
113 0 0 0 0 0.517084 0.482916
114 0 0 0 0 0.188605 0.811395
115 0 0 0 0 0.383486 0.616514
116 0 0 0 0 0.937965 0.0620347
117 0 0 0 0 0.481928 0.518072
118 0 0 0 0 0.243678 0.756322
119 0 0 0 0 0.761252 0.238748
120 0 0 0 0 0.0449438 0.955056
