NAME : X-n1001-k43
COMMENT : "Generated by Uchoa, Pecin, Pessoa, Poggi, Subramanian, and Vidal (2013)"
TYPE : CVRP
DIMENSION : 1001
EDGE_WEIGHT_TYPE : EUC_2D
CAPACITY : 131
NODE_COORD_SECTION
1 2 857
2 407 102
3 915 965
4 797 45
5 997 241
6 650 683
7 748 248
8 99 174
9 2 545
10 277 689
11 568 771
12 76 105
13 117 973
14 171 971
15 327 183
16 277 697
17 269 246
18 670 18
19 51 901
20 951 696
21 710 102
22 61 465
23 348 606
24 551 243
25 524 793
26 89 582
27 900 748
28 235 368
29 122 587
30 449 781
31 970 38
32 362 490
33 742 267
34 289 115
35 898 957
36 996 922
37 951 633
38 713 779
39 603 247
40 402 363
41 143 0
42 274 608
43 81 422
44 550 408
45 43 699
46 482 575
47 909 254
48 613 37
49 202 575
50 297 297
51 736 288
52 464 127
53 499 491
54 635 531
55 796 328
56 184 941
57 641 824
58 863 673
59 396 950
60 555 631
61 664 966
62 301 260
63 425 990
64 559 746
65 431 827
66 724 472
67 847 51
68 888 721
69 136 331
70 859 627
71 206 5
72 429 381
73 798 918
74 886 684
75 123 488
76 779 445
77 764 43
78 938 743
79 800 398
80 734 20
81 211 678
82 601 545
83 512 403
84 796 106
85 644 810
86 416 973
87 115 435
88 667 91
89 395 941
90 374 546
91 546 191
92 754 255
93 124 588
94 423 929
95 314 637
96 668 268
97 321 786
98 960 423
99 11 499
100 721 692
101 803 584
102 337 475
103 806 773
104 429 478
105 214 547
106 361 166
107 944 218
108 12 468
109 527 255
110 789 724
111 250 862
112 892 896
113 545 806
114 832 12
115 628 495
116 194 884
117 395 309
118 655 39
119 558 175
120 247 947
121 36 394
122 877 451
123 599 724
124 83 489
125 754 703
126 65 35
127 889 230
128 938 307
129 662 394
130 248 220
131 642 549
132 747 86
133 201 643
134 400 574
135 653 798
136 653 904
137 643 138
138 951 307
139 793 865
140 500 726
141 585 586
142 285 769
143 511 898
144 336 912
145 454 207
146 239 951
147 335 815
148 911 708
149 2 239
150 602 984
151 372 799
152 177 756
153 816 435
154 617 639
155 806 796
156 793 584
157 803 561
158 479 831
159 397 20
160 618 113
161 702 902
162 838 111
163 989 451
164 215 154
165 581 757
166 294 174
167 997 332
168 350 909
169 335 941
170 906 354
171 920 675
172 493 469
173 187 284
174 678 127
175 831 755
176 316 319
177 188 134
178 73 608
179 884 613
180 193 831
181 717 851
182 508 52
183 809 556
184 705 769
185 983 312
186 847 359
187 415 658
188 132 789
189 520 413
190 913 564
191 90 256
192 960 936
193 693 559
194 980 347
195 300 456
196 376 144
197 192 177
198 272 525
199 88 626
200 772 743
201 540 206
202 474 559
203 575 901
204 241 949
205 583 602
206 215 48
207 460 683
208 81 368
209 998 835
210 585 234
211 522 137
212 294 501
213 788 392
214 621 498
215 116 698
216 81 236
217 788 277
218 817 861
219 678 560
220 351 354
221 156 507
222 617 486
223 218 189
224 213 23
225 884 616
226 923 177
227 829 814
228 479 307
229 285 153
230 584 878
231 176 928
232 166 656
233 507 183
234 907 171
235 7 792
236 995 412
237 22 787
238 149 784
239 649 933
240 885 309
241 131 560
242 22 81
243 502 640
244 462 970
245 465 114
246 192 569
247 547 473
248 557 408
249 480 579
250 775 395
251 845 753
252 701 529
253 962 95
254 842 847
255 31 68
256 627 629
257 524 322
258 918 853
259 823 774
260 775 894
261 109 935
262 478 480
263 511 488
264 785 899
265 487 121
266 453 440
267 470 598
268 1 111
269 756 89
270 728 583
271 647 753
272 973 391
273 842 559
274 637 397
275 72 370
276 948 485
277 999 268
278 471 517
279 350 131
280 381 534
281 310 467
282 973 212
283 164 485
284 429 565
285 186 426
286 838 897
287 779 143
288 452 1
289 866 928
290 214 623
291 532 586
292 513 152
293 915 772
294 204 585
295 343 558
296 877 720
297 730 272
298 364 617
299 210 569
300 514 296
301 33 761
302 202 695
303 706 395
304 597 866
305 376 83
306 679 434
307 483 578
308 0 299
309 639 101
310 709 590
311 774 925
312 804 864
313 528 192
314 660 561
315 888 7
316 788 712
317 79 750
318 854 884
319 710 665
320 939 390
321 156 683
322 62 737
323 207 501
324 944 334
325 952 915
326 14 440
327 923 386
328 693 370
329 485 885
330 890 951
331 478 956
332 782 216
333 104 50
334 822 370
335 73 108
336 7 981
337 987 382
338 397 439
339 986 513
340 871 661
341 636 866
342 154 39
343 70 100
344 75 647
345 383 5
346 86 692
347 263 570
348 26 218
349 892 317
350 139 60
351 76 883
352 336 44
353 648 837
354 713 447
355 98 769
356 316 688
357 470 613
358 157 295
359 499 223
360 482 100
361 3 209
362 280 692
363 525 6
364 54 122
365 220 208
366 838 860
367 0 143
368 455 989
369 923 705
370 41 665
371 829 426
372 809 821
373 238 811
374 57 114
375 490 911
376 445 135
377 126 154
378 502 856
379 543 422
380 395 335
381 873 378
382 947 675
383 127 46
384 895 216
385 590 641
386 415 0
387 456 639
388 881 466
389 721 116
390 884 403
391 323 319
392 495 158
393 534 496
394 784 89
395 600 973
396 582 263
397 630 484
398 498 412
399 737 749
400 187 137
401 433 302
402 864 360
403 262 566
404 63 28
405 698 186
406 669 65
407 280 605
408 163 577
409 7 891
410 156 301
411 977 815
412 144 312
413 272 181
414 524 978
415 112 407
416 865 155
417 232 344
418 418 650
419 529 362
420 889 916
421 952 677
422 443 10
423 644 925
424 982 797
425 328 995
426 652 395
427 954 103
428 614 890
429 583 127
430 54 278
431 534 176
432 457 678
433 769 423
434 111 776
435 537 183
436 887 534
437 263 242
438 238 143
439 693 433
440 481 223
441 276 463
442 301 278
443 813 997
444 522 400
445 342 979
446 121 219
447 282 213
448 495 110
449 824 196
450 974 643
451 567 187
452 588 289
453 415 542
454 84 369
455 711 288
456 192 263
457 634 955
458 134 858
459 836 650
460 401 251
461 330 390
462 757 708
463 640 675
464 512 860
465 179 319
466 36 160
467 902 529
468 526 587
469 186 229
470 15 596
471 979 645
472 647 323
473 182 123
474 184 38
475 302 219
476 781 849
477 330 18
478 991 649
479 887 717
480 37 331
481 616 448
482 331 231
483 822 365
484 230 835
485 359 963
486 60 730
487 776 660
488 376 810
489 703 627
490 481 728
491 495 862
492 192 598
493 121 520
494 854 951
495 305 495
496 603 933
497 916 240
498 889 765
499 608 852
500 233 438
501 715 397
502 250 676
503 385 490
504 911 127
505 977 120
506 57 831
507 695 732
508 168 907
509 487 552
510 379 518
511 175 165
512 741 69
513 859 350
514 741 665
515 542 145
516 65 804
517 34 189
518 618 340
519 87 291
520 784 685
521 785 260
522 943 254
523 183 988
524 239 180
525 206 769
526 597 257
527 780 886
528 981 148
529 227 435
530 918 839
531 905 402
532 257 337
533 100 996
534 194 631
535 164 219
536 524 887
537 909 704
538 169 906
539 241 785
540 937 826
541 62 828
542 538 74
543 399 812
544 855 575
545 802 150
546 451 192
547 979 779
548 342 445
549 692 472
550 9 452
551 897 431
552 665 139
553 128 106
554 768 689
555 150 279
556 791 248
557 836 385
558 235 877
559 315 98
560 895 755
561 363 154
562 373 633
563 42 430
564 850 534
565 592 274
566 95 712
567 565 82
568 736 849
569 227 124
570 770 512
571 191 627
572 334 855
573 307 97
574 718 570
575 808 903
576 630 96
577 694 101
578 714 65
579 380 514
580 311 9
581 581 60
582 483 315
583 452 330
584 269 422
585 986 414
586 207 280
587 645 986
588 97 50
589 258 620
590 19 60
591 159 382
592 594 3
593 575 648
594 505 396
595 271 186
596 259 278
597 440 484
598 204 169
599 839 329
600 796 265
601 184 633
602 110 901
603 794 510
604 612 243
605 471 610
606 168 254
607 651 691
608 317 884
609 788 451
610 778 532
611 999 602
612 223 747
613 951 203
614 290 179
615 5 237
616 848 785
617 606 434
618 511 279
619 919 357
620 409 840
621 726 723
622 198 57
623 563 987
624 330 143
625 112 165
626 564 379
627 841 919
628 736 821
629 895 875
630 772 252
631 233 210
632 956 386
633 29 477
634 440 322
635 300 683
636 19 243
637 804 616
638 139 376
639 177 425
640 164 188
641 330 450
642 894 845
643 81 292
644 327 908
645 52 153
646 681 294
647 806 403
648 650 476
649 238 416
650 930 935
651 220 643
652 976 863
653 487 945
654 23 117
655 777 163
656 352 425
657 224 959
658 800 833
659 1 880
660 530 411
661 205 696
662 47 211
663 1 975
664 463 461
665 12 909
666 9 25
667 960 395
668 808 103
669 555 364
670 881 187
671 640 356
672 423 259
673 574 348
674 312 251
675 881 836
676 874 740
677 135 158
678 904 910
679 102 78
680 926 747
681 133 610
682 712 498
683 801 94
684 46 372
685 792 533
686 744 492
687 49 160
688 910 98
689 161 275
690 462 5
691 2 317
692 892 299
693 623 197
694 280 296
695 390 873
696 569 740
697 382 176
698 67 260
699 22 899
700 224 74
701 976 106
702 643 937
703 286 733
704 343 347
705 768 396
706 281 2
707 646 481
708 113 496
709 449 469
710 209 276
711 146 512
712 925 847
713 541 265
714 108 218
715 909 962
716 873 616
717 891 741
718 610 429
719 632 229
720 254 413
721 174 367
722 801 148
723 94 483
724 70 736
725 396 630
726 722 757
727 652 154
728 524 473
729 390 532
730 865 278
731 739 441
732 522 405
733 315 92
734 676 875
735 367 807
736 174 702
737 161 844
738 52 348
739 628 479
740 294 425
741 245 335
742 849 644
743 188 955
744 898 25
745 712 633
746 369 346
747 795 493
748 704 846
749 33 817
750 872 179
751 774 620
752 635 620
753 512 482
754 67 510
755 527 626
756 316 970
757 777 242
758 622 844
759 35 70
760 577 911
761 285 224
762 652 328
763 358 274
764 950 346
765 824 571
766 228 251
767 133 826
768 166 573
769 5 941
770 876 539
771 74 80
772 668 777
773 773 7
774 71 263
775 476 656
776 94 533
777 895 963
778 744 131
779 710 940
780 790 311
781 470 10
782 778 994
783 726 581
784 301 968
785 425 873
786 510 342
787 551 998
788 880 251
789 13 286
790 229 807
791 791 870
792 980 301
793 319 503
794 678 661
795 131 647
796 756 147
797 752 792
798 552 315
799 833 41
800 570 210
801 550 937
802 0 825
803 237 533
804 484 801
805 281 735
806 126 383
807 261 867
808 765 621
809 340 504
810 483 824
811 904 551
812 380 261
813 450 572
814 581 121
815 737 364
816 504 708
817 162 788
818 379 894
819 415 846
820 11 831
821 357 10
822 794 896
823 168 803
824 981 897
825 740 619
826 192 525
827 307 810
828 193 59
829 348 6
830 896 319
831 718 704
832 635 865
833 44 81
834 677 455
835 365 89
836 993 748
837 21 769
838 264 253
839 794 836
840 158 537
841 299 507
842 837 673
843 625 578
844 726 948
845 225 753
846 529 813
847 57 217
848 493 88
849 977 476
850 926 415
851 370 421
852 960 959
853 56 666
854 568 361
855 418 120
856 830 947
857 799 823
858 447 171
859 136 12
860 510 332
861 864 465
862 510 511
863 37 62
864 610 786
865 739 627
866 155 680
867 710 998
868 443 869
869 243 357
870 736 125
871 323 814
872 526 532
873 20 222
874 54 930
875 124 270
876 76 619
877 43 801
878 872 318
879 938 393
880 518 361
881 114 189
882 398 156
883 666 975
884 976 884
885 362 501
886 799 452
887 791 71
888 778 700
889 745 362
890 691 851
891 870 506
892 957 214
893 547 416
894 645 140
895 41 367
896 747 223
897 884 821
898 686 750
899 520 508
900 86 411
901 196 752
902 790 247
903 100 49
904 116 857
905 754 899
906 387 843
907 653 877
908 682 525
909 156 967
910 861 886
911 628 139
912 829 776
913 829 177
914 48 367
915 553 756
916 308 857
917 525 768
918 739 419
919 534 906
920 74 407
921 829 489
922 174 812
923 756 539
924 783 958
925 651 110
926 551 459
927 980 868
928 295 427
929 729 915
930 518 915
931 46 872
932 172 627
933 130 202
934 677 872
935 374 795
936 181 760
937 751 788
938 83 664
939 459 649
940 792 917
941 813 502
942 746 768
943 377 708
944 676 582
945 367 690
946 124 298
947 280 13
948 209 128
949 794 714
950 636 512
951 901 875
952 970 319
953 301 452
954 146 305
955 45 362
956 239 811
957 423 798
958 477 717
959 102 815
960 504 648
961 524 158
962 902 424
963 538 337
964 951 766
965 296 959
966 647 246
967 395 299
968 970 492
969 260 138
970 394 642
971 795 836
972 657 44
973 263 655
974 776 212
975 436 346
976 309 29
977 982 977
978 879 198
979 99 1000
980 927 947
981 419 592
982 742 981
983 138 226
984 714 685
985 410 503
986 858 581
987 988 225
988 576 24
989 114 728
990 673 162
991 660 459
992 624 134
993 520 801
994 86 528
995 245 156
996 671 77
997 944 270
998 951 622
999 412 813
1000 732 304
1001 532 201
PICKUP_AND_DELIVERY_SECTION
1 0 0 0 0 0 0
2 0 0 0 0 4.49631 1.50369
3 0 0 0 0 0.0518135 0.948187
4 0 0 0 0 9.43538 0.564617
5 0 0 0 0 5.30792 1.69208
6 0 0 0 0 0.289898 5.7101
7 0 0 0 0 1.3369 0.663102
8 0 0 0 0 3.44828 4.55172
9 0 0 0 0 6.97431 0.0256881
10 0 0 0 0 1.7939 1.2061
11 0 0 0 0 1.31647 3.68353
12 0 0 0 0 0.27619 0.72381
13 0 0 0 0 3.51901 0.480987
14 0 0 0 0 8.23893 1.76107
15 0 0 0 0 1.76147 2.23853
16 0 0 0 0 6.02582 3.97418
17 0 0 0 0 0.256506 2.74349
18 0 0 0 0 5.83881 0.161194
19 0 0 0 0 3.77358 0.226415
20 0 0 0 0 0.804416 2.19558
21 0 0 0 0 8.56338 1.43662
22 0 0 0 0 6.95054 1.04946
23 0 0 0 0 2.55446 3.44554
24 0 0 0 0 3.91289 3.08711
25 0 0 0 0 2.37453 4.62547
26 0 0 0 0 3.38832 0.611684
27 0 0 0 0 0.168889 0.831111
28 0 0 0 0 1.80707 3.19293
29 0 0 0 0 2.37649 0.623509
30 0 0 0 0 2.55058 3.44942
31 0 0 0 0 7.6866 0.313402
32 0 0 0 0 1.30612 3.69388
33 0 0 0 0 5.76146 3.23854
34 0 0 0 0 3.61246 2.38754
35 0 0 0 0 0.554859 8.44514
36 0 0 0 0 0.668675 8.33133
37 0 0 0 0 1.33754 2.66246
38 0 0 0 0 0.084724 0.915276
39 0 0 0 0 5.31343 3.68657
40 0 0 0 0 0.970149 9.02985
41 0 0 0 0 2 0
42 0 0 0 0 2.19737 1.80263
43 0 0 0 0 0.808057 0.191943
44 0 0 0 0 2.58182 7.41818
45 0 0 0 0 0.938484 0.0615165
46 0 0 0 0 1.61739 8.38261
47 0 0 0 0 1.44114 0.558856
48 0 0 0 0 9.39641 0.603589
49 0 0 0 0 0.648696 0.351304
50 0 0 0 0 0 4
51 0 0 0 0 3.04348 1.95652
52 0 0 0 0 3.63147 1.36853
53 0 0 0 0 0.0961924 5.90381
54 0 0 0 0 0.982677 5.01732
55 0 0 0 0 5.29146 3.70854
56 0 0 0 0 3.21785 0.782147
57 0 0 0 0 0.88835 3.11165
58 0 0 0 0 1.98146 7.01854
59 0 0 0 0 1.74947 1.25053
60 0 0 0 0 0.843106 6.15689
61 0 0 0 0 1.87578 4.12422
62 0 0 0 0 1.0897 6.9103
63 0 0 0 0 2.85354 2.14646
64 0 0 0 0 2.25603 6.74397
65 0 0 0 0 1.43652 1.56348
66 0 0 0 0 3.1326 5.8674
67 0 0 0 0 0.939787 0.0602125
68 0 0 0 0 0.188063 0.811937
69 0 0 0 0 2.94562 2.05438
70 0 0 0 0 1.89057 5.10943
71 0 0 0 0 5.85437 0.145631
72 0 0 0 0 0.671329 5.32867
73 0 0 0 0 1.17647 7.82353
74 0 0 0 0 0.683973 2.31603
75 0 0 0 0 5.98361 2.01639
76 0 0 0 0 2.14377 2.85623
77 0 0 0 0 8.49346 0.506545
78 0 0 0 0 2.07889 7.92111
79 0 0 0 0 4.5225 4.4775
80 0 0 0 0 4.86376 0.13624
81 0 0 0 0 6.19912 2.80088
82 0 0 0 0 0.46589 4.53411
83 0 0 0 0 2.12891 7.87109
84 0 0 0 0 0.866834 0.133166
85 0 0 0 0 0.409877 1.59012
86 0 0 0 0 5.15211 3.84789
87 0 0 0 0 2.2069 0.793103
88 0 0 0 0 6.90855 1.09145
89 0 0 0 0 1.16047 0.839532
90 0 0 0 0 1.89011 4.10989
91 0 0 0 0 0.650183 0.349817
92 0 0 0 0 1.98541 1.01459
93 0 0 0 0 0.789116 0.210884
94 0 0 0 0 4.35737 3.64263
95 0 0 0 0 4.05651 3.94349
96 0 0 0 0 3.59281 2.40719
97 0 0 0 0 5.32443 3.67557
98 0 0 0 0 2.79688 2.20312
99 0 0 0 0 4.88978 0.11022
100 0 0 0 0 0.361997 8.638
101 0 0 0 0 0.272727 0.727273
102 0 0 0 0 2.61474 6.38526
103 0 0 0 0 0.245658 5.75434
104 0 0 0 0 0.307531 2.69247
105 0 0 0 0 2.4351 1.5649
106 0 0 0 0 4.8615 4.1385
107 0 0 0 0 5.38347 1.61653
108 0 0 0 0 0.974359 0.025641
109 0 0 0 0 4.64516 4.35484
110 0 0 0 0 0.494297 5.5057
111 0 0 0 0 7.09977 2.90023
112 0 0 0 0 0.00892857 1.99107
113 0 0 0 0 0.971464 2.02854
114 0 0 0 0 8.87019 0.129808
115 0 0 0 0 1.2707 4.7293
116 0 0 0 0 3.12217 0.877828
117 0 0 0 0 1.95949 7.04051
118 0 0 0 0 9.40458 0.59542
119 0 0 0 0 2.05914 0.94086
120 0 0 0 0 5.17423 1.82577
121 0 0 0 0 5.45178 0.548223
122 0 0 0 0 2.91448 3.08552
123 0 0 0 0 0.690608 3.30939
124 0 0 0 0 4.15133 0.848671
125 0 0 0 0 0.608753 8.39125
126 0 0 0 0 0.923077 1.07692
127 0 0 0 0 1.48256 0.517435
128 0 0 0 0 2.69083 1.30917
129 0 0 0 0 2.02417 2.97583
130 0 0 0 0 0.677419 5.32258
131 0 0 0 0 0.14486 0.85514
132 0 0 0 0 4.42436 0.575636
133 0 0 0 0 2.74961 1.25039
134 0 0 0 0 0.909408 2.09059
135 0 0 0 0 0.726817 3.27318
136 0 0 0 0 2.49889 6.50111
137 0 0 0 0 3.14152 0.858476
138 0 0 0 0 2.03155 0.968454
139 0 0 0 0 0.416185 4.58382
140 0 0 0 0 3.11295 6.88705
141 0 0 0 0 0.00341297 1.99659
142 0 0 0 0 3.14694 1.85306
143 0 0 0 0 3.44766 4.55234
144 0 0 0 0 5.05263 2.94737
145 0 0 0 0 5.44053 4.55947
146 0 0 0 0 5.2408 1.7592
147 0 0 0 0 1.76687 1.23313
148 0 0 0 0 1.33699 4.66301
149 0 0 0 0 8.92469 0.0753138
150 0 0 0 0 1.94106 3.05894
151 0 0 0 0 1.06884 0.931164
152 0 0 0 0 7.65873 2.34127
153 0 0 0 0 1.86765 2.13235
154 0 0 0 0 0.309859 8.69014
155 0 0 0 0 0.0248139 1.97519
156 0 0 0 0 1.58134 4.41866
157 0 0 0 0 0.30137 0.69863
158 0 0 0 0 2.54152 3.45848
159 0 0 0 0 0.949622 0.0503778
160 0 0 0 0 0.817152 0.182848
161 0 0 0 0 1.55211 5.44789
162 0 0 0 0 8.67542 1.32458
163 0 0 0 0 3.80789 3.19211
164 0 0 0 0 0.851163 2.14884
165 0 0 0 0 1.39498 4.60502
166 0 0 0 0 1.63265 2.36735
167 0 0 0 0 2.668 1.332
168 0 0 0 0 1.84488 1.15512
169 0 0 0 0 3.21998 1.78002
170 0 0 0 0 2.43709 1.56291
171 0 0 0 0 0.532609 1.46739
172 0 0 0 0 0.243408 4.75659
173 0 0 0 0 0.341549 0.658451
174 0 0 0 0 8.12684 1.87316
175 0 0 0 0 0.640193 6.35981
176 0 0 0 0 0.0282132 2.97179
177 0 0 0 0 2.01064 4.98936
178 0 0 0 0 8.79934 1.20066
179 0 0 0 0 3.06561 6.93439
180 0 0 0 0 1.5355 0.464501
181 0 0 0 0 0.472385 2.52761
182 0 0 0 0 8.97638 1.02362
183 0 0 0 0 1.87639 4.12361
184 0 0 0 0 0.249675 2.75033
185 0 0 0 0 0.682604 0.317396
186 0 0 0 0 2.3046 1.6954
187 0 0 0 0 1.1079 1.8921
188 0 0 0 0 8.327 1.673
189 0 0 0 0 2.05769 7.94231
190 0 0 0 0 1.52903 2.47097
191 0 0 0 0 5.1875 2.8125
192 0 0 0 0 0.125 4.875
193 0 0 0 0 0.386724 1.61328
194 0 0 0 0 5.16735 2.83265
195 0 0 0 0 0.684211 1.31579
196 0 0 0 0 3.08511 1.91489
197 0 0 0 0 0.625 7.375
198 0 0 0 0 3.37333 3.62667
199 0 0 0 0 8.59425 1.40575
200 0 0 0 0 0.0375648 0.962435
201 0 0 0 0 3.09259 1.90741
202 0 0 0 0 0.608229 3.39177
203 0 0 0 0 2.53274 4.46726
204 0 0 0 0 5.96839 2.03161
205 0 0 0 0 0.22093 6.77907
206 0 0 0 0 6.21395 1.78605
207 0 0 0 0 0.979502 2.0205
208 0 0 0 0 1.55978 0.440217
209 0 0 0 0 1.46994 7.53006
210 0 0 0 0 4.2 2.8
211 0 0 0 0 3.68774 1.31226
212 0 0 0 0 1.23952 1.76048
213 0 0 0 0 1.50761 1.49239
214 0 0 0 0 1.98068 8.01932
215 0 0 0 0 6.67049 1.32951
216 0 0 0 0 3.2839 1.7161
217 0 0 0 0 3.24239 1.75761
218 0 0 0 0 0.15331 2.84669
219 0 0 0 0 1.21829 5.78171
220 0 0 0 0 0.0762712 8.92373
221 0 0 0 0 3.46154 1.53846
222 0 0 0 0 0.424635 1.57536
223 0 0 0 0 0.931193 6.06881
224 0 0 0 0 2.67606 0.323944
225 0 0 0 0 1.819 4.181
226 0 0 0 0 0.808234 0.191766
227 0 0 0 0 0.108565 5.89144
228 0 0 0 0 1.07724 1.92276
229 0 0 0 0 0.463158 0.536842
230 0 0 0 0 2.67882 5.32118
231 0 0 0 0 4.05172 0.948276
232 0 0 0 0 0.746951 0.253049
233 0 0 0 0 5.75148 3.24852
234 0 0 0 0 1.62293 0.377067
235 0 0 0 0 8.92045 0.0795455
236 0 0 0 0 1.75779 1.24221
237 0 0 0 0 9.72046 0.279543
238 0 0 0 0 2.42985 0.570153
239 0 0 0 0 2.43516 5.56484
240 0 0 0 0 3.90508 2.09492
241 0 0 0 0 3.06429 0.935714
242 0 0 0 0 6.55556 2.44444
243 0 0 0 0 1.94062 7.05938
244 0 0 0 0 1.57113 1.42887
245 0 0 0 0 7.54839 2.45161
246 0 0 0 0 6.62566 3.37434
247 0 0 0 0 0.135283 0.864717
248 0 0 0 0 1.07002 2.92998
249 0 0 0 0 0.170984 0.829016
250 0 0 0 0 2.45161 2.54839
251 0 0 0 0 0.217751 1.78225
252 0 0 0 0 1.22682 3.77318
253 0 0 0 0 9.01247 0.987526
254 0 0 0 0 0.0354191 5.96458
255 0 0 0 0 2.17647 1.82353
256 0 0 0 0 0.00953895 2.99046
257 0 0 0 0 2.31298 3.68702
258 0 0 0 0 0.708061 9.29194
259 0 0 0 0 0.416768 6.58323
260 0 0 0 0 0.266219 1.73378
261 0 0 0 0 7.06738 0.93262
262 0 0 0 0 0.00416667 0.995833
263 0 0 0 0 0.225049 4.77495
264 0 0 0 0 0.253615 1.74638
265 0 0 0 0 3.7577 1.2423
266 0 0 0 0 0.258278 8.74172
267 0 0 0 0 1.49833 5.50167
268 0 0 0 0 1.98198 0.018018
269 0 0 0 0 3.5291 0.470899
270 0 0 0 0 0.199176 0.800824
271 0 0 0 0 0.985392 6.01461
272 0 0 0 0 5.9815 4.0185
273 0 0 0 0 2.68884 5.31116
274 0 0 0 0 2.2606 3.7394
275 0 0 0 0 8.05405 1.94595
276 0 0 0 0 1.95359 2.04641
277 0 0 0 0 4.39039 1.60961
278 0 0 0 0 0.533849 5.46615
279 0 0 0 0 0.625714 0.374286
280 0 0 0 0 2.00562 4.99438
281 0 0 0 0 2.35332 4.64668
282 0 0 0 0 1.56423 0.435766
283 0 0 0 0 5.29485 2.70515
284 0 0 0 0 0.481416 1.51858
285 0 0 0 0 2.8169 2.1831
286 0 0 0 0 0.657748 9.34225
287 0 0 0 0 0.816431 0.183569
288 0 0 0 0 2.99336 0.00663717
289 0 0 0 0 0.601293 8.39871
290 0 0 0 0 1.9695 1.0305
291 0 0 0 0 0.460751 4.53925
292 0 0 0 0 2.11111 0.888889
293 0 0 0 0 1.40656 7.59344
294 0 0 0 0 1.95385 1.04615
295 0 0 0 0 1.15591 1.84409
296 0 0 0 0 0.358039 1.64196
297 0 0 0 0 5.01918 2.98082
298 0 0 0 0 2.05024 2.94976
299 0 0 0 0 6.30931 3.69069
300 0 0 0 0 3.393 4.607
301 0 0 0 0 8.60972 0.390276
302 0 0 0 0 4.96547 2.03453
303 0 0 0 0 1.76204 2.23796
304 0 0 0 0 0.931871 2.06813
305 0 0 0 0 6.23404 1.76596
306 0 0 0 0 2.8866 5.1134
307 0 0 0 0 1.31488 6.68512
308 0 0 0 0 8 0
309 0 0 0 0 2.52582 0.474178
310 0 0 0 0 0.335684 1.66432
311 0 0 0 0 1.63243 8.36757
312 0 0 0 0 0.138889 1.86111
313 0 0 0 0 6.36364 3.63636
314 0 0 0 0 0.45 2.55
315 0 0 0 0 2.97635 0.0236486
316 0 0 0 0 0.28934 2.71066
317 0 0 0 0 2.684 0.316
318 0 0 0 0 0.30543 8.69457
319 0 0 0 0 0.190141 2.80986
320 0 0 0 0 0.584665 0.415335
321 0 0 0 0 7.71596 2.28404
322 0 0 0 0 1.83175 0.16825
323 0 0 0 0 5.28144 3.71856
324 0 0 0 0 5.81568 3.18432
325 0 0 0 0 0.272059 6.72794
326 0 0 0 0 7.74545 0.254545
327 0 0 0 0 1.7454 1.2546
328 0 0 0 0 3.26263 3.73737
329 0 0 0 0 2.71186 3.28814
330 0 0 0 0 0.064143 0.935857
331 0 0 0 0 4 4
332 0 0 0 0 2.17136 0.828645
333 0 0 0 0 3.63462 3.36538
334 0 0 0 0 3.84915 3.15085
335 0 0 0 0 0.648148 1.35185
336 0 0 0 0 2.97859 0.0214067
337 0 0 0 0 6.12969 3.87031
338 0 0 0 0 0.669704 6.3303
339 0 0 0 0 4.79716 5.20284
340 0 0 0 0 2.41102 7.58898
341 0 0 0 0 0.531178 1.46882
342 0 0 0 0 2.98701 1.01299
343 0 0 0 0 1.2 2.8
344 0 0 0 0 6.18856 0.811437
345 0 0 0 0 4.93473 0.0652742
346 0 0 0 0 7.00578 0.99422
347 0 0 0 0 3.77018 3.22982
348 0 0 0 0 7.92661 1.07339
349 0 0 0 0 2.57848 1.42152
350 0 0 0 0 5.68345 4.31655
351 0 0 0 0 4.56965 0.430351
352 0 0 0 0 4.34524 0.654762
353 0 0 0 0 1.58065 5.41935
354 0 0 0 0 2.6115 4.3885
355 0 0 0 0 6.10793 0.892068
356 0 0 0 0 2.16279 1.83721
357 0 0 0 0 0.699837 2.30016
358 0 0 0 0 0.467797 0.532203
359 0 0 0 0 4.97796 4.02204
360 0 0 0 0 4.75519 1.24481
361 0 0 0 0 4.92823 0.0717703
362 0 0 0 0 3.57225 2.42775
363 0 0 0 0 7.90857 0.0914286
364 0 0 0 0 1.11475 0.885246
365 0 0 0 0 0.545455 9.45455
366 0 0 0 0 0.127907 4.87209
367 0 0 0 0 7 0
368 0 0 0 0 3.77958 3.22042
369 0 0 0 0 0.236186 0.763814
370 0 0 0 0 0.938346 0.0616541
371 0 0 0 0 3.4029 3.5971
372 0 0 0 0 0.0146163 0.985384
373 0 0 0 0 3.53268 1.46732
374 0 0 0 0 4 4
375 0 0 0 0 2.77278 3.22722
376 0 0 0 0 6.96629 3.03371
377 0 0 0 0 1.63636 7.36364
378 0 0 0 0 3.30841 4.69159
379 0 0 0 0 2.00552 6.99448
380 0 0 0 0 0.759494 4.24051
381 0 0 0 0 0.56701 0.43299
382 0 0 0 0 2.29778 5.70222
383 0 0 0 0 5.74016 3.25984
384 0 0 0 0 1.51732 0.482682
385 0 0 0 0 0.477379 5.52262
386 0 0 0 0 8 0
387 0 0 0 0 2.57746 6.42254
388 0 0 0 0 4.71056 5.28944
389 0 0 0 0 6.7129 1.2871
390 0 0 0 0 4.89706 4.10294
391 0 0 0 0 0.0743034 5.9257
392 0 0 0 0 4.76566 2.23434
393 0 0 0 0 0.071161 0.928839
394 0 0 0 0 0.88648 0.11352
395 0 0 0 0 0.766701 1.2333
396 0 0 0 0 3.28866 2.71134
397 0 0 0 0 2.08571 6.91429
398 0 0 0 0 1.38153 6.61847
399 0 0 0 0 0.0320427 1.96796
400 0 0 0 0 1.06952 2.93048
401 0 0 0 0 2.11778 4.88222
402 0 0 0 0 1.16667 0.833333
403 0 0 0 0 3.75972 3.24028
404 0 0 0 0 2.22222 1.77778
405 0 0 0 0 2.20057 0.799427
406 0 0 0 0 8.12556 0.874439
407 0 0 0 0 0.53719 0.46281
408 0 0 0 0 5.74003 2.25997
409 0 0 0 0 7.93715 0.0628507
410 0 0 0 0 1.92691 2.07309
411 0 0 0 0 1.32651 6.67349
412 0 0 0 0 1.61538 1.38462
413 0 0 0 0 1.67279 3.32721
414 0 0 0 0 3.24949 3.75051
415 0 0 0 0 7.24816 2.75184
416 0 0 0 0 0.820809 0.179191
417 0 0 0 0 0.976744 2.02326
418 0 0 0 0 2.14154 3.85846
419 0 0 0 0 1.57845 3.42155
420 0 0 0 0 0.265284 8.73472
421 0 0 0 0 1.15546 2.84454
422 0 0 0 0 5.86456 0.13544
423 0 0 0 0 2.12649 4.87351
424 0 0 0 0 1.31874 5.68126
425 0 0 0 0 0.670352 0.329648
426 0 0 0 0 2.7592 4.2408
427 0 0 0 0 5.3522 0.647799
428 0 0 0 0 2.4809 5.5191
429 0 0 0 0 3.91081 1.08919
430 0 0 0 0 8.05755 1.94245
431 0 0 0 0 0.670412 0.329588
432 0 0 0 0 0.325959 0.674041
433 0 0 0 0 2.24967 2.75033
434 0 0 0 0 7.71263 1.28737
435 0 0 0 0 6.59218 3.40782
436 0 0 0 0 1.19391 1.80609
437 0 0 0 0 0.638783 7.36122
438 0 0 0 0 0.39916 0.60084
439 0 0 0 0 0.37518 0.62482
440 0 0 0 0 5.36383 4.63617
441 0 0 0 0 0.403888 0.596112
442 0 0 0 0 0.305648 3.69435
443 0 0 0 0 0.553661 2.44634
444 0 0 0 0 1.16858 3.83142
445 0 0 0 0 4.55465 2.44535
446 0 0 0 0 1.78995 2.21005
447 0 0 0 0 0.734043 2.26596
448 0 0 0 0 6.22222 1.77778
449 0 0 0 0 4.57282 1.42718
450 0 0 0 0 3.39836 6.60164
451 0 0 0 0 1.34039 0.659612
452 0 0 0 0 2.54252 2.45748
453 0 0 0 0 0.702952 2.29705
454 0 0 0 0 6.17886 1.82114
455 0 0 0 0 3.56962 2.43038
456 0 0 0 0 1.34981 3.65019
457 0 0 0 0 0.672251 1.32775
458 0 0 0 0 2.53147 0.468531
459 0 0 0 0 0.222488 0.777512
460 0 0 0 0 0.374065 0.625935
461 0 0 0 0 0.153846 0.846154
462 0 0 0 0 0.453104 6.5469
463 0 0 0 0 0.414815 7.58519
464 0 0 0 0 2.83256 4.16744
465 0 0 0 0 0.877743 1.12226
466 0 0 0 0 2.325 0.675
467 0 0 0 0 1.6541 2.3459
468 0 0 0 0 1.03918 8.96082
469 0 0 0 0 0.187773 0.812227
470 0 0 0 0 0.974832 0.0251678
471 0 0 0 0 1.02349 1.97651
472 0 0 0 0 1.50232 1.49768
473 0 0 0 0 0.648352 1.35165
474 0 0 0 0 0.793478 0.206522
475 0 0 0 0 0.824503 2.1755
476 0 0 0 0 0.400471 4.59953
477 0 0 0 0 8.50909 0.490909
478 0 0 0 0 1.03532 1.96468
479 0 0 0 0 1.91657 8.08343
480 0 0 0 0 2.66465 0.335347
481 0 0 0 0 0.272727 0.727273
482 0 0 0 0 0.60423 1.39577
483 0 0 0 0 5.55961 4.44039
484 0 0 0 0 0.724551 0.275449
485 0 0 0 0 3.76324 2.23676
486 0 0 0 0 9.17808 0.821918
487 0 0 0 0 1.19588 6.80412
488 0 0 0 0 4.28642 3.71358
489 0 0 0 0 1.08108 8.91892
490 0 0 0 0 3.39286 6.60714
491 0 0 0 0 2.55452 3.44548
492 0 0 0 0 5.43144 2.56856
493 0 0 0 0 5.37115 1.62885
494 0 0 0 0 0.407992 3.59201
495 0 0 0 0 2.68687 4.31313
496 0 0 0 0 2.47588 4.52412
497 0 0 0 0 2.95197 1.04803
498 0 0 0 0 0.697413 4.30259
499 0 0 0 0 2.29108 5.70892
500 0 0 0 0 3.27626 3.72374
501 0 0 0 0 1.77902 2.22098
502 0 0 0 0 2.52071 1.47929
503 0 0 0 0 1.71429 6.28571
504 0 0 0 0 4.30296 0.697036
505 0 0 0 0 7.0174 0.9826
506 0 0 0 0 3.72563 0.274368
507 0 0 0 0 0.353825 6.64617
508 0 0 0 0 4.07387 0.92613
509 0 0 0 0 0.353261 2.64674
510 0 0 0 0 2.41506 6.58494
511 0 0 0 0 0.4 6.6
512 0 0 0 0 1.81377 0.186235
513 0 0 0 0 2.3702 1.6298
514 0 0 0 0 0.102564 0.897436
515 0 0 0 0 5.85978 2.14022
516 0 0 0 0 8.27239 0.727612
517 0 0 0 0 4.10053 0.899471
518 0 0 0 0 3.14887 3.85113
519 0 0 0 0 4.20619 1.79381
520 0 0 0 0 0.378827 2.62117
521 0 0 0 0 0.66879 0.33121
522 0 0 0 0 6.57582 2.42418
523 0 0 0 0 7.333 1.667
524 0 0 0 0 0.493724 1.50628
525 0 0 0 0 4.39272 1.60728
526 0 0 0 0 3.9866 3.0134
527 0 0 0 0 0.239278 1.76072
528 0 0 0 0 1.69827 0.301733
529 0 0 0 0 3.34713 3.65287
530 0 0 0 0 0.344227 3.65577
531 0 0 0 0 1.1116 0.888398
532 0 0 0 0 2.1365 6.8635
533 0 0 0 0 8.09639 0.903614
534 0 0 0 0 3.46276 1.53724
535 0 0 0 0 0.753425 2.24658
536 0 0 0 0 1.63698 2.36302
537 0 0 0 0 1.57866 5.42134
538 0 0 0 0 3.25386 0.746137
539 0 0 0 0 2.77197 1.22803
540 0 0 0 0 0.947705 7.05229
541 0 0 0 0 9.25121 0.748792
542 0 0 0 0 7.76208 1.23792
543 0 0 0 0 3.56034 3.43966
544 0 0 0 0 1.30994 2.69006
545 0 0 0 0 1.62594 0.374065
546 0 0 0 0 4.59424 3.40576
547 0 0 0 0 1.22574 4.77426
548 0 0 0 0 0.462921 1.53708
549 0 0 0 0 0.317919 0.682081
550 0 0 0 0 4.90044 0.0995575
551 0 0 0 0 2.59755 2.40245
552 0 0 0 0 7.90977 2.09023
553 0 0 0 0 0.515625 2.48438
554 0 0 0 0 0.925781 8.07422
555 0 0 0 0 4.62366 5.37634
556 0 0 0 0 3.43236 1.56764
557 0 0 0 0 4.85526 4.14474
558 0 0 0 0 7.32041 2.67959
559 0 0 0 0 5.51111 2.48889
560 0 0 0 0 1.2514 6.7486
561 0 0 0 0 5.18182 3.81818
562 0 0 0 0 0.410742 0.589258
563 0 0 0 0 4.51163 0.488372
564 0 0 0 0 2.23059 3.76941
565 0 0 0 0 3.76014 3.23986
566 0 0 0 0 7.79916 1.20084
567 0 0 0 0 8.54867 1.45133
568 0 0 0 0 0.931684 6.06832
569 0 0 0 0 1.81498 2.18502
570 0 0 0 0 3.35065 6.64935
571 0 0 0 0 2.08612 0.913876
572 0 0 0 0 4.2655 2.7345
573 0 0 0 0 0.684039 0.315961
574 0 0 0 0 1.4429 5.5571
575 0 0 0 0 0.526024 4.47398
576 0 0 0 0 5.08571 0.914286
577 0 0 0 0 0.854467 0.145533
578 0 0 0 0 2.72689 0.273109
579 0 0 0 0 0.2607 0.7393
580 0 0 0 0 2.91318 0.0868167
581 0 0 0 0 5.38038 0.619621
582 0 0 0 0 3.13043 5.86957
583 0 0 0 0 2.15929 5.84071
584 0 0 0 0 1.8128 3.1872
585 0 0 0 0 1.16024 0.839757
586 0 0 0 0 0.260714 0.739286
587 0 0 0 0 2.42089 4.57911
588 0 0 0 0 0.484536 0.515464
589 0 0 0 0 4.0871 2.9129
590 0 0 0 0 6.15 2.85
591 0 0 0 0 4.67016 3.32984
592 0 0 0 0 2.98485 0.0151515
593 0 0 0 0 0.563272 4.43673
594 0 0 0 0 1.51089 5.48911
595 0 0 0 0 1.88192 4.11808
596 0 0 0 0 0.205036 2.79496
597 0 0 0 0 0.818182 8.18182
598 0 0 0 0 0.171569 0.828431
599 0 0 0 0 1.8236 1.1764
600 0 0 0 0 2.00126 0.998744
601 0 0 0 0 4.25592 1.74408
602 0 0 0 0 2.63374 0.36626
603 0 0 0 0 1.43073 2.56927
604 0 0 0 0 3.01471 1.98529
605 0 0 0 0 2.05082 6.94918
606 0 0 0 0 3.04724 5.95276
607 0 0 0 0 0.231548 3.76845
608 0 0 0 0 3.84842 2.15158
609 0 0 0 0 3.42132 4.57868
610 0 0 0 0 2.21337 4.78663
611 0 0 0 0 1.58959 2.41041
612 0 0 0 0 2.80589 1.19411
613 0 0 0 0 0.78654 0.21346
614 0 0 0 0 1.53103 2.46897
615 0 0 0 0 9.78903 0.21097
616 0 0 0 0 0.445755 5.55425
617 0 0 0 0 1.41914 3.58086
618 0 0 0 0 2.72407 3.27593
619 0 0 0 0 6.11534 3.88466
620 0 0 0 0 1.02619 0.97381
621 0 0 0 0 0.00826446 1.99174
622 0 0 0 0 7.12121 2.87879
623 0 0 0 0 3.00709 3.99291
624 0 0 0 0 2.83333 2.16667
625 0 0 0 0 0.642424 1.35758
626 0 0 0 0 0.328014 0.671986
627 0 0 0 0 0.254625 2.74538
628 0 0 0 0 0.207065 1.79294
629 0 0 0 0 0.178771 7.82123
630 0 0 0 0 5.3886 2.6114
631 0 0 0 0 0.690987 6.30901
632 0 0 0 0 5.36611 3.63389
633 0 0 0 0 9.39203 0.607966
634 0 0 0 0 0.804545 2.19545
635 0 0 0 0 2.80381 2.19619
636 0 0 0 0 4.60905 0.390947
637 0 0 0 0 1.16915 3.83085
638 0 0 0 0 6.30319 3.69681
639 0 0 0 0 4.66824 3.33176
640 0 0 0 0 0.382979 2.61702
641 0 0 0 0 2.66667 7.33333
642 0 0 0 0 0.493289 8.50671
643 0 0 0 0 2.16781 0.832192
644 0 0 0 0 5.75881 3.24119
645 0 0 0 0 5.28105 2.71895
646 0 0 0 0 2.84141 2.15859
647 0 0 0 0 2.5 2.5
648 0 0 0 0 0.535385 1.46462
649 0 0 0 0 2.99519 4.00481
650 0 0 0 0 0.0160428 2.98396
651 0 0 0 0 5.26283 2.73717
652 0 0 0 0 0.115779 0.884221
653 0 0 0 0 2.90794 3.09206
654 0 0 0 0 5.62393 1.37607
655 0 0 0 0 6.32175 1.67825
656 0 0 0 0 0.343529 1.65647
657 0 0 0 0 6.13139 1.86861
658 0 0 0 0 0.158463 3.84154
659 0 0 0 0 6.99205 0.00795455
660 0 0 0 0 1.34717 4.65283
661 0 0 0 0 2.82184 1.17816
662 0 0 0 0 2.33175 0.668246
663 0 0 0 0 6.99282 0.00717949
664 0 0 0 0 0.0172786 3.98272
665 0 0 0 0 1.9736 0.0264026
666 0 0 0 0 1.28 0.72
667 0 0 0 0 2.94271 2.05729
668 0 0 0 0 7.85272 1.14728
669 0 0 0 0 3.44144 6.55856
670 0 0 0 0 3.93871 1.06129
671 0 0 0 0 0.8875 1.1125
672 0 0 0 0 1.16312 1.83688
673 0 0 0 0 1.18118 1.81882
674 0 0 0 0 1.95513 8.04487
675 0 0 0 0 0.408627 7.59137
676 0 0 0 0 1.53318 8.46682
677 0 0 0 0 1.31013 7.68987
678 0 0 0 0 0.0593407 8.94066
679 0 0 0 0 1.64706 5.35294
680 0 0 0 0 1.73974 7.26026
681 0 0 0 0 4.6918 1.3082
682 0 0 0 0 0.601124 1.39888
683 0 0 0 0 0.882647 0.117353
684 0 0 0 0 8.76344 1.23656
685 0 0 0 0 3.2702 6.7298
686 0 0 0 0 2.03226 3.96774
687 0 0 0 0 4.1625 1.8375
688 0 0 0 0 1.78462 0.215385
689 0 0 0 0 3.31636 4.68364
690 0 0 0 0 5.93506 0.0649351
691 0 0 0 0 4.96845 0.0315457
692 0 0 0 0 5.31839 2.68161
693 0 0 0 0 6.83788 3.16212
694 0 0 0 0 0.162162 2.83784
695 0 0 0 0 2.76632 2.23368
696 0 0 0 0 0.924324 3.07568
697 0 0 0 0 4.8534 4.1466
698 0 0 0 0 5.93846 2.06154
699 0 0 0 0 3.90211 0.0978865
700 0 0 0 0 6.69643 3.30357
701 0 0 0 0 5.34836 0.651639
702 0 0 0 0 2.82391 6.17609
703 0 0 0 0 6.09823 3.90177
704 0 0 0 0 0.0461095 3.95389
705 0 0 0 0 1.9375 2.0625
706 0 0 0 0 0.992883 0.00711744
707 0 0 0 0 1.78793 5.21207
708 0 0 0 0 0.772177 0.227823
709 0 0 0 0 0.21322 4.78678
710 0 0 0 0 2.42754 7.57246
711 0 0 0 0 7.14844 2.85156
712 0 0 0 0 0.505946 5.49405
713 0 0 0 0 4.08133 3.91867
714 0 0 0 0 2.52294 2.47706
715 0 0 0 0 0.330561 5.66944
716 0 0 0 0 0.883162 2.11684
717 0 0 0 0 1.0101 4.9899
718 0 0 0 0 0.890164 2.10984
719 0 0 0 0 3.18829 1.81171
720 0 0 0 0 1.15496 1.84504
721 0 0 0 0 4.73297 4.26703
722 0 0 0 0 6.52185 1.47815
723 0 0 0 0 5.63768 1.36232
724 0 0 0 0 0.904891 0.0951087
725 0 0 0 0 2.22857 3.77143
726 0 0 0 0 0.138705 2.86129
727 0 0 0 0 4.58282 1.41718
728 0 0 0 0 0.778626 7.22137
729 0 0 0 0 2.13534 5.86466
730 0 0 0 0 2.03584 0.964162
731 0 0 0 0 4.03248 5.96752
732 0 0 0 0 0.224138 0.775862
733 0 0 0 0 2.83175 1.16825
734 0 0 0 0 2.04686 6.95314
735 0 0 0 0 2.72615 2.27385
736 0 0 0 0 3.76068 1.23932
737 0 0 0 0 7.28318 1.71682
738 0 0 0 0 0.850575 0.149425
739 0 0 0 0 2.37261 7.62739
740 0 0 0 0 0.924706 2.07529
741 0 0 0 0 2.14925 5.85075
742 0 0 0 0 0.724382 2.27562
743 0 0 0 0 5.62199 1.37801
744 0 0 0 0 0.97216 0.0278396
745 0 0 0 0 0.998596 8.0014
746 0 0 0 0 0.124661 1.87534
747 0 0 0 0 1.13962 1.86038
748 0 0 0 0 0.503546 2.49645
749 0 0 0 0 4.79804 0.201958
750 0 0 0 0 1.58945 0.41055
751 0 0 0 0 1.59173 6.40827
752 0 0 0 0 0.023622 0.976378
753 0 0 0 0 0.410156 6.58984
754 0 0 0 0 7.81765 1.18235
755 0 0 0 0 0.316294 1.68371
756 0 0 0 0 4.04536 1.95464
757 0 0 0 0 3.44273 1.55727
758 0 0 0 0 2.3673 6.6327
759 0 0 0 0 1.5 1.5
760 0 0 0 0 1.09989 1.90011
761 0 0 0 0 0.85614 3.14386
762 0 0 0 0 2.9816 3.0184
763 0 0 0 0 0.703911 2.29609
764 0 0 0 0 2.54316 1.45684
765 0 0 0 0 2.14927 4.85073
766 0 0 0 0 0.824701 8.1753
767 0 0 0 0 2.51695 0.483051
768 0 0 0 0 2.13089 0.86911
769 0 0 0 0 4.97343 0.0265675
770 0 0 0 0 0.384703 0.615297
771 0 0 0 0 0.375 4.625
772 0 0 0 0 1.40283 8.59717
773 0 0 0 0 7.92755 0.072445
774 0 0 0 0 2.92015 1.07985
775 0 0 0 0 1.09756 2.90244
776 0 0 0 0 1.64728 0.35272
777 0 0 0 0 0.494289 6.50571
778 0 0 0 0 1.64785 0.352151
779 0 0 0 0 0.244681 0.755319
780 0 0 0 0 1.21266 0.787342
781 0 0 0 0 8.80851 0.191489
782 0 0 0 0 1.95573 7.04427
783 0 0 0 0 1.99725 8.00275
784 0 0 0 0 4.1343 1.8657
785 0 0 0 0 5.13173 4.86827
786 0 0 0 0 0.329412 0.670588
787 0 0 0 0 4.03106 4.96894
788 0 0 0 0 5.71818 2.28182
789 0 0 0 0 7.63636 0.363636
790 0 0 0 0 2.86493 1.13507
791 0 0 0 0 0.181609 1.81839
792 0 0 0 0 5.54286 2.45714
793 0 0 0 0 1.82903 3.17097
794 0 0 0 0 0.20059 7.79941
795 0 0 0 0 0.797527 0.202473
796 0 0 0 0 3.22222 0.777778
797 0 0 0 0 0.252525 4.74747
798 0 0 0 0 1.71739 2.28261
799 0 0 0 0 5.70468 0.295318
800 0 0 0 0 4.42105 2.57895
801 0 0 0 0 3.71718 5.28282
802 0 0 0 0 2 0
803 0 0 0 0 0.555347 0.444653
804 0 0 0 0 1.97878 3.02122
805 0 0 0 0 5.55918 3.44082
806 0 0 0 0 5.36815 2.63185
807 0 0 0 0 2.79585 1.20415
808 0 0 0 0 0.941176 4.05882
809 0 0 0 0 2.60317 5.39683
810 0 0 0 0 2.48301 3.51699
811 0 0 0 0 3.51438 5.48562
812 0 0 0 0 0.939474 2.06053
813 0 0 0 0 2.13287 7.86713
814 0 0 0 0 7.12565 1.87435
815 0 0 0 0 2.53053 2.46947
816 0 0 0 0 1.44068 3.55932
817 0 0 0 0 2.38325 0.616751
818 0 0 0 0 1.72819 1.27181
819 0 0 0 0 4.07565 3.92435
820 0 0 0 0 8.88087 0.119134
821 0 0 0 0 6.80392 0.196078
822 0 0 0 0 0.683036 5.31696
823 0 0 0 0 5.53549 1.46451
824 0 0 0 0 0.856269 9.14373
825 0 0 0 0 1.14459 5.85541
826 0 0 0 0 6.34286 3.65714
827 0 0 0 0 2.48395 1.51605
828 0 0 0 0 1.3886 0.611399
829 0 0 0 0 0.982759 0.0172414
830 0 0 0 0 6.43973 3.56027
831 0 0 0 0 0.175487 8.82451
832 0 0 0 0 0.797688 2.20231
833 0 0 0 0 2.74074 3.25926
834 0 0 0 0 0.983752 2.01625
835 0 0 0 0 6.80548 2.19452
836 0 0 0 0 2.46727 7.53273
837 0 0 0 0 0.972692 0.0273082
838 0 0 0 0 0.0416667 0.958333
839 0 0 0 0 0.0502392 0.949761
840 0 0 0 0 7.05773 2.94227
841 0 0 0 0 3.28205 4.71795
842 0 0 0 0 0.979689 4.02031
843 0 0 0 0 0.5264 6.4736
844 0 0 0 0 1.87342 6.12658
845 0 0 0 0 5.60956 2.39044
846 0 0 0 0 2.79459 5.20541
847 0 0 0 0 5.16129 1.83871
848 0 0 0 0 4.10751 0.892495
849 0 0 0 0 2.05118 1.94882
850 0 0 0 0 2.75918 2.24082
851 0 0 0 0 0.847981 6.15202
852 0 0 0 0 0.00104167 0.998958
853 0 0 0 0 1.83183 0.168168
854 0 0 0 0 3.27993 5.72007
855 0 0 0 0 7.12919 2.87081
856 0 0 0 0 0.864836 6.13516
857 0 0 0 0 0.17497 5.82503
858 0 0 0 0 0.61745 0.38255
859 0 0 0 0 0.911765 0.0882353
860 0 0 0 0 0.34902 0.65098
861 0 0 0 0 2.30903 2.69097
862 0 0 0 0 0.00587084 2.99413
863 0 0 0 0 2.01613 2.98387
864 0 0 0 0 2.23919 7.76081
865 0 0 0 0 0.606225 3.39378
866 0 0 0 0 3.86029 1.13971
867 0 0 0 0 1.73146 4.26854
868 0 0 0 0 3.92175 4.07825
869 0 0 0 0 1.91597 4.08403
870 0 0 0 0 5.81114 1.18886
871 0 0 0 0 5.42875 3.57125
872 0 0 0 0 0.0338346 2.96617
873 0 0 0 0 2.72973 0.27027
874 0 0 0 0 8.47742 0.522581
875 0 0 0 0 1.08148 0.918519
876 0 0 0 0 0.877221 0.122779
877 0 0 0 0 5.6779 0.322097
878 0 0 0 0 6.35321 3.64679
879 0 0 0 0 5.81023 4.18977
880 0 0 0 0 1.51544 3.48456
881 0 0 0 0 3.1746 4.8254
882 0 0 0 0 5.47236 3.52764
883 0 0 0 0 1.58462 3.41538
884 0 0 0 0 0.848361 8.15164
885 0 0 0 0 1.94212 5.05788
886 0 0 0 0 3.47434 4.52566
887 0 0 0 0 5.46144 0.538559
888 0 0 0 0 0.601542 5.39846
889 0 0 0 0 5.14094 4.85906
890 0 0 0 0 0.376028 1.62397
891 0 0 0 0 4.18391 5.81609
892 0 0 0 0 3.10554 0.894462
893 0 0 0 0 2.39488 7.60512
894 0 0 0 0 5.48062 1.51938
895 0 0 0 0 8.88283 1.11717
896 0 0 0 0 3.50736 1.49264
897 0 0 0 0 0.641403 8.3586
898 0 0 0 0 0.682667 7.31733
899 0 0 0 0 0.0461538 1.95385
900 0 0 0 0 2.37226 0.627737
901 0 0 0 0 3.69681 1.30319
902 0 0 0 0 2.06203 0.937975
903 0 0 0 0 1.02 0.98
904 0 0 0 0 2.59393 0.406068
905 0 0 0 0 0.322581 1.67742
906 0 0 0 0 3.78648 3.21352
907 0 0 0 0 1.5325 4.4675
908 0 0 0 0 1.15103 3.84897
909 0 0 0 0 4.19338 0.806618
910 0 0 0 0 0.0564334 1.94357
911 0 0 0 0 6.2293 1.7707
912 0 0 0 0 0.191797 2.8082
913 0 0 0 0 2.35947 0.640531
914 0 0 0 0 3.47684 0.523161
915 0 0 0 0 0.268519 0.731481
916 0 0 0 0 1.92182 1.07818
917 0 0 0 0 0.316406 0.683594
918 0 0 0 0 3.46414 4.53586
919 0 0 0 0 4.10596 5.89404
920 0 0 0 0 4.90909 1.09091
921 0 0 0 0 2.05066 2.94934
922 0 0 0 0 2.35714 0.642857
923 0 0 0 0 0.574074 1.42593
924 0 0 0 0 0.730689 3.26931
925 0 0 0 0 4.98618 1.01382
926 0 0 0 0 1.33575 6.66425
927 0 0 0 0 0.8 6.2
928 0 0 0 0 1.8548 4.1452
929 0 0 0 0 1.42295 5.57705
930 0 0 0 0 1.30164 1.69836
931 0 0 0 0 5.68349 0.316514
932 0 0 0 0 4.35407 1.64593
933 0 0 0 0 3.56436 6.43564
934 0 0 0 0 0.670872 2.32913
935 0 0 0 0 2.6478 2.3522
936 0 0 0 0 6.09474 1.90526
937 0 0 0 0 0.422589 8.57741
938 0 0 0 0 0.875 0.125
939 0 0 0 0 1.46379 3.53621
940 0 0 0 0 0.272628 1.72737
941 0 0 0 0 2.67774 4.32226
942 0 0 0 0 0.229167 7.77083
943 0 0 0 0 2.33757 2.66243
944 0 0 0 0 0.695266 4.30473
945 0 0 0 0 1.87246 2.12754
946 0 0 0 0 0.583893 0.416107
947 0 0 0 0 4.76786 0.232143
948 0 0 0 0 3.10048 4.89952
949 0 0 0 0 0.806045 7.19395
950 0 0 0 0 1.16981 4.83019
951 0 0 0 0 0.144284 4.85572
952 0 0 0 0 3.35567 1.64433
953 0 0 0 0 2.3385 4.6615
954 0 0 0 0 2.60656 2.39344
955 0 0 0 0 3.50276 0.497238
956 0 0 0 0 2.82121 1.17879
957 0 0 0 0 2.81955 3.18045
958 0 0 0 0 3.34728 6.65272
959 0 0 0 0 8.74847 1.25153
960 0 0 0 0 0.444444 1.55556
961 0 0 0 0 4.19084 1.80916
962 0 0 0 0 5.29933 4.70067
963 0 0 0 0 2.61524 4.38476
964 0 0 0 0 0.194532 0.805468
965 0 0 0 0 2.07404 0.925965
966 0 0 0 0 1.23957 0.760433
967 0 0 0 0 0.243038 0.756962
968 0 0 0 0 2.46392 2.53608
969 0 0 0 0 0.938462 1.06154
970 0 0 0 0 0.386293 0.613707
971 0 0 0 0 0.490431 9.50957
972 0 0 0 0 4.66514 0.334855
973 0 0 0 0 1.79542 1.20458
974 0 0 0 0 2.90722 1.09278
975 0 0 0 0 1.03211 3.96789
976 0 0 0 0 0.906149 0.0938511
977 0 0 0 0 0.0458248 8.95418
978 0 0 0 0 7.74744 2.25256
979 0 0 0 0 4.505 0.495
980 0 0 0 0 0.126716 5.87328
981 0 0 0 0 2.33784 5.66216
982 0 0 0 0 1.46177 4.53823
983 0 0 0 0 2.33628 3.66372
984 0 0 0 0 0.406162 9.59384
985 0 0 0 0 0.554672 2.44533
986 0 0 0 0 2.58275 5.41725
987 0 0 0 0 5.40587 1.59413
988 0 0 0 0 5.75 0.25
989 0 0 0 0 0.843407 0.156593
990 0 0 0 0 0.759287 0.240713
991 0 0 0 0 0.913636 2.08636
992 0 0 0 0 7.06731 1.93269
993 0 0 0 0 0.701623 1.29838
994 0 0 0 0 6.69697 1.30303
995 0 0 0 0 1.45306 2.54694
996 0 0 0 0 8.85246 1.14754
997 0 0 0 0 3.56992 1.43008
998 0 0 0 0 2.42166 4.57834
999 0 0 0 0 2.46617 2.53383
1000 0 0 0 0 1.1694 0.830601
1001 0 0 0 0 4.35526 2.64474
