NAME : X-n181-k23
COMMENT : "Generated by Uchoa, Pecin, Pessoa, Poggi, Subramanian, and Vidal (2013)"
TYPE : CVRP
DIMENSION : 181
EDGE_WEIGHT_TYPE : EUC_2D
CAPACITY : 8
NODE_COORD_SECTION
1 894 510
2 463 887
3 704 177
4 424 368
5 420 800
6 492 610
7 607 749
8 455 819
9 343 457
10 387 275
11 466 653
12 607 348
13 428 546
14 764 848
15 403 298
16 315 738
17 457 902
18 597 584
19 219 552
20 526 359
21 414 340
22 398 401
23 579 780
24 518 563
25 531 597
26 501 827
27 687 200
28 670 234
29 488 981
30 673 222
31 359 256
32 537 675
33 788 95
34 433 820
35 397 770
36 444 799
37 367 288
38 253 774
39 570 853
40 379 843
41 388 736
42 565 785
43 608 193
44 430 657
45 775 142
46 721 600
47 434 876
48 683 311
49 592 740
50 500 315
51 428 915
52 710 258
53 709 272
54 426 803
55 409 639
56 535 572
57 502 916
58 528 728
59 351 371
60 657 782
61 493 265
62 751 112
63 469 594
64 720 165
65 463 624
66 751 96
67 496 833
68 565 459
69 471 361
70 448 969
71 361 559
72 529 582
73 515 809
74 497 434
75 429 879
76 483 715
77 264 574
78 793 916
79 448 386
80 325 199
81 327 370
82 484 861
83 432 873
84 412 853
85 641 155
86 712 163
87 456 612
88 301 921
89 480 400
90 700 165
91 690 213
92 478 811
93 665 56
94 430 368
95 414 943
96 709 235
97 296 297
98 380 773
99 459 423
100 498 910
101 464 939
102 677 704
103 420 381
104 398 872
105 554 512
106 486 614
107 584 809
108 429 336
109 461 529
110 470 360
111 494 769
112 407 661
113 687 711
114 454 745
115 593 471
116 537 648
117 666 111
118 452 797
119 430 742
120 481 958
121 636 741
122 405 576
123 666 234
124 603 683
125 473 466
126 378 867
127 611 739
128 342 688
129 446 280
130 585 888
131 496 418
132 711 27
133 791 198
134 660 828
135 414 839
136 504 592
137 665 921
138 448 320
139 550 637
140 637 758
141 743 166
142 504 869
143 708 432
144 664 343
145 499 493
146 878 706
147 396 920
148 275 924
149 727 669
150 728 203
151 367 739
152 444 808
153 755 303
154 445 864
155 561 848
156 597 660
157 386 700
158 652 240
159 344 301
160 209 369
161 571 812
162 454 353
163 497 781
164 697 220
165 296 787
166 517 506
167 409 893
168 339 886
169 518 788
170 719 99
171 607 654
172 218 312
173 533 847
174 523 938
175 598 705
176 481 772
177 461 431
178 375 722
179 460 681
180 524 610
181 771 752
PICKUP_AND_DELIVERY_SECTION
1 0 0 0 0 0 0
2 0 0 0 0 0.478016 0.521984
3 0 0 0 0 0.74858 0.25142
4 0 0 0 0 0.132075 0.867925
5 0 0 0 0 0.475 0.525
6 0 0 0 0 0.193443 0.806557
7 0 0 0 0 0.189586 0.810414
8 0 0 0 0 0.444444 0.555556
9 0 0 0 0 0.249453 0.750547
10 0 0 0 0 0.289406 0.710594
11 0 0 0 0 0.286371 0.713629
12 0 0 0 0 0.426689 0.573311
13 0 0 0 0 0.216117 0.783883
14 0 0 0 0 0.0990566 0.900943
15 0 0 0 0 0.260546 0.739454
16 0 0 0 0 0.573171 0.426829
17 0 0 0 0 0.493348 0.506652
18 0 0 0 0 0.0217755 0.978224
19 0 0 0 0 0.603261 0.396739
20 0 0 0 0 0.31749 0.68251
21 0 0 0 0 0.178744 0.821256
22 0 0 0 0 0.0074813 0.992519
23 0 0 0 0 0.257692 0.742308
24 0 0 0 0 0.079929 0.920071
25 0 0 0 0 0.110553 0.889447
26 0 0 0 0 0.394196 0.605804
27 0 0 0 0 0.708879 0.291121
28 0 0 0 0 0.650746 0.349254
29 0 0 0 0 0.502548 0.497452
30 0 0 0 0 0.670134 0.329866
31 0 0 0 0 0.286908 0.713092
32 0 0 0 0 0.204444 0.795556
33 0 0 0 0 0.879442 0.120558
34 0 0 0 0 0.471951 0.528049
35 0 0 0 0 0.484416 0.515584
36 0 0 0 0 0.444305 0.555695
37 0 0 0 0 0.215259 0.784741
38 0 0 0 0 0.673127 0.326873
39 0 0 0 0 0.33177 0.66823
40 0 0 0 0 0.550415 0.449585
41 0 0 0 0 0.472826 0.527174
42 0 0 0 0 0.280255 0.719745
43 0 0 0 0 0.682566 0.317434
44 0 0 0 0 0.34551 0.65449
45 0 0 0 0 0.816774 0.183226
46 0 0 0 0 0.167822 0.832178
47 0 0 0 0 0.504566 0.495434
48 0 0 0 0 0.544656 0.455344
49 0 0 0 0 0.2 0.8
50 0 0 0 0 0.37 0.63
51 0 0 0 0 0.53224 0.46776
52 0 0 0 0 0.63662 0.36338
53 0 0 0 0 0.616361 0.383639
54 0 0 0 0 0.469489 0.530511
55 0 0 0 0 0.359937 0.640063
56 0 0 0 0 0.0646853 0.935315
57 0 0 0 0 0.451965 0.548035
58 0 0 0 0 0.274725 0.725275
59 0 0 0 0 0.0539084 0.946092
60 0 0 0 0 0.159847 0.840153
61 0 0 0 0 0.462475 0.537525
62 0 0 0 0 0.850866 0.149134
63 0 0 0 0 0.210438 0.789562
64 0 0 0 0 0.770833 0.229167
65 0 0 0 0 0.258013 0.741987
66 0 0 0 0 0.87217 0.12783
67 0 0 0 0 0.404562 0.595438
68 0 0 0 0 0.187611 0.812389
69 0 0 0 0 0.233546 0.766454
70 0 0 0 0 0.537668 0.462332
71 0 0 0 0 0.354204 0.645796
72 0 0 0 0 0.0910653 0.908935
73 0 0 0 0 0.363412 0.636588
74 0 0 0 0 0.126761 0.873239
75 0 0 0 0 0.511945 0.488055
76 0 0 0 0 0.324476 0.675524
77 0 0 0 0 0.54007 0.45993
78 0 0 0 0 0.134279 0.865721
79 0 0 0 0 0.138393 0.861607
80 0 0 0 0 0.387692 0.612308
81 0 0 0 0 0.116216 0.883784
82 0 0 0 0 0.437863 0.562137
83 0 0 0 0 0.505155 0.494845
84 0 0 0 0 0.516999 0.483001
85 0 0 0 0 0.75819 0.24181
86 0 0 0 0 0.771067 0.228933
87 0 0 0 0 0.254902 0.745098
88 0 0 0 0 0.673181 0.326819
89 0 0 0 0 0.166667 0.833333
90 0 0 0 0 0.764286 0.235714
91 0 0 0 0 0.691304 0.308696
92 0 0 0 0 0.410604 0.589396
93 0 0 0 0 0.915789 0.0842105
94 0 0 0 0 0.144186 0.855814
95 0 0 0 0 0.560976 0.439024
96 0 0 0 0 0.668547 0.331453
97 0 0 0 0 0.003367 0.996633
98 0 0 0 0 0.508409 0.491591
99 0 0 0 0 0.0784314 0.921569
100 0 0 0 0 0.452747 0.547253
101 0 0 0 0 0.505857 0.494143
102 0 0 0 0 0.0383523 0.961648
103 0 0 0 0 0.0928571 0.907143
104 0 0 0 0 0.543578 0.456422
105 0 0 0 0 0.0758123 0.924188
106 0 0 0 0 0.208469 0.791531
107 0 0 0 0 0.278121 0.721879
108 0 0 0 0 0.216783 0.783217
109 0 0 0 0 0.128544 0.871456
110 0 0 0 0 0.234043 0.765957
111 0 0 0 0 0.357607 0.642393
112 0 0 0 0 0.384266 0.615734
113 0 0 0 0 0.0337553 0.966245
114 0 0 0 0 0.390604 0.609396
115 0 0 0 0 0.205734 0.794266
116 0 0 0 0 0.171296 0.828704
117 0 0 0 0 0.833333 0.166667
118 0 0 0 0 0.432873 0.567127
119 0 0 0 0 0.420485 0.579515
120 0 0 0 0 0.497912 0.502088
121 0 0 0 0 0.1417 0.8583
122 0 0 0 0 0.296875 0.703125
123 0 0 0 0 0.648649 0.351351
124 0 0 0 0 0.11713 0.88287
125 0 0 0 0 0.0147992 0.985201
126 0 0 0 0 0.564014 0.435986
127 0 0 0 0 0.173207 0.826793
128 0 0 0 0 0.502907 0.497093
129 0 0 0 0 0.372197 0.627803
130 0 0 0 0 0.341216 0.658784
131 0 0 0 0 0.157258 0.842742
132 0 0 0 0 0.962025 0.0379747
133 0 0 0 0 0.749684 0.250316
134 0 0 0 0 0.202899 0.797101
135 0 0 0 0 0.506555 0.493445
136 0 0 0 0 0.148649 0.851351
137 0 0 0 0 0.277959 0.722041
138 0 0 0 0 0.285714 0.714286
139 0 0 0 0 0.136578 0.863422
140 0 0 0 0 0.159631 0.840369
141 0 0 0 0 0.776581 0.223419
142 0 0 0 0 0.420023 0.579977
143 0 0 0 0 0.389831 0.610169
144 0 0 0 0 0.483434 0.516566
145 0 0 0 0 0.012024 0.987976
146 0 0 0 0 0.1959 0.8041
147 0 0 0 0 0.569565 0.430435
148 0 0 0 0 0.702381 0.297619
149 0 0 0 0 0.0797799 0.92022
150 0 0 0 0 0.721154 0.278846
151 0 0 0 0 0.503383 0.496617
152 0 0 0 0 0.450495 0.549505
153 0 0 0 0 0.598675 0.401325
154 0 0 0 0 0.484954 0.515046
155 0 0 0 0 0.338443 0.661557
156 0 0 0 0 0.0954545 0.904545
157 0 0 0 0 0.448571 0.551429
158 0 0 0 0 0.631902 0.368098
159 0 0 0 0 0.125 0.875
160 0 0 0 0 0.433604 0.566396
161 0 0 0 0 0.296798 0.703202
162 0 0 0 0 0.222467 0.777533
163 0 0 0 0 0.363636 0.636364
164 0 0 0 0 0.684362 0.315638
165 0 0 0 0 0.623888 0.376112
166 0 0 0 0 0.0212766 0.978723
167 0 0 0 0 0.541993 0.458007
168 0 0 0 0 0.617381 0.382619
169 0 0 0 0 0.34264 0.65736
170 0 0 0 0 0.862309 0.137691
171 0 0 0 0 0.0718654 0.928135
172 0 0 0 0 0.301282 0.698718
173 0 0 0 0 0.37072 0.62928
174 0 0 0 0 0.442431 0.557569
175 0 0 0 0 0.151773 0.848227
176 0 0 0 0 0.376943 0.623057
177 0 0 0 0 0.0650759 0.934924
178 0 0 0 0 0.480609 0.519391
179 0 0 0 0 0.324523 0.675477
180 0 0 0 0 0.140984 0.859016
181 0 0 0 0 0.0246433 0.975357
