NAME : X-n115-k10
COMMENT : "Generated by Uchoa, Pecin, Pessoa, Poggi, Subramanian, and Vidal (2013)"
TYPE : CVRP
DIMENSION : 115
EDGE_WEIGHT_TYPE : EUC_2D
CAPACITY : 169
NODE_COORD_SECTION
1 500 500
2 865 693
3 633 220
4 173 361
5 89 714
6 350 102
7 301 24
8 834 663
9 841 997
10 394 790
11 276 488
12 779 312
13 939 66
14 595 462
15 940 964
16 459 459
17 432 280
18 379 338
19 128 439
20 401 22
21 69 887
22 499 657
23 633 46
24 713 182
25 806 525
26 540 169
27 696 559
28 577 888
29 298 725
30 410 644
31 512 889
32 756 352
33 405 407
34 850 365
35 731 588
36 90 553
37 691 383
38 926 631
39 955 351
40 998 736
41 921 854
42 532 257
43 238 513
44 976 912
45 565 912
46 893 74
47 590 548
48 99 355
49 294 39
50 58 429
51 471 573
52 520 109
53 486 611
54 409 682
55 296 843
56 970 479
57 717 390
58 152 711
59 934 255
60 257 539
61 270 31
62 823 409
63 203 849
64 770 627
65 630 581
66 786 186
67 380 300
68 973 847
69 985 975
70 732 465
71 690 428
72 910 568
73 725 539
74 181 186
75 814 694
76 702 927
77 946 492
78 984 305
79 385 696
80 48 323
81 944 440
82 813 293
83 490 676
84 729 923
85 719 883
86 675 637
87 167 14
88 98 159
89 476 709
90 402 339
91 911 734
92 590 230
93 122 698
94 154 418
95 165 998
96 217 599
97 766 21
98 922 407
99 831 607
100 70 494
101 220 740
102 19 855
103 759 507
104 818 409
105 503 304
106 595 827
107 254 282
108 205 607
109 331 57
110 118 404
111 576 658
112 558 611
113 629 732
114 893 182
115 435 1000
PICKUP_AND_DELIVERY_SECTION
1 0 0 0 0 0 0
2 0 0 0 0 17.1006 68.8994
3 0 0 0 0 63.94 34.06
4 0 0 0 0 46.349 42.651
5 0 0 0 0 79.6569 11.3431
6 0 0 0 0 52.4343 21.5657
7 0 0 0 0 80.0631 6.93688
8 0 0 0 0 13.3273 51.6727
9 0 0 0 0 9.7011 52.2989
10 0 0 0 0 30.0759 29.9241
11 0 0 0 0 43.0082 55.9918
12 0 0 0 0 57.5507 38.4493
13 0 0 0 0 73.4473 5.55272
14 0 0 0 0 1.34118 4.65882
15 0 0 0 0 0.248963 9.75104
16 0 0 0 0 0 3
17 0 0 0 0 2.81481 5.18519
18 0 0 0 0 0.865435 7.13456
19 0 0 0 0 7.08428 2.91572
20 0 0 0 0 0.945137 0.0548628
21 0 0 0 0 8.29989 0.700113
22 0 0 0 0 1.44292 4.55708
23 0 0 0 0 3.70932 0.290679
24 0 0 0 0 3.7237 1.2763
25 0 0 0 0 2.09181 3.90819
26 0 0 0 0 2.06111 0.938889
27 0 0 0 0 1.77155 7.22845
28 0 0 0 0 2.45158 4.54842
29 0 0 0 0 4.12276 2.87724
30 0 0 0 0 1.81677 3.18323
31 0 0 0 0 0.848144 1.15186
32 0 0 0 0 2.13757 1.86243
33 0 0 0 0 0.039312 7.96069
34 0 0 0 0 4.56471 3.43529
35 0 0 0 0 0.195622 0.804378
36 0 0 0 0 3.34901 0.650995
37 0 0 0 0 2.22865 2.77135
38 0 0 0 0 2.23002 4.76998
39 0 0 0 0 5.05969 2.94031
40 0 0 0 0 2.36273 6.63727
41 0 0 0 0 0.072747 0.927253
42 0 0 0 0 4.13534 3.86466
43 0 0 0 0 1.07212 0.927875
44 0 0 0 0 0.131148 1.86885
45 0 0 0 0 3.42434 5.57566
46 0 0 0 0 6.41993 0.580067
47 0 0 0 0 0.569492 7.43051
48 0 0 0 0 0.721127 0.278873
49 0 0 0 0 0.867347 0.132653
50 0 0 0 0 7.78322 1.21678
51 0 0 0 0 1.42408 6.57592
52 0 0 0 0 3.16154 0.838462
53 0 0 0 0 1.43208 5.56792
54 0 0 0 0 0.800587 1.19941
55 0 0 0 0 0.648873 0.351127
56 0 0 0 0 1.51856 1.48144
57 0 0 0 0 3.19247 3.80753
58 0 0 0 0 7.86217 2.13783
59 0 0 0 0 1.45396 0.546039
60 0 0 0 0 1.56957 1.43043
61 0 0 0 0 0.885185 0.114815
62 0 0 0 0 1.00608 0.993925
63 0 0 0 0 7.60895 2.39105
64 0 0 0 0 0.185714 0.814286
65 0 0 0 0 0.311111 3.68889
66 0 0 0 0 2.29008 0.709924
67 0 0 0 0 1.05263 3.94737
68 0 0 0 0 0.776978 5.22302
69 0 0 0 0 0.0304569 2.96954
70 0 0 0 0 0.364754 0.635246
71 0 0 0 0 3.41739 5.58261
72 0 0 0 0 1.12747 1.87253
73 0 0 0 0 1.02621 2.97379
74 0 0 0 0 0.0268817 0.973118
75 0 0 0 0 0.589681 3.41032
76 0 0 0 0 1.21359 3.78641
77 0 0 0 0 0.479915 0.520085
78 0 0 0 0 1.38008 0.619919
79 0 0 0 0 2.2342 2.7658
80 0 0 0 0 8.51393 1.48607
81 0 0 0 0 3.20339 2.79661
82 0 0 0 0 0.639606 0.360394
83 0 0 0 0 1.65089 4.34911
84 0 0 0 0 1.89166 7.10834
85 0 0 0 0 0.557191 2.44281
86 0 0 0 0 0.281481 4.71852
87 0 0 0 0 5.49701 0.502994
88 0 0 0 0 2.30189 3.69811
89 0 0 0 0 3.28632 6.71368
90 0 0 0 0 0.313433 1.68657
91 0 0 0 0 0.388584 1.61142
92 0 0 0 0 3.05085 1.94915
93 0 0 0 0 8.25215 1.74785
94 0 0 0 0 6.31579 3.68421
95 0 0 0 0 4.17335 0.826653
96 0 0 0 0 3.18865 1.81135
97 0 0 0 0 7.78068 0.219321
98 0 0 0 0 2.79284 2.20716
99 0 0 0 0 1.34777 3.65223
100 0 0 0 0 6.8664 1.1336
101 0 0 0 0 3.51351 1.48649
102 0 0 0 0 7.82222 0.177778
103 0 0 0 0 1.99209 4.00791
104 0 0 0 0 4 4
105 0 0 0 0 1.97813 3.02187
106 0 0 0 0 1.12213 2.87787
107 0 0 0 0 0.992908 9.00709
108 0 0 0 0 5.96046 3.03954
109 0 0 0 0 4.13897 0.861027
110 0 0 0 0 3.5396 1.4604
111 0 0 0 0 0.6231 4.3769
112 0 0 0 0 0.260229 2.73977
113 0 0 0 0 1.12568 6.87432
114 0 0 0 0 5.57335 1.42665
115 0 0 0 0 3.39 2.61
