NAME : X-n153-k22
COMMENT : "Generated by Uchoa, Pecin, Pessoa, Poggi, Subramanian, and Vidal (2013)"
TYPE : CVRP
DIMENSION : 153
EDGE_WEIGHT_TYPE : EUC_2D
CAPACITY : 144
NODE_COORD_SECTION
1 500 500
2 238 446
3 749 750
4 960 879
5 955 866
6 202 336
7 720 788
8 695 743
9 739 603
10 217 419
11 922 870
12 703 733
13 843 856
14 233 682
15 259 459
16 226 305
17 732 722
18 747 858
19 949 784
20 904 891
21 880 795
22 591 661
23 984 926
24 246 438
25 183 501
26 546 966
27 742 771
28 110 698
29 193 441
30 215 388
31 232 516
32 907 954
33 133 526
34 750 680
35 397 553
36 103 488
37 663 731
38 784 686
39 754 821
40 280 456
41 236 424
42 287 454
43 598 728
44 996 821
45 853 710
46 744 473
47 887 907
48 286 422
49 857 633
50 272 484
51 934 625
52 939 892
53 810 732
54 631 723
55 822 694
56 769 768
57 977 840
58 639 736
59 727 765
60 950 896
61 206 433
62 207 535
63 164 586
64 754 691
65 662 768
66 348 308
67 254 455
68 130 482
69 764 726
70 713 758
71 965 934
72 693 734
73 890 801
74 808 675
75 393 484
76 727 808
77 955 756
78 854 640
79 249 552
80 188 479
81 187 506
82 901 767
83 664 770
84 558 530
85 714 742
86 979 683
87 200 416
88 294 391
89 344 471
90 240 449
91 735 633
92 944 952
93 157 421
94 768 750
95 813 936
96 534 720
97 986 914
98 963 798
99 905 579
100 175 397
101 972 940
102 184 561
103 357 399
104 859 770
105 661 762
106 298 469
107 14 438
108 275 561
109 856 919
110 219 453
111 272 465
112 294 296
113 754 775
114 229 467
115 946 778
116 711 803
117 858 879
118 665 347
119 981 802
120 924 973
121 267 545
122 760 764
123 942 894
124 219 465
125 665 756
126 92 212
127 920 940
128 937 814
129 804 654
130 281 489
131 669 647
132 308 309
133 998 876
134 900 910
135 753 900
136 873 706
137 209 467
138 991 966
139 766 729
140 341 458
141 897 957
142 224 368
143 818 679
144 707 703
145 280 450
146 252 462
147 717 683
148 458 236
149 989 489
150 278 356
151 144 446
152 991 818
153 831 812
PICKUP_AND_DELIVERY_SECTION
1 0 0 0 0 0 0
2 0 0 0 0 42.9058 49.0942
3 0 0 0 0 0.12 89.88
4 0 0 0 0 5.48437 59.5156
5 0 0 0 0 7.4555 72.5445
6 0 0 0 0 27.5179 41.4821
7 0 0 0 0 5.52284 58.4772
8 0 0 0 0 4.71602 68.284
9 0 0 0 0 17.6671 78.3329
10 0 0 0 0 35.6754 38.3246
11 0 0 0 0 4.56833 76.4317
12 0 0 0 0 2.74216 64.2578
13 0 0 0 0 0.880841 57.1192
14 0 0 0 0 52.0103 26.9897
15 0 0 0 0 37.037 47.963
16 0 0 0 0 14.7639 42.2361
17 0 0 0 0 1.22951 88.7705
18 0 0 0 0 10.8671 73.1329
19 0 0 0 0 14.6048 69.3952
20 0 0 0 0 1.32301 90.677
21 0 0 0 0 8.40341 78.5966
22 0 0 0 0 10.0605 84.9395
23 0 0 0 0 3.89024 62.1098
24 0 0 0 0 37.6986 48.3014
25 0 0 0 0 57.1257 32.8743
26 0 0 0 0 40.8696 53.1304
27 0 0 0 0 3.15953 80.8405
28 0 0 0 0 82.5559 15.4441
29 0 0 0 0 36.5533 28.4467
30 0 0 0 0 30.3196 37.6804
31 0 0 0 0 40.1783 32.8217
32 0 0 0 0 2.51258 48.4874
33 0 0 0 0 4.48289 1.51711
34 0 0 0 0 0.653333 6.34667
35 0 0 0 0 1.69259 4.30741
36 0 0 0 0 2.3668 0.633197
37 0 0 0 0 0.186047 1.81395
38 0 0 0 0 0.375 2.625
39 0 0 0 0 0.571255 6.42875
40 0 0 0 0 0.77193 1.22807
41 0 0 0 0 3.99057 5.00943
42 0 0 0 0 0.367841 0.632159
43 0 0 0 0 1.07143 4.92857
44 0 0 0 0 0.702811 3.29719
45 0 0 0 0 1.34115 6.65885
46 0 0 0 0 0.728495 1.27151
47 0 0 0 0 0.176406 7.82359
48 0 0 0 0 1.61137 3.38863
49 0 0 0 0 2.35239 6.64761
50 0 0 0 0 0.876033 1.12397
51 0 0 0 0 0.330835 0.669165
52 0 0 0 0 0.15016 2.84984
53 0 0 0 0 0.866667 8.13333
54 0 0 0 0 1.01798 6.98202
55 0 0 0 0 1.40146 7.59854
56 0 0 0 0 0.00780234 5.9922
57 0 0 0 0 0.140225 0.859775
58 0 0 0 0 0.527174 3.47283
59 0 0 0 0 0.397386 7.60261
60 0 0 0 0 0.170526 2.82947
61 0 0 0 0 2.62125 2.37875
62 0 0 0 0 1.83925 1.16075
63 0 0 0 0 1.44027 0.559727
64 0 0 0 0 0.334218 3.66578
65 0 0 0 0 1.38021 8.61979
66 0 0 0 0 0.45977 3.54023
67 0 0 0 0 3.09231 3.90769
68 0 0 0 0 5.84232 2.15768
69 0 0 0 0 0.447644 8.55236
70 0 0 0 0 0.474934 7.52507
71 0 0 0 0 0.128497 3.8715
72 0 0 0 0 0.446866 7.55313
73 0 0 0 0 0.5 4.5
74 0 0 0 0 0.164604 0.835396
75 0 0 0 0 1.69215 7.30785
76 0 0 0 0 0.501238 4.49876
77 0 0 0 0 1.25026 4.74974
78 0 0 0 0 2.25527 6.74473
79 0 0 0 0 1.64674 1.35326
80 0 0 0 0 1.82255 1.17745
81 0 0 0 0 5.04348 2.95652
82 0 0 0 0 0.892342 5.10766
83 0 0 0 0 1.23896 7.76104
84 0 0 0 0 0.200717 3.79928
85 0 0 0 0 0.113208 2.88679
86 0 0 0 0 1.51175 3.48825
87 0 0 0 0 4.67308 4.32692
88 0 0 0 0 1.24041 3.75959
89 0 0 0 0 0.539278 1.46072
90 0 0 0 0 1.86192 2.13808
91 0 0 0 0 0.555102 3.4449
92 0 0 0 0 0.0672269 7.93277
93 0 0 0 0 6.27078 3.72922
94 0 0 0 0 0.09375 3.90625
95 0 0 0 0 0.657051 4.34295
96 0 0 0 0 0.516667 1.48333
97 0 0 0 0 0.219067 2.78093
98 0 0 0 0 0.17134 0.82866
99 0 0 0 0 1.08066 1.91934
100 0 0 0 0 0.559194 0.440806
101 0 0 0 0 0.329218 9.67078
102 0 0 0 0 0.672014 0.327986
103 0 0 0 0 0.736842 6.26316
104 0 0 0 0 0.518044 4.48196
105 0 0 0 0 0.132546 0.867454
106 0 0 0 0 2.55224 4.44776
107 0 0 0 0 7.74429 0.255708
108 0 0 0 0 5.09804 4.90196
109 0 0 0 0 0.616975 8.38303
110 0 0 0 0 0.516556 0.483444
111 0 0 0 0 1.66022 2.33978
112 0 0 0 0 0.0472973 6.9527
113 0 0 0 0 0.162581 5.83742
114 0 0 0 0 1.01927 0.980728
115 0 0 0 0 0.710359 3.28964
116 0 0 0 0 0.572852 4.42715
117 0 0 0 0 0.0477816 1.95222
118 0 0 0 0 0.478195 0.521805
119 0 0 0 0 0.912334 4.08767
120 0 0 0 0 0.302158 5.69784
121 0 0 0 0 1.53028 1.46972
122 0 0 0 0 0.0104712 1.98953
123 0 0 0 0 0.356688 6.64331
124 0 0 0 0 4.76129 4.23871
125 0 0 0 0 0.12037 0.87963
126 0 0 0 0 0.566038 0.433962
127 0 0 0 0 0.106383 4.89362
128 0 0 0 0 1.05016 6.94984
129 0 0 0 0 1.49254 6.50746
130 0 0 0 0 0.850716 1.14928
131 0 0 0 0 0.230194 6.76981
132 0 0 0 0 0.0161812 4.98382
133 0 0 0 0 1.1002 7.8998
134 0 0 0 0 0.0549451 4.94505
135 0 0 0 0 1.30667 6.69333
136 0 0 0 0 0.956472 4.04353
137 0 0 0 0 4.97216 4.02784
138 0 0 0 0 0.025227 0.974773
139 0 0 0 0 0.289817 5.71018
140 0 0 0 0 0.255459 0.744541
141 0 0 0 0 0.564263 8.43574
142 0 0 0 0 3.52174 5.47826
143 0 0 0 0 0.50978 2.49022
144 0 0 0 0 0.00565771 0.994342
145 0 0 0 0 3.02222 4.97778
146 0 0 0 0 0.909091 1.09091
147 0 0 0 0 0.379358 7.62064
148 0 0 0 0 3.87773 4.12227
149 0 0 0 0 5.05561 4.94439
150 0 0 0 0 1.97191 7.02809
151 0 0 0 0 0.67713 0.32287
152 0 0 0 0 0.174571 0.825429
153 0 0 0 0 0.182912 7.81709
