NAME : X-n190-k8
COMMENT : "Generated by Uchoa, Pecin, Pessoa, Poggi, Subramanian, and Vidal (2013)"
TYPE : CVRP
DIMENSION : 190
EDGE_WEIGHT_TYPE : EUC_2D
CAPACITY : 138
NODE_COORD_SECTION
1 0 0
2 425 323
3 806 514
4 853 637
5 564 311
6 871 502
7 803 526
8 822 680
9 827 577
10 834 646
11 636 403
12 699 724
13 830 479
14 486 257
15 411 384
16 881 642
17 424 422
18 807 718
19 949 612
20 362 135
21 836 662
22 791 570
23 822 508
24 794 622
25 823 464
26 803 367
27 390 502
28 868 651
29 732 456
30 356 253
31 794 481
32 356 312
33 994 676
34 817 658
35 591 333
36 776 532
37 811 509
38 298 246
39 813 517
40 793 488
41 944 655
42 901 555
43 847 594
44 696 429
45 454 303
46 369 330
47 721 539
48 874 502
49 860 564
50 381 508
51 773 575
52 671 571
53 901 482
54 852 672
55 887 576
56 805 608
57 828 575
58 434 177
59 715 450
60 827 622
61 757 746
62 977 648
63 826 595
64 439 212
65 514 184
66 836 661
67 503 227
68 499 447
69 792 564
70 791 599
71 932 582
72 904 484
73 453 362
74 636 374
75 781 639
76 723 590
77 911 613
78 834 510
79 786 449
80 772 732
81 776 461
82 749 533
83 825 882
84 401 275
85 965 597
86 760 479
87 841 501
88 901 531
89 443 318
90 771 511
91 854 615
92 821 631
93 734 539
94 705 577
95 773 573
96 646 327
97 842 630
98 806 436
99 960 576
100 350 337
101 828 580
102 876 502
103 532 332
104 518 383
105 770 509
106 251 3
107 264 445
108 817 655
109 493 395
110 777 522
111 525 263
112 793 632
113 713 403
114 810 633
115 837 649
116 757 561
117 766 750
118 411 544
119 315 293
120 362 490
121 484 275
122 754 590
123 736 784
124 911 461
125 882 671
126 845 506
127 895 582
128 453 298
129 581 300
130 472 372
131 828 569
132 296 298
133 766 642
134 461 360
135 771 657
136 727 553
137 883 400
138 853 527
139 748 466
140 447 363
141 884 716
142 953 573
143 748 499
144 818 424
145 761 559
146 754 551
147 915 521
148 802 462
149 997 502
150 411 333
151 797 466
152 873 543
153 902 534
154 981 614
155 843 695
156 796 701
157 459 378
158 681 627
159 781 616
160 726 474
161 407 302
162 782 644
163 832 667
164 575 296
165 788 619
166 430 313
167 593 548
168 945 400
169 490 287
170 772 449
171 419 448
172 499 256
173 427 245
174 720 625
175 871 555
176 701 703
177 859 496
178 925 476
179 790 585
180 811 591
181 991 637
182 902 569
183 405 298
184 861 389
185 394 306
186 942 611
187 912 528
188 876 663
189 399 126
190 850 696
PICKUP_AND_DELIVERY_SECTION
1 0 0 0 0 0 0
2 0 0 0 0 0.72 2.28
3 0 0 0 0 2.53598 4.46402
4 0 0 0 0 0.506448 1.49355
5 0 0 0 0 1.79433 2.20567
6 0 0 0 0 1.27095 1.72905
7 0 0 0 0 0.689913 1.31009
8 0 0 0 0 0.690998 3.309
9 0 0 0 0 0.302297 0.697703
10 0 0 0 0 1.35252 4.64748
11 0 0 0 0 2.19811 3.80189
12 0 0 0 0 0.310773 8.68923
13 0 0 0 0 0.845783 1.15422
14 0 0 0 0 1.88477 2.11523
15 0 0 0 0 0.0656934 0.934307
16 0 0 0 0 2.17026 5.82974
17 0 0 0 0 0.0188679 3.98113
18 0 0 0 0 0.22057 1.77943
19 0 0 0 0 1.77555 3.22445
20 0 0 0 0 2.50829 1.49171
21 0 0 0 0 1.87321 7.12679
22 0 0 0 0 2.79393 7.20607
23 0 0 0 0 3.05596 4.94404
24 0 0 0 0 0.216625 0.783375
25 0 0 0 0 3.48967 4.51033
26 0 0 0 0 2.71482 2.28518
27 0 0 0 0 1.56175 5.43825
28 0 0 0 0 2.5 7.5
29 0 0 0 0 1.13115 1.86885
30 0 0 0 0 0.867978 2.13202
31 0 0 0 0 3.54786 5.45214
32 0 0 0 0 0.123596 0.876404
33 0 0 0 0 0.959759 2.04024
34 0 0 0 0 1.75153 7.24847
35 0 0 0 0 2.61929 3.38071
36 0 0 0 0 1.57216 3.42784
37 0 0 0 0 2.60666 4.39334
38 0 0 0 0 1.39597 6.60403
39 0 0 0 0 2.1845 3.8155
40 0 0 0 0 1.92308 3.07692
41 0 0 0 0 1.22458 2.77542
42 0 0 0 0 3.84018 6.15982
43 0 0 0 0 2.38961 5.61039
44 0 0 0 0 1.9181 3.0819
45 0 0 0 0 2.32819 4.67181
46 0 0 0 0 0.528455 4.47154
47 0 0 0 0 1.51456 4.48544
48 0 0 0 0 0.851259 1.14874
49 0 0 0 0 0.344186 0.655814
50 0 0 0 0 0.75 2.25
51 0 0 0 0 1.53687 4.46313
52 0 0 0 0 0.298063 1.70194
53 0 0 0 0 1.39512 1.60488
54 0 0 0 0 0.84507 3.15493
55 0 0 0 0 0.35062 0.64938
56 0 0 0 0 1.71304 5.28696
57 0 0 0 0 0.916667 2.08333
58 0 0 0 0 2.96083 2.03917
59 0 0 0 0 3.70629 6.29371
60 0 0 0 0 1.23942 3.76058
61 0 0 0 0 0.130779 8.86922
62 0 0 0 0 0.336745 0.663255
63 0 0 0 0 2.23729 5.76271
64 0 0 0 0 3.10251 2.89749
65 0 0 0 0 1.92607 1.07393
66 0 0 0 0 0.41866 1.58134
67 0 0 0 0 4.38966 3.61034
68 0 0 0 0 0.104208 0.895792
69 0 0 0 0 1.15152 2.84848
70 0 0 0 0 0.970923 3.02908
71 0 0 0 0 3.37983 5.62017
72 0 0 0 0 2.32301 2.67699
73 0 0 0 0 0.803532 3.19647
74 0 0 0 0 1.6478 2.3522
75 0 0 0 0 0.909091 4.09091
76 0 0 0 0 0.735823 3.26418
77 0 0 0 0 2.94402 6.05598
78 0 0 0 0 2.33094 3.66906
79 0 0 0 0 0.428753 0.571247
80 0 0 0 0 0.518135 9.48187
81 0 0 0 0 4.05928 5.94072
82 0 0 0 0 2.59546 6.40454
83 0 0 0 0 0.193878 2.80612
84 0 0 0 0 0.942643 2.05736
85 0 0 0 0 3.81347 6.18653
86 0 0 0 0 3.69737 6.30263
87 0 0 0 0 3.23424 4.76576
88 0 0 0 0 1.64262 2.35738
89 0 0 0 0 1.97517 5.02483
90 0 0 0 0 2.36057 4.63943
91 0 0 0 0 1.67916 4.32084
92 0 0 0 0 1.8514 6.1486
93 0 0 0 0 1.85967 5.14033
94 0 0 0 0 1.08936 4.91064
95 0 0 0 0 1.81113 5.18887
96 0 0 0 0 0.987616 1.01238
97 0 0 0 0 0.755344 2.24466
98 0 0 0 0 4.13151 4.86849
99 0 0 0 0 3.6 5.4
100 0 0 0 0 0.371429 9.62857
101 0 0 0 0 1.19807 2.80193
102 0 0 0 0 2.1347 2.8653
103 0 0 0 0 0.37594 0.62406
104 0 0 0 0 2.08494 5.91506
105 0 0 0 0 2.03377 3.96623
106 0 0 0 0 4.94024 0.059761
107 0 0 0 0 0.406742 0.593258
108 0 0 0 0 0.991432 4.00857
109 0 0 0 0 1.39148 5.60852
110 0 0 0 0 0.328185 0.671815
111 0 0 0 0 3.49333 3.50667
112 0 0 0 0 1.21816 4.78184
113 0 0 0 0 2.6087 3.3913
114 0 0 0 0 1.74815 6.25185
115 0 0 0 0 0.898447 3.10155
116 0 0 0 0 2.07133 5.92867
117 0 0 0 0 0.18799 8.81201
118 0 0 0 0 0.733456 2.26654
119 0 0 0 0 0.0698413 0.930159
120 0 0 0 0 1.82857 5.17143
121 0 0 0 0 2.15909 2.84091
122 0 0 0 0 0.217507 0.782493
123 0 0 0 0 0.612245 9.38776
124 0 0 0 0 3.45774 3.54226
125 0 0 0 0 1.19615 3.80385
126 0 0 0 0 0.802367 1.19763
127 0 0 0 0 2.79777 5.20223
128 0 0 0 0 1.71082 3.28918
129 0 0 0 0 2.90189 3.09811
130 0 0 0 0 1.48305 5.51695
131 0 0 0 0 2.18961 4.81039
132 0 0 0 0 0.0201342 2.97987
133 0 0 0 0 0.809399 4.1906
134 0 0 0 0 0.438178 1.56182
135 0 0 0 0 0.59144 3.40856
136 0 0 0 0 2.3934 7.6066
137 0 0 0 0 1.641 1.359
138 0 0 0 0 0.764361 1.23564
139 0 0 0 0 1.50802 2.49198
140 0 0 0 0 1.50336 6.49664
141 0 0 0 0 1.90045 8.09955
142 0 0 0 0 1.19622 1.80378
143 0 0 0 0 2.33021 4.66979
144 0 0 0 0 2.88998 3.11002
145 0 0 0 0 0.796321 2.20368
146 0 0 0 0 2.15385 5.84615
147 0 0 0 0 1.7224 2.2776
148 0 0 0 0 2.54364 3.45636
149 0 0 0 0 4.96489 5.03511
150 0 0 0 0 0.759124 3.24088
151 0 0 0 0 4.15307 5.84693
152 0 0 0 0 0.378007 0.621993
153 0 0 0 0 0.407982 0.592018
154 0 0 0 0 1.87054 3.12946
155 0 0 0 0 1.58007 7.41993
156 0 0 0 0 0.477387 3.52261
157 0 0 0 0 0.529412 2.47059
158 0 0 0 0 0.792952 9.20705
159 0 0 0 0 0.633803 2.3662
160 0 0 0 0 3.12397 5.87603
161 0 0 0 0 1.8059 5.1941
162 0 0 0 0 1.05882 4.94118
163 0 0 0 0 1.58654 6.41346
164 0 0 0 0 4.85217 5.14783
165 0 0 0 0 1.50127 5.49873
166 0 0 0 0 2.72093 7.27907
167 0 0 0 0 0.758853 9.24115
168 0 0 0 0 3.46032 2.53968
169 0 0 0 0 0.414286 0.585714
170 0 0 0 0 0.418394 0.581606
171 0 0 0 0 0.0647321 0.935268
172 0 0 0 0 1.9479 2.0521
173 0 0 0 0 3.40984 4.59016
174 0 0 0 0 0.527778 3.47222
175 0 0 0 0 3.62801 6.37199
176 0 0 0 0 0.0142248 4.98578
177 0 0 0 0 1.69034 2.30966
178 0 0 0 0 3.39784 3.60216
179 0 0 0 0 2.59494 7.40506
180 0 0 0 0 2.44143 6.55857
181 0 0 0 0 0.357215 0.642785
182 0 0 0 0 2.21508 3.78492
183 0 0 0 0 2.37778 6.62222
184 0 0 0 0 1.6446 1.3554
185 0 0 0 0 1.7868 6.2132
186 0 0 0 0 1.7569 3.2431
187 0 0 0 0 3.78947 5.21053
188 0 0 0 0 1.94521 6.05479
189 0 0 0 0 0.684211 0.315789
190 0 0 0 0 0.905882 4.09412
