NAME : X-n148-k46
COMMENT : "Generated by Uchoa, Pecin, Pessoa, Poggi, Subramanian, and Vidal (2013)"
TYPE : CVRP
DIMENSION : 148
EDGE_WEIGHT_TYPE : EUC_2D
CAPACITY : 18
NODE_COORD_SECTION
1 707 633
2 405 122
3 811 419
4 11 667
5 336 612
6 366 50
7 98 836
8 414 996
9 243 713
10 100 232
11 891 946
12 132 204
13 25 642
14 994 18
15 636 897
16 214 651
17 108 619
18 882 399
19 863 607
20 409 585
21 247 882
22 553 507
23 677 258
24 673 644
25 25 182
26 251 111
27 263 799
28 660 359
29 351 288
30 172 127
31 382 441
32 231 650
33 966 485
34 964 107
35 876 164
36 949 328
37 936 70
38 229 744
39 161 214
40 581 594
41 154 860
42 23 374
43 736 600
44 594 542
45 846 684
46 355 471
47 675 597
48 663 653
49 61 889
50 685 150
51 129 248
52 161 301
53 180 836
54 427 670
55 833 860
56 669 251
57 411 403
58 450 926
59 591 505
60 468 157
61 288 484
62 574 955
63 795 521
64 41 65
65 175 486
66 74 436
67 907 13
68 579 912
69 765 835
70 176 189
71 972 351
72 470 22
73 577 469
74 561 672
75 110 670
76 811 614
77 460 344
78 862 486
79 22 369
80 898 295
81 89 934
82 89 973
83 896 544
84 503 364
85 765 469
86 832 504
87 702 482
88 481 321
89 827 627
90 541 599
91 111 694
92 891 231
93 884 324
94 555 436
95 186 502
96 442 319
97 823 255
98 367 339
99 572 872
100 715 620
101 134 794
102 85 912
103 191 561
104 79 911
105 924 508
106 132 871
107 962 682
108 783 515
109 170 677
110 847 462
111 840 535
112 732 383
113 904 368
114 980 376
115 281 669
116 84 809
117 114 715
118 83 648
119 800 540
120 45 944
121 84 965
122 465 407
123 779 427
124 854 305
125 518 500
126 216 721
127 597 643
128 847 501
129 859 298
130 954 764
131 339 814
132 142 552
133 400 366
134 21 341
135 802 487
136 67 772
137 897 552
138 847 538
139 189 530
140 930 232
141 472 396
142 92 325
143 877 475
144 451 370
145 1 416
146 712 100
147 869 270
148 100 342
PICKUP_AND_DELIVERY_SECTION
1 0 0 0 0 0 0
2 0 0 0 0 6.98765 3.01235
3 0 0 0 0 1.93342 2.06658
4 0 0 0 0 6.88456 0.115442
5 0 0 0 0 1.80392 2.19608
6 0 0 0 0 6.9071 1.0929
7 0 0 0 0 0.882775 0.117225
8 0 0 0 0 2.33735 1.66265
9 0 0 0 0 0.659187 0.340813
10 0 0 0 0 2.84483 2.15517
11 0 0 0 0 0.290698 4.7093
12 0 0 0 0 0.352941 0.647059
13 0 0 0 0 3.84424 0.155763
14 0 0 0 0 3.92757 0.0724346
15 0 0 0 0 1.16388 2.83612
16 0 0 0 0 1.34255 0.65745
17 0 0 0 0 4.12763 0.872375
18 0 0 0 0 1.64286 1.35714
19 0 0 0 0 2.9664 7.0336
20 0 0 0 0 0.300855 0.699145
21 0 0 0 0 1.43991 0.560091
22 0 0 0 0 0.748644 8.25136
23 0 0 0 0 3.09453 1.90547
24 0 0 0 0 0.215453 4.78455
25 0 0 0 0 1.72527 0.274725
26 0 0 0 0 0.557769 0.442231
27 0 0 0 0 4.69587 2.30413
28 0 0 0 0 4.56061 5.43939
29 0 0 0 0 0.897436 4.10256
30 0 0 0 0 2.61628 7.38372
31 0 0 0 0 1.33787 8.66213
32 0 0 0 0 1.28923 0.710769
33 0 0 0 0 4.48137 4.51863
34 0 0 0 0 0.889004 0.110996
35 0 0 0 0 8.12785 1.87215
36 0 0 0 0 5.88936 3.11064
37 0 0 0 0 1.85043 0.149573
38 0 0 0 0 2.07661 0.923387
39 0 0 0 0 0.990654 3.00935
40 0 0 0 0 0.0875421 3.91246
41 0 0 0 0 7.38837 1.61163
42 0 0 0 0 9.38503 0.614973
43 0 0 0 0 0.923913 4.07609
44 0 0 0 0 0.350168 3.64983
45 0 0 0 0 1.91489 8.08511
46 0 0 0 0 0.246285 0.753715
47 0 0 0 0 0.577778 4.42222
48 0 0 0 0 0.120664 7.87934
49 0 0 0 0 4.65692 0.343082
50 0 0 0 0 0.781022 0.218978
51 0 0 0 0 2.87903 3.12097
52 0 0 0 0 4.65116 5.34884
53 0 0 0 0 0.784689 0.215311
54 0 0 0 0 2.17612 3.82388
55 0 0 0 0 0.125581 3.87442
56 0 0 0 0 1.87444 1.12556
57 0 0 0 0 0.136253 6.86375
58 0 0 0 0 1.02808 0.971922
59 0 0 0 0 1.16413 6.83587
60 0 0 0 0 3.98718 2.01282
61 0 0 0 0 1.61983 2.38017
62 0 0 0 0 1.59581 2.40419
63 0 0 0 0 0.689308 1.31069
64 0 0 0 0 1.10769 1.89231
65 0 0 0 0 3.19959 1.80041
66 0 0 0 0 4.98165 1.01835
67 0 0 0 0 3.94267 0.0573319
68 0 0 0 0 2.92105 5.07895
69 0 0 0 0 0.167665 1.83234
70 0 0 0 0 0.206349 2.79365
71 0 0 0 0 1.91667 1.08333
72 0 0 0 0 4.76596 0.234043
73 0 0 0 0 1.12305 4.87695
74 0 0 0 0 1.65179 8.34821
75 0 0 0 0 6.68657 1.31343
76 0 0 0 0 1.94328 6.05672
77 0 0 0 0 1.0087 2.9913
78 0 0 0 0 2.61717 3.38283
79 0 0 0 0 4.7019 0.298103
80 0 0 0 0 0.671492 0.328508
81 0 0 0 0 4.52355 0.476445
82 0 0 0 0 8.17677 0.823227
83 0 0 0 0 0.785714 1.21429
84 0 0 0 0 2.21074 5.78926
85 0 0 0 0 2.7085 4.2915
86 0 0 0 0 2.36538 3.63462
87 0 0 0 0 1.56695 3.43305
88 0 0 0 0 1.99584 4.00416
89 0 0 0 0 1.69287 5.30713
90 0 0 0 0 0.96828 9.03172
91 0 0 0 0 8.40058 1.59942
92 0 0 0 0 7.40741 2.59259
93 0 0 0 0 0.633484 0.366516
94 0 0 0 0 1.92973 7.07027
95 0 0 0 0 1.88845 1.11155
96 0 0 0 0 2.78281 7.21719
97 0 0 0 0 2.07047 0.929526
98 0 0 0 0 0.53406 6.46594
99 0 0 0 0 0.688073 1.31193
100 0 0 0 0 1.06294 6.93706
101 0 0 0 0 1.66247 0.337531
102 0 0 0 0 4.53399 0.466009
103 0 0 0 0 0.659537 0.340463
104 0 0 0 0 5.47969 0.520307
105 0 0 0 0 1.80087 2.19913
106 0 0 0 0 7.63605 1.36395
107 0 0 0 0 2.9106 7.0894
108 0 0 0 0 2.73819 5.26181
109 0 0 0 0 3.74446 1.25554
110 0 0 0 0 2.72727 3.27273
111 0 0 0 0 1.45238 2.54762
112 0 0 0 0 0.476776 0.523224
113 0 0 0 0 5.9292 4.0708
114 0 0 0 0 5.54694 3.45306
115 0 0 0 0 2.89985 2.10015
116 0 0 0 0 7.16934 0.830655
117 0 0 0 0 5.04336 0.956643
118 0 0 0 0 5.23148 0.768519
119 0 0 0 0 2.6 5.4
120 0 0 0 0 4.76165 0.238347
121 0 0 0 0 4.56477 0.435233
122 0 0 0 0 0.873118 6.12688
123 0 0 0 0 4.06675 4.93325
124 0 0 0 0 3.85714 2.14286
125 0 0 0 0 0.0694981 1.9305
126 0 0 0 0 2.10125 0.898752
127 0 0 0 0 0.143079 1.85692
128 0 0 0 0 1.634 2.366
129 0 0 0 0 4.57159 2.42841
130 0 0 0 0 1.19497 4.80503
131 0 0 0 0 5.25184 3.74816
132 0 0 0 0 1.48551 0.514493
133 0 0 0 0 0.85 9.15
134 0 0 0 0 4.69208 0.307918
135 0 0 0 0 2.35661 3.64339
136 0 0 0 0 5.47927 0.520725
137 0 0 0 0 2.69231 4.30769
138 0 0 0 0 2.55372 4.44628
139 0 0 0 0 4.50377 2.49623
140 0 0 0 0 6.0043 1.9957
141 0 0 0 0 1.44915 7.55085
142 0 0 0 0 5.01846 1.98154
143 0 0 0 0 0.916762 1.08324
144 0 0 0 0 1.07761 4.92239
145 0 0 0 0 9.97596 0.0240385
146 0 0 0 0 2.57865 0.421348
147 0 0 0 0 6.89298 3.10702
148 0 0 0 0 3.53801 1.46199
