NAME : X-n139-k10
COMMENT : "Generated by Uchoa, Pecin, Pessoa, Poggi, Subramanian, and Vidal (2013)"
TYPE : CVRP
DIMENSION : 139
EDGE_WEIGHT_TYPE : EUC_2D
CAPACITY : 106
NODE_COORD_SECTION
1 500 500
2 645 7
3 720 867
4 513 499
5 208 766
6 976 884
7 991 864
8 596 532
9 765 632
10 270 818
11 223 552
12 871 193
13 825 816
14 128 518
15 802 281
16 786 635
17 435 675
18 976 204
19 563 43
20 870 774
21 348 458
22 566 113
23 295 969
24 229 790
25 515 805
26 482 998
27 241 830
28 47 633
29 594 244
30 635 626
31 597 538
32 86 516
33 444 697
34 763 281
35 12 649
36 187 417
37 630 975
38 934 263
39 88 855
40 768 582
41 916 277
42 40 387
43 881 490
44 325 20
45 771 700
46 308 482
47 397 30
48 934 7
49 869 723
50 788 896
51 100 591
52 746 587
53 584 721
54 859 990
55 403 428
56 493 63
57 496 458
58 728 641
59 174 440
60 986 511
61 887 589
62 931 743
63 234 663
64 608 268
65 239 159
66 832 704
67 857 776
68 828 438
69 744 105
70 122 949
71 270 596
72 687 391
73 790 753
74 323 417
75 152 585
76 308 261
77 472 319
78 282 64
79 138 342
80 391 452
81 87 413
82 676 362
83 314 108
84 713 127
85 638 532
86 507 797
87 720 264
88 630 720
89 326 566
90 610 371
91 847 833
92 576 429
93 58 295
94 145 103
95 141 976
96 564 716
97 946 889
98 100 526
99 503 496
100 684 811
101 800 409
102 794 190
103 784 339
104 603 208
105 637 306
106 369 159
107 288 88
108 70 168
109 177 924
110 300 515
111 275 468
112 408 217
113 343 995
114 889 853
115 455 846
116 20 645
117 760 141
118 763 785
119 494 727
120 889 11
121 254 378
122 381 438
123 508 257
124 70 637
125 361 611
126 529 957
127 570 727
128 204 110
129 813 135
130 820 999
131 201 62
132 5 787
133 48 135
134 196 237
135 881 333
136 767 284
137 709 189
138 427 864
139 538 248
PICKUP_AND_DELIVERY_SECTION
1 0 0 0 0 0 0
2 0 0 0 0 9.89147 0.108527
3 0 0 0 0 1.6955 8.3045
4 0 0 0 0 0.136452 4.86355
5 0 0 0 0 6.55614 2.44386
6 0 0 0 0 0.754098 7.2459
7 0 0 0 0 0.640767 4.35923
8 0 0 0 0 0.536913 4.46309
9 0 0 0 0 1.39085 6.60915
10 0 0 0 0 4.01956 1.98044
11 0 0 0 0 4.76812 3.23188
12 0 0 0 0 7.78416 2.21584
13 0 0 0 0 0.0981818 8.90182
14 0 0 0 0 6.77606 2.22394
15 0 0 0 0 5.19701 2.80299
16 0 0 0 0 1.72901 7.27099
17 0 0 0 0 1.77778 3.22222
18 0 0 0 0 7.90984 2.09016
19 0 0 0 0 6.46536 0.534636
20 0 0 0 0 0.662069 5.33793
21 0 0 0 0 2.16157 6.83843
22 0 0 0 0 8.00353 1.99647
23 0 0 0 0 4.17337 1.82663
24 0 0 0 0 7.10127 2.89873
25 0 0 0 0 1.80124 3.19876
26 0 0 0 0 4.13627 3.86373
27 0 0 0 0 4.25783 1.74217
28 0 0 0 0 7.406 0.593997
29 0 0 0 0 2.94613 2.05387
30 0 0 0 0 0.0850394 5.91496
31 0 0 0 0 0.494137 4.50586
32 0 0 0 0 5.83333 1.16667
33 0 0 0 0 3.62984 6.37016
34 0 0 0 0 5.68545 3.31455
35 0 0 0 0 6.87057 0.12943
36 0 0 0 0 2.75779 2.24221
37 0 0 0 0 3.18462 5.81538
38 0 0 0 0 4.31049 1.68951
39 0 0 0 0 7.17661 0.823392
40 0 0 0 0 2.17969 6.82031
41 0 0 0 0 3.48799 1.51201
42 0 0 0 0 8.06977 0.930233
43 0 0 0 0 3.99432 5.00568
44 0 0 0 0 4.69231 0.307692
45 0 0 0 0 0.460441 4.53956
46 0 0 0 0 2.16598 3.83402
47 0 0 0 0 6.47103 0.528967
48 0 0 0 0 5.95503 0.0449679
49 0 0 0 0 1.51208 7.48792
50 0 0 0 0 0.602679 4.39732
51 0 0 0 0 6.64636 1.35364
52 0 0 0 0 1.91823 7.08177
53 0 0 0 0 1.52011 6.47989
54 0 0 0 0 1.05859 6.94141
55 0 0 0 0 0.408879 6.59112
56 0 0 0 0 7.8499 1.1501
57 0 0 0 0 0.689516 8.31048
58 0 0 0 0 0.836538 6.16346
59 0 0 0 0 6.04545 3.95455
60 0 0 0 0 2.89047 3.10953
61 0 0 0 0 2.68771 5.31229
62 0 0 0 0 1.8174 7.1826
63 0 0 0 0 5.82353 3.17647
64 0 0 0 0 2.79605 2.20395
65 0 0 0 0 2.00837 3.99163
66 0 0 0 0 1.53846 8.46154
67 0 0 0 0 0.945158 9.05484
68 0 0 0 0 3.76812 4.23188
69 0 0 0 0 4.29435 0.705645
70 0 0 0 0 6.10011 0.899895
71 0 0 0 0 2.7349 2.2651
72 0 0 0 0 3.87773 5.12227
73 0 0 0 0 0.234177 4.76582
74 0 0 0 0 1.1271 3.8729
75 0 0 0 0 6.66154 2.33846
76 0 0 0 0 1.52597 8.47403
77 0 0 0 0 2.91737 6.08263
78 0 0 0 0 4.6383 1.3617
79 0 0 0 0 5.96491 4.03509
80 0 0 0 0 1.07965 6.92035
81 0 0 0 0 7.89346 2.10654
82 0 0 0 0 3.71598 4.28402
83 0 0 0 0 5.24841 2.75159
84 0 0 0 0 4.93128 1.06872
85 0 0 0 0 1.4953 7.5047
86 0 0 0 0 1.81932 3.18068
87 0 0 0 0 3.8 2.2
88 0 0 0 0 0.875 6.125
89 0 0 0 0 3.39223 4.60777
90 0 0 0 0 3.52623 5.47377
91 0 0 0 0 0.115702 6.8843
92 0 0 0 0 1.78646 5.21354
93 0 0 0 0 4.01695 0.983051
94 0 0 0 0 2.31724 5.68276
95 0 0 0 0 6.84426 1.15574
96 0 0 0 0 1.91061 7.08939
97 0 0 0 0 0.361522 5.63848
98 0 0 0 0 7.28897 1.71103
99 0 0 0 0 0.139165 9.86083
100 0 0 0 0 1.09618 5.90382
101 0 0 0 0 2.44375 2.55625
102 0 0 0 0 6.84635 2.15365
103 0 0 0 0 2.83801 2.16199
104 0 0 0 0 6.55058 3.44942
105 0 0 0 0 4.15699 3.84301
106 0 0 0 0 4.55285 3.44715
107 0 0 0 0 6.25 2.75
108 0 0 0 0 2.91667 2.08333
109 0 0 0 0 4.85065 1.14935
110 0 0 0 0 3.33981 4.66019
111 0 0 0 0 4.12393 5.87607
112 0 0 0 0 4.21324 4.78676
113 0 0 0 0 5.89749 3.10251
114 0 0 0 0 0.202475 4.79753
115 0 0 0 0 3.6974 4.3026
116 0 0 0 0 4.84496 0.155039
117 0 0 0 0 8.14474 1.85526
118 0 0 0 0 0.168153 5.83185
119 0 0 0 0 2.88446 6.11554
120 0 0 0 0 8.88864 0.111361
121 0 0 0 0 1.64021 3.35979
122 0 0 0 0 1.30137 8.69863
123 0 0 0 0 2.96457 3.03543
124 0 0 0 0 7.12088 0.879121
125 0 0 0 0 4.09165 5.90835
126 0 0 0 0 3.57785 4.42215
127 0 0 0 0 1.07978 3.92022
128 0 0 0 0 3.22549 3.77451
129 0 0 0 0 6.67159 1.32841
130 0 0 0 0 1.43343 6.56657
131 0 0 0 0 4.8408 2.1592
132 0 0 0 0 8.94282 0.0571792
133 0 0 0 0 3.22222 1.77778
134 0 0 0 0 0.864979 4.13502
135 0 0 0 0 4.97616 3.02384
136 0 0 0 0 5.03781 2.96219
137 0 0 0 0 4.40056 1.59944
138 0 0 0 0 3.03472 2.96528
139 0 0 0 0 5.39033 4.60967
