NAME : X-n176-k26
COMMENT : "Generated by Uchoa, Pecin, Pessoa, Poggi, Subramanian, and Vidal (2013)"
TYPE : CVRP
DIMENSION : 176
EDGE_WEIGHT_TYPE : EUC_2D
CAPACITY : 142
NODE_COORD_SECTION
1 0 0
2 628 103
3 291 573
4 129 447
5 973 643
6 830 868
7 398 563
8 731 423
9 201 995
10 167 174
11 13 605
12 446 262
13 229 774
14 740 231
15 21 546
16 224 615
17 605 837
18 473 759
19 758 880
20 93 900
21 580 935
22 622 494
23 513 236
24 659 797
25 606 204
26 267 688
27 28 888
28 606 754
29 841 676
30 823 611
31 1 247
32 195 486
33 644 771
34 524 45
35 581 366
36 769 471
37 78 800
38 940 790
39 867 441
40 243 453
41 410 464
42 465 161
43 417 304
44 616 944
45 609 356
46 822 489
47 738 932
48 462 718
49 847 459
50 563 619
51 792 940
52 434 318
53 1000 647
54 566 413
55 492 83
56 764 550
57 145 182
58 540 249
59 208 760
60 759 988
61 66 221
62 520 521
63 260 508
64 307 468
65 747 308
66 370 136
67 421 505
68 373 597
69 876 881
70 281 18
71 419 69
72 502 242
73 343 764
74 275 610
75 434 161
76 314 40
77 744 675
78 698 364
79 600 881
80 9 893
81 875 724
82 728 253
83 502 969
84 867 464
85 237 907
86 868 263
87 680 306
88 740 688
89 534 615
90 450 898
91 126 415
92 565 260
93 172 126
94 137 674
95 789 958
96 853 147
97 762 111
98 416 626
99 63 237
100 194 75
101 616 133
102 104 804
103 304 699
104 758 40
105 249 141
106 848 770
107 316 426
108 791 803
109 884 980
110 618 107
111 858 644
112 116 388
113 939 880
114 217 912
115 138 217
116 639 588
117 542 965
118 775 294
119 325 154
120 839 459
121 21 751
122 248 883
123 34 101
124 274 824
125 408 641
126 923 320
127 838 846
128 83 772
129 938 432
130 913 766
131 758 816
132 481 156
133 548 809
134 660 393
135 773 579
136 261 97
137 380 849
138 433 893
139 312 347
140 295 480
141 277 519
142 833 970
143 760 470
144 33 455
145 289 176
146 283 845
147 953 937
148 2 939
149 164 71
150 539 756
151 679 880
152 309 113
153 857 842
154 184 455
155 181 70
156 136 928
157 23 17
158 127 710
159 657 422
160 248 593
161 525 519
162 109 805
163 754 487
164 484 90
165 923 157
166 195 38
167 74 961
168 261 663
169 984 135
170 281 227
171 673 176
172 78 322
173 177 543
174 590 199
175 559 609
176 9 343
PICKUP_AND_DELIVERY_SECTION
1 0 0 0 0 0 0
2 0 0 0 0 78.5828 15.4172
3 0 0 0 0 31.9895 33.0105
4 0 0 0 0 49.0872 19.9128
5 0 0 0 0 30.185 58.815
6 0 0 0 0 3.23963 70.7604
7 0 0 0 0 27.8419 67.1581
8 0 0 0 0 36.6566 50.3434
9 0 0 0 0 76.607 19.393
10 0 0 0 0 2.25287 53.7471
11 0 0 0 0 91.9802 2.01983
12 0 0 0 0 32.5919 46.4081
13 0 0 0 0 64.0762 26.9238
14 0 0 0 0 51.5878 23.4122
15 0 0 0 0 51.9231 2.07692
16 0 0 0 0 61.6699 35.3301
17 0 0 0 0 25.7778 67.2222
18 0 0 0 0 30.5217 50.4783
19 0 0 0 0 13.8636 86.1364
20 0 0 0 0 67.25 7.75
21 0 0 0 0 21.262 34.738
22 0 0 0 0 14.6109 56.3891
23 0 0 0 0 53.9961 46.0039
24 0 0 0 0 9.35006 44.6499
25 0 0 0 0 66.3366 33.6634
26 0 0 0 0 37.939 24.061
27 0 0 0 0 49.3919 1.60811
28 0 0 0 0 11.3846 46.6154
29 0 0 0 0 15.4994 63.5006
30 0 0 0 0 16.7436 48.2564
31 0 0 0 0 51.7895 0.210526
32 0 0 0 0 38.9198 26.0802
33 0 0 0 0 10.7069 54.2931
34 0 0 0 0 53.9332 5.06679
35 0 0 0 0 28.494 48.506
36 0 0 0 0 34.4889 54.5111
37 0 0 0 0 59.565 6.435
38 0 0 0 0 11.3298 59.6702
39 0 0 0 0 4.91349 5.08651
40 0 0 0 0 4.63576 5.36424
41 0 0 0 0 0.116379 0.883621
42 0 0 0 0 5.88387 3.11613
43 0 0 0 0 1.08393 2.91607
44 0 0 0 0 3.12712 5.87288
45 0 0 0 0 3.32348 4.67652
46 0 0 0 0 1.62044 2.37956
47 0 0 0 0 1.66524 6.33476
48 0 0 0 0 2.49582 4.50418
49 0 0 0 0 4.12279 4.87721
50 0 0 0 0 0.904685 9.09532
51 0 0 0 0 0.944681 5.05532
52 0 0 0 0 0.534562 1.46544
53 0 0 0 0 2.118 3.882
54 0 0 0 0 2.43286 6.56714
55 0 0 0 0 4.1565 0.843496
56 0 0 0 0 0.840314 2.15969
57 0 0 0 0 0.813187 3.18681
58 0 0 0 0 2.69444 2.30556
59 0 0 0 0 4.35789 1.64211
60 0 0 0 0 1.39069 4.60931
61 0 0 0 0 4.20814 1.79186
62 0 0 0 0 0.00191939 0.998081
63 0 0 0 0 3.90551 4.09449
64 0 0 0 0 3.09615 5.90385
65 0 0 0 0 3.5261 2.4739
66 0 0 0 0 3.16216 1.83784
67 0 0 0 0 1.33069 6.66931
68 0 0 0 0 1.87605 3.12395
69 0 0 0 0 0.0510783 8.94892
70 0 0 0 0 1.87189 0.128114
71 0 0 0 0 2.50597 0.494033
72 0 0 0 0 4.66135 4.33865
73 0 0 0 0 4.95942 4.04058
74 0 0 0 0 2.19672 1.80328
75 0 0 0 0 1.25806 0.741935
76 0 0 0 0 1.74522 0.254777
77 0 0 0 0 0.927419 9.07258
78 0 0 0 0 4.30659 4.69341
79 0 0 0 0 2.8706 6.1294
80 0 0 0 0 7.91937 0.0806271
81 0 0 0 0 1.38057 6.61943
82 0 0 0 0 5.87225 3.12775
83 0 0 0 0 4.33746 4.66254
84 0 0 0 0 2.78893 3.21107
85 0 0 0 0 4.43219 1.56781
86 0 0 0 0 5.57604 2.42396
87 0 0 0 0 4.95 4.05
88 0 0 0 0 0.491892 6.50811
89 0 0 0 0 1.31707 8.68293
90 0 0 0 0 4.98886 5.01114
91 0 0 0 0 0.696386 0.303614
92 0 0 0 0 3.77876 3.22124
93 0 0 0 0 1.06977 2.93023
94 0 0 0 0 0.796736 0.203264
95 0 0 0 0 1.05846 4.94154
96 0 0 0 0 4.13834 0.861665
97 0 0 0 0 4.27165 0.728346
98 0 0 0 0 2.68371 5.31629
99 0 0 0 0 2.93671 1.06329
100 0 0 0 0 3.68041 2.31959
101 0 0 0 0 5.48864 1.51136
102 0 0 0 0 8.70647 1.29353
103 0 0 0 0 5.65093 4.34907
104 0 0 0 0 5.68338 0.316623
105 0 0 0 0 2.60241 3.39759
106 0 0 0 0 0.735849 7.26415
107 0 0 0 0 1.80751 5.19249
108 0 0 0 0 0.119552 7.88045
109 0 0 0 0 0.783673 7.21633
110 0 0 0 0 1.65372 0.346278
111 0 0 0 0 1.99534 6.00466
112 0 0 0 0 4.90722 2.09278
113 0 0 0 0 0.565495 8.4345
114 0 0 0 0 4.57237 1.42763
115 0 0 0 0 3.64055 6.35945
116 0 0 0 0 0.159624 1.84038
117 0 0 0 0 1.75337 2.24663
118 0 0 0 0 1.86194 1.13806
119 0 0 0 0 1.05231 0.947692
120 0 0 0 0 2.2646 2.7354
121 0 0 0 0 0.972037 0.0279627
122 0 0 0 0 0.719139 0.280861
123 0 0 0 0 4.64356 2.35644
124 0 0 0 0 4.00485 1.99515
125 0 0 0 0 1.45398 2.54602
126 0 0 0 0 3.26652 1.73348
127 0 0 0 0 0.0851064 8.91489
128 0 0 0 0 3.56995 0.430052
129 0 0 0 0 1.07889 0.921109
130 0 0 0 0 0.966046 5.03395
131 0 0 0 0 0.284314 3.71569
132 0 0 0 0 2.7027 1.2973
133 0 0 0 0 2.90358 6.09642
134 0 0 0 0 0.404545 0.595455
135 0 0 0 0 0.752911 2.24709
136 0 0 0 0 2.51341 1.48659
137 0 0 0 0 2.20966 1.79034
138 0 0 0 0 2.06047 1.93953
139 0 0 0 0 0.907781 8.09222
140 0 0 0 0 3.46875 5.53125
141 0 0 0 0 1.39884 1.60116
142 0 0 0 0 0.847423 5.15258
143 0 0 0 0 2.28947 3.71053
144 0 0 0 0 3.70989 0.29011
145 0 0 0 0 1.56401 2.43599
146 0 0 0 0 1.99527 1.00473
147 0 0 0 0 0.0503673 2.94963
148 0 0 0 0 0.99787 0.00212993
149 0 0 0 0 1.70122 1.29878
150 0 0 0 0 2.2963 5.7037
151 0 0 0 0 2.05568 6.94432
152 0 0 0 0 1.26861 0.731392
153 0 0 0 0 0.157526 8.84247
154 0 0 0 0 0.595604 0.404396
155 0 0 0 0 5.51934 3.48066
156 0 0 0 0 5.97414 1.02586
157 0 0 0 0 2.08696 5.91304
158 0 0 0 0 5.74789 1.25211
159 0 0 0 0 2.50381 4.49619
160 0 0 0 0 4.6543 3.3457
161 0 0 0 0 0.102857 8.89714
162 0 0 0 0 8.64596 1.35404
163 0 0 0 0 1.06233 1.93767
164 0 0 0 0 1.6281 0.371901
165 0 0 0 0 7.46912 1.53088
166 0 0 0 0 6.44103 1.55897
167 0 0 0 0 5.53798 0.462019
168 0 0 0 0 4.24434 2.75566
169 0 0 0 0 6.03963 0.960366
170 0 0 0 0 0.960854 4.03915
171 0 0 0 0 2.21545 0.784547
172 0 0 0 0 6.81988 2.18012
173 0 0 0 0 6.0663 2.9337
174 0 0 0 0 2.65085 1.34915
175 0 0 0 0 0.574713 6.42529
176 0 0 0 0 3.89504 0.104956
