NAME : X-n237-k14
COMMENT : "Generated by Uchoa, Pecin, Pessoa, Poggi, Subramanian, and Vidal (2013)"
TYPE : CVRP
DIMENSION : 237
EDGE_WEIGHT_TYPE : EUC_2D
CAPACITY : 18
NODE_COORD_SECTION
1 0 0
2 80 386
3 521 652
4 597 936
5 836 69
6 503 987
7 618 169
8 115 662
9 312 175
10 78 83
11 364 317
12 12 454
13 980 537
14 403 383
15 144 443
16 739 464
17 886 511
18 904 106
19 794 539
20 821 608
21 781 347
22 336 490
23 101 736
24 365 68
25 618 684
26 282 286
27 311 806
28 557 793
29 54 50
30 651 264
31 619 661
32 156 994
33 950 369
34 183 707
35 673 856
36 5 651
37 867 449
38 946 914
39 75 82
40 522 8
41 573 493
42 833 699
43 881 677
44 201 77
45 536 593
46 67 895
47 99 113
48 120 133
49 428 231
50 701 845
51 190 508
52 431 218
53 626 782
54 113 914
55 569 117
56 865 639
57 708 9
58 511 977
59 104 838
60 229 467
61 956 568
62 431 929
63 615 707
64 913 42
65 854 504
66 236 176
67 377 404
68 380 468
69 590 752
70 620 146
71 616 746
72 675 114
73 556 640
74 99 777
75 12 194
76 920 116
77 846 384
78 525 23
79 199 348
80 813 875
81 757 593
82 573 358
83 264 448
84 132 556
85 289 765
86 246 267
87 245 876
88 235 592
89 648 790
90 378 754
91 636 653
92 555 181
93 738 446
94 130 836
95 882 942
96 102 787
97 669 905
98 490 45
99 883 547
100 971 638
101 256 227
102 775 935
103 489 411
104 826 228
105 514 866
106 129 566
107 7 118
108 415 820
109 161 160
110 27 21
111 695 395
112 64 937
113 121 847
114 770 896
115 264 607
116 174 871
117 20 546
118 986 803
119 379 259
120 728 180
121 686 273
122 133 869
123 157 499
124 784 186
125 649 934
126 999 236
127 670 615
128 978 479
129 646 823
130 193 565
131 440 534
132 26 411
133 114 126
134 661 528
135 946 326
136 223 602
137 695 420
138 172 317
139 116 701
140 940 438
141 732 172
142 824 136
143 837 507
144 125 570
145 773 241
146 542 708
147 441 235
148 808 413
149 68 374
150 582 768
151 220 519
152 593 651
153 71 712
154 26 569
155 918 629
156 165 731
157 941 282
158 285 379
159 227 977
160 788 366
161 33 507
162 597 983
163 299 617
164 799 35
165 414 697
166 529 178
167 235 743
168 118 484
169 349 554
170 477 280
171 591 189
172 743 221
173 807 670
174 163 621
175 874 932
176 245 24
177 960 27
178 139 44
179 45 584
180 281 434
181 684 501
182 284 414
183 20 905
184 80 256
185 57 354
186 306 107
187 167 289
188 952 66
189 862 741
190 240 516
191 806 277
192 782 700
193 82 208
194 951 550
195 710 44
196 537 764
197 407 191
198 629 133
199 608 911
200 760 125
201 727 517
202 295 706
203 679 836
204 73 420
205 637 903
206 297 723
207 55 920
208 676 550
209 933 456
210 812 155
211 326 903
212 846 181
213 116 175
214 344 992
215 28 667
216 439 245
217 891 450
218 224 732
219 156 734
220 390 441
221 663 560
222 115 896
223 655 766
224 210 731
225 42 176
226 505 517
227 923 66
228 490 844
229 342 859
230 210 644
231 313 79
232 399 775
233 79 559
234 876 843
235 631 889
236 182 284
237 471 120
PICKUP_AND_DELIVERY_SECTION
1 0 0 0 0 0 0
2 0 0 0 0 0.792746 0.207254
3 0 0 0 0 0.20092 0.79908
4 0 0 0 0 0.362179 0.637821
5 0 0 0 0 0.917464 0.0825359
6 0 0 0 0 0.490375 0.509625
7 0 0 0 0 0.726537 0.273463
8 0 0 0 0 0.826284 0.173716
9 0 0 0 0 0.439103 0.560897
10 0 0 0 0 0.060241 0.939759
11 0 0 0 0 0.129121 0.870879
12 0 0 0 0 0.973568 0.0264317
13 0 0 0 0 0.452041 0.547959
14 0 0 0 0 0.0496278 0.950372
15 0 0 0 0 0.674944 0.325056
16 0 0 0 0 0.372124 0.627876
17 0 0 0 0 0.423251 0.576749
18 0 0 0 0 0.882743 0.117257
19 0 0 0 0 0.321159 0.678841
20 0 0 0 0 0.25944 0.74056
21 0 0 0 0 0.555698 0.444302
22 0 0 0 0 0.314286 0.685714
23 0 0 0 0 0.862772 0.137228
24 0 0 0 0 0.813699 0.186301
25 0 0 0 0 0.0964912 0.903509
26 0 0 0 0 0.013986 0.986014
27 0 0 0 0 0.614144 0.385856
28 0 0 0 0 0.297604 0.702396
29 0 0 0 0 0.0740741 0.925926
30 0 0 0 0 0.59447 0.40553
31 0 0 0 0 0.0635401 0.93646
32 0 0 0 0 0.843058 0.156942
33 0 0 0 0 0.611579 0.388421
34 0 0 0 0 0.74116 0.25884
35 0 0 0 0 0.213785 0.786215
36 0 0 0 0 0.99232 0.00768049
37 0 0 0 0 0.482122 0.517878
38 0 0 0 0 0.0338266 0.966173
39 0 0 0 0 0.0853659 0.914634
40 0 0 0 0 0.984674 0.0153257
41 0 0 0 0 0.139616 0.860384
42 0 0 0 0 0.160864 0.839136
43 0 0 0 0 0.231555 0.768445
44 0 0 0 0 0.616915 0.383085
45 0 0 0 0 0.0961214 0.903879
46 0 0 0 0 0.92514 0.0748603
47 0 0 0 0 0.123894 0.876106
48 0 0 0 0 0.0977444 0.902256
49 0 0 0 0 0.46028 0.53972
50 0 0 0 0 0.170414 0.829586
51 0 0 0 0 0.625984 0.374016
52 0 0 0 0 0.4942 0.5058
53 0 0 0 0 0.199488 0.800512
54 0 0 0 0 0.876368 0.123632
55 0 0 0 0 0.794376 0.205624
56 0 0 0 0 0.261272 0.738728
57 0 0 0 0 0.987288 0.0127119
58 0 0 0 0 0.47697 0.52303
59 0 0 0 0 0.875895 0.124105
60 0 0 0 0 0.509636 0.490364
61 0 0 0 0 0.405858 0.594142
62 0 0 0 0 0.53606 0.46394
63 0 0 0 0 0.130127 0.869873
64 0 0 0 0 0.953998 0.0460022
65 0 0 0 0 0.409836 0.590164
66 0 0 0 0 0.254237 0.745763
67 0 0 0 0 0.0668317 0.933168
68 0 0 0 0 0.188034 0.811966
69 0 0 0 0 0.215426 0.784574
70 0 0 0 0 0.764516 0.235484
71 0 0 0 0 0.174263 0.825737
72 0 0 0 0 0.831111 0.168889
73 0 0 0 0 0.13125 0.86875
74 0 0 0 0 0.872587 0.127413
75 0 0 0 0 0.938144 0.0618557
76 0 0 0 0 0.873913 0.126087
77 0 0 0 0 0.546099 0.453901
78 0 0 0 0 0.95619 0.0438095
79 0 0 0 0 0.428161 0.571839
80 0 0 0 0 0.0708571 0.929143
81 0 0 0 0 0.216645 0.783355
82 0 0 0 0 0.375218 0.624782
83 0 0 0 0 0.410714 0.589286
84 0 0 0 0 0.76259 0.23741
85 0 0 0 0 0.622222 0.377778
86 0 0 0 0 0.0786517 0.921348
87 0 0 0 0 0.72032 0.27968
88 0 0 0 0 0.603041 0.396959
89 0 0 0 0 0.179747 0.820253
90 0 0 0 0 0.498674 0.501326
91 0 0 0 0 0.0260337 0.973966
92 0 0 0 0 0.673874 0.326126
93 0 0 0 0 0.395664 0.604336
94 0 0 0 0 0.844498 0.155502
95 0 0 0 0 0.0636943 0.936306
96 0 0 0 0 0.870394 0.129606
97 0 0 0 0 0.260773 0.739227
98 0 0 0 0 0.908163 0.0918367
99 0 0 0 0 0.380521 0.619479
100 0 0 0 0 0.342945 0.657055
101 0 0 0 0 0.113281 0.886719
102 0 0 0 0 0.171123 0.828877
103 0 0 0 0 0.159509 0.840491
104 0 0 0 0 0.723971 0.276029
105 0 0 0 0 0.406467 0.593533
106 0 0 0 0 0.772085 0.227915
107 0 0 0 0 0.940678 0.059322
108 0 0 0 0 0.493902 0.506098
109 0 0 0 0 0.00621118 0.993789
110 0 0 0 0 0.222222 0.777778
111 0 0 0 0 0.431655 0.568345
112 0 0 0 0 0.931697 0.0683031
113 0 0 0 0 0.857143 0.142857
114 0 0 0 0 0.140625 0.859375
115 0 0 0 0 0.565074 0.434926
116 0 0 0 0 0.80023 0.19977
117 0 0 0 0 0.96337 0.03663
118 0 0 0 0 0.185598 0.814402
119 0 0 0 0 0.316623 0.683377
120 0 0 0 0 0.752747 0.247253
121 0 0 0 0 0.602041 0.397959
122 0 0 0 0 0.846951 0.153049
123 0 0 0 0 0.685371 0.314629
124 0 0 0 0 0.762755 0.237245
125 0 0 0 0 0.305139 0.694861
126 0 0 0 0 0.763764 0.236236
127 0 0 0 0 0.0820896 0.91791
128 0 0 0 0 0.510225 0.489775
129 0 0 0 0 0.215067 0.784933
130 0 0 0 0 0.658407 0.341593
131 0 0 0 0 0.17603 0.82397
132 0 0 0 0 0.93674 0.0632603
133 0 0 0 0 0.0952381 0.904762
134 0 0 0 0 0.20121 0.79879
135 0 0 0 0 0.655391 0.344609
136 0 0 0 0 0.629568 0.370432
137 0 0 0 0 0.395683 0.604317
138 0 0 0 0 0.457413 0.542587
139 0 0 0 0 0.834522 0.165478
140 0 0 0 0 0.534043 0.465957
141 0 0 0 0 0.765027 0.234973
142 0 0 0 0 0.834951 0.165049
143 0 0 0 0 0.394265 0.605735
144 0 0 0 0 0.780702 0.219298
145 0 0 0 0 0.688228 0.311772
146 0 0 0 0 0.234463 0.765537
147 0 0 0 0 0.46712 0.53288
148 0 0 0 0 0.488861 0.511139
149 0 0 0 0 0.818182 0.181818
150 0 0 0 0 0.242188 0.757812
151 0 0 0 0 0.576108 0.423892
152 0 0 0 0 0.0890937 0.910906
153 0 0 0 0 0.900281 0.0997191
154 0 0 0 0 0.954306 0.0456942
155 0 0 0 0 0.314815 0.685185
156 0 0 0 0 0.774282 0.225718
157 0 0 0 0 0.700319 0.299681
158 0 0 0 0 0.248021 0.751979
159 0 0 0 0 0.767656 0.232344
160 0 0 0 0 0.535533 0.464467
161 0 0 0 0 0.934911 0.0650888
162 0 0 0 0 0.392675 0.607325
163 0 0 0 0 0.515397 0.484603
164 0 0 0 0 0.956195 0.0438048
165 0 0 0 0 0.406026 0.593974
166 0 0 0 0 0.663516 0.336484
167 0 0 0 0 0.683715 0.316285
168 0 0 0 0 0.756198 0.243802
169 0 0 0 0 0.370036 0.629964
170 0 0 0 0 0.412998 0.587002
171 0 0 0 0 0.680203 0.319797
172 0 0 0 0 0.702557 0.297443
173 0 0 0 0 0.169765 0.830235
174 0 0 0 0 0.73752 0.26248
175 0 0 0 0 0.0622318 0.937768
176 0 0 0 0 0.902041 0.0979592
177 0 0 0 0 0.971875 0.028125
178 0 0 0 0 0.683453 0.316547
179 0 0 0 0 0.922945 0.0770548
180 0 0 0 0 0.352535 0.647465
181 0 0 0 0 0.267544 0.732456
182 0 0 0 0 0.31401 0.68599
183 0 0 0 0 0.977901 0.0220994
184 0 0 0 0 0.6875 0.3125
185 0 0 0 0 0.838983 0.161017
186 0 0 0 0 0.650327 0.349673
187 0 0 0 0 0.422145 0.577855
188 0 0 0 0 0.930672 0.0693277
189 0 0 0 0 0.140371 0.859629
190 0 0 0 0 0.534884 0.465116
191 0 0 0 0 0.656328 0.343672
192 0 0 0 0 0.104859 0.895141
193 0 0 0 0 0.605769 0.394231
194 0 0 0 0 0.421661 0.578339
195 0 0 0 0 0.938028 0.0619718
196 0 0 0 0 0.29712 0.70288
197 0 0 0 0 0.530713 0.469287
198 0 0 0 0 0.788553 0.211447
199 0 0 0 0 0.332602 0.667398
200 0 0 0 0 0.835526 0.164474
201 0 0 0 0 0.288858 0.711142
202 0 0 0 0 0.582153 0.417847
203 0 0 0 0 0.187799 0.812201
204 0 0 0 0 0.82619 0.17381
205 0 0 0 0 0.294574 0.705426
206 0 0 0 0 0.589212 0.410788
207 0 0 0 0 0.940217 0.0597826
208 0 0 0 0 0.186391 0.813609
209 0 0 0 0 0.511254 0.488746
210 0 0 0 0 0.809113 0.190887
211 0 0 0 0 0.638981 0.361019
212 0 0 0 0 0.786052 0.213948
213 0 0 0 0 0.337143 0.662857
214 0 0 0 0 0.653226 0.346774
215 0 0 0 0 0.958021 0.041979
216 0 0 0 0 0.441913 0.558087
217 0 0 0 0 0.494949 0.505051
218 0 0 0 0 0.693989 0.306011
219 0 0 0 0 0.787466 0.212534
220 0 0 0 0 0.115646 0.884354
221 0 0 0 0 0.155354 0.844646
222 0 0 0 0 0.871652 0.128348
223 0 0 0 0 0.144909 0.855091
224 0 0 0 0 0.712722 0.287278
225 0 0 0 0 0.761364 0.238636
226 0 0 0 0 0.0232108 0.976789
227 0 0 0 0 0.928494 0.071506
228 0 0 0 0 0.419431 0.580569
229 0 0 0 0 0.601863 0.398137
230 0 0 0 0 0.673913 0.326087
231 0 0 0 0 0.747604 0.252396
232 0 0 0 0 0.485161 0.514839
233 0 0 0 0 0.858676 0.141324
234 0 0 0 0 0.0376712 0.962329
235 0 0 0 0 0.290214 0.709786
236 0 0 0 0 0.359155 0.640845
237 0 0 0 0 0.745223 0.254777
