NAME : X-n261-k13
COMMENT : "Generated by Uchoa, Pecin, Pessoa, Poggi, Subramanian, and Vidal (2013)"
TYPE : CVRP
DIMENSION : 261
EDGE_WEIGHT_TYPE : EUC_2D
CAPACITY : 1081
NODE_COORD_SECTION
1 0 0
2 377 105
3 535 93
4 820 625
5 689 745
6 774 283
7 399 810
8 242 139
9 300 948
10 557 255
11 22 828
12 27 768
13 961 829
14 825 225
15 288 996
16 126 160
17 219 243
18 504 918
19 532 806
20 566 734
21 327 943
22 848 66
23 45 889
24 952 169
25 736 63
26 939 925
27 569 517
28 969 917
29 603 637
30 188 762
31 800 102
32 879 687
33 289 83
34 836 360
35 887 699
36 21 962
37 857 715
38 447 519
39 931 500
40 316 483
41 572 230
42 417 554
43 488 340
44 760 763
45 403 224
46 470 796
47 67 194
48 927 576
49 524 679
50 155 89
51 629 678
52 469 465
53 810 467
54 354 298
55 87 548
56 618 236
57 338 855
58 774 799
59 811 201
60 684 462
61 892 995
62 449 985
63 120 176
64 552 983
65 455 433
66 244 763
67 790 650
68 189 400
69 717 607
70 351 60
71 546 941
72 138 585
73 567 342
74 790 315
75 568 9
76 20 172
77 600 355
78 909 984
79 992 956
80 36 62
81 614 755
82 883 36
83 401 520
84 463 924
85 109 540
86 218 461
87 337 584
88 157 686
89 789 99
90 246 760
91 792 669
92 52 48
93 60 712
94 629 450
95 712 438
96 661 974
97 533 49
98 853 566
99 495 195
100 573 191
101 519 673
102 737 157
103 493 383
104 957 695
105 536 532
106 926 788
107 513 86
108 59 246
109 803 472
110 391 39
111 311 531
112 706 871
113 741 723
114 936 7
115 100 581
116 799 359
117 477 410
118 689 805
119 45 244
120 818 770
121 339 47
122 607 57
123 763 168
124 324 924
125 358 40
126 977 409
127 823 138
128 453 911
129 771 182
130 912 18
131 251 585
132 422 585
133 514 160
134 854 59
135 24 75
136 22 64
137 729 52
138 73 223
139 572 821
140 126 236
141 259 824
142 167 213
143 277 169
144 184 250
145 153 833
146 563 253
147 978 112
148 724 23
149 161 329
150 15 579
151 461 782
152 851 737
153 237 951
154 105 942
155 972 950
156 749 340
157 36 228
158 744 110
159 705 528
160 181 44
161 420 81
162 671 370
163 309 69
164 987 831
165 951 322
166 953 17
167 388 269
168 585 943
169 395 150
170 484 870
171 995 462
172 472 391
173 221 661
174 488 756
175 138 121
176 724 451
177 102 334
178 16 23
179 280 363
180 491 164
181 414 545
182 448 33
183 835 445
184 506 839
185 734 57
186 991 663
187 671 263
188 578 546
189 344 527
190 180 806
191 608 856
192 93 625
193 731 998
194 380 871
195 920 900
196 518 179
197 80 406
198 282 281
199 835 214
200 895 580
201 785 78
202 407 979
203 31 260
204 346 961
205 938 233
206 603 917
207 144 637
208 572 723
209 838 477
210 545 568
211 260 584
212 348 33
213 483 309
214 237 419
215 417 484
216 33 323
217 79 619
218 514 471
219 108 359
220 59 792
221 532 185
222 536 745
223 781 371
224 440 901
225 953 180
226 290 771
227 332 323
228 264 881
229 152 663
230 94 101
231 614 160
232 202 225
233 148 85
234 93 799
235 934 466
236 999 195
237 660 791
238 761 946
239 547 966
240 980 316
241 608 512
242 398 136
243 166 24
244 547 880
245 620 872
246 634 985
247 457 149
248 682 442
249 523 885
250 926 617
251 536 487
252 445 327
253 851 455
254 59 176
255 474 325
256 471 123
257 335 879
258 650 321
259 796 593
260 477 184
261 417 342
PICKUP_AND_DELIVERY_SECTION
1 0 0 0 0 0 0
2 0 0 0 0 46.1751 17.8249
3 0 0 0 0 60.3103 12.6897
4 0 0 0 0 23.3049 74.6951
5 0 0 0 0 2.70604 33.294
6 0 0 0 0 48.2119 27.7881
7 0 0 0 0 6.5963 6.4037
8 0 0 0 0 31.4959 42.5041
9 0 0 0 0 29.3924 13.6076
10 0 0 0 0 43.3752 36.6248
11 0 0 0 0 57.4324 1.56763
12 0 0 0 0 91.6602 3.33984
13 0 0 0 0 4.53278 28.4672
14 0 0 0 0 49.4545 18.5455
15 0 0 0 0 24.8795 10.1205
16 0 0 0 0 13.6 50.4
17 0 0 0 0 5.82716 53.1728
18 0 0 0 0 9.92157 12.0784
19 0 0 0 0 3.3995 6.6005
20 0 0 0 0 13.733 46.267
21 0 0 0 0 23.5164 12.4836
22 0 0 0 0 18.4434 1.5566
23 0 0 0 0 46.5197 2.48031
24 0 0 0 0 55.1061 11.8939
25 0 0 0 0 63.0938 5.90625
26 0 0 0 0 1.23749 81.7625
27 0 0 0 0 9.04745 89.9525
28 0 0 0 0 1.34159 23.6584
29 0 0 0 0 5.01727 88.9827
30 0 0 0 0 25.6115 8.38845
31 0 0 0 0 83.76 12.24
32 0 0 0 0 1.74744 6.25256
33 0 0 0 0 34.9273 14.0727
34 0 0 0 0 50.6746 38.3254
35 0 0 0 0 20.9831 78.0169
36 0 0 0 0 20.5416 0.45842
37 0 0 0 0 11.5986 58.4014
38 0 0 0 0 9.84971 61.1503
39 0 0 0 0 20.8324 24.1676
40 0 0 0 0 11.0642 20.9358
41 0 0 0 0 6.57692 4.42308
42 0 0 0 0 11.87 36.13
43 0 0 0 0 10.6148 24.3852
44 0 0 0 0 0.0825688 20.9174
45 0 0 0 0 39.9752 50.0248
46 0 0 0 0 40.5452 58.4548
47 0 0 0 0 26.8402 14.1598
48 0 0 0 0 20.8252 34.1748
49 0 0 0 0 13.4683 45.5317
50 0 0 0 0 0.425806 0.574194
51 0 0 0 0 2.60177 33.3982
52 0 0 0 0 0.801706 93.1983
53 0 0 0 0 41.0753 55.9247
54 0 0 0 0 6.96045 37.0395
55 0 0 0 0 46.2682 8.73175
56 0 0 0 0 8.0356 4.9644
57 0 0 0 0 21.1637 13.8363
58 0 0 0 0 2.22153 68.7785
59 0 0 0 0 58.6683 19.3317
60 0 0 0 0 18.5 38.5
61 0 0 0 0 9.93769 86.0623
62 0 0 0 0 22.3107 18.6893
63 0 0 0 0 11.1364 23.8636
64 0 0 0 0 5.6999 7.3001
65 0 0 0 0 3.38462 66.6154
66 0 0 0 0 11.5636 5.43644
67 0 0 0 0 7.26582 33.7342
68 0 0 0 0 9.495 8.505
69 0 0 0 0 0.920502 5.0795
70 0 0 0 0 67.1538 13.8462
71 0 0 0 0 23.0871 31.9129
72 0 0 0 0 61.1282 18.8718
73 0 0 0 0 13.4921 20.5079
74 0 0 0 0 45.6962 30.3038
75 0 0 0 0 57.081 0.919014
76 0 0 0 0 29.1628 3.83721
77 0 0 0 0 4.08333 5.91667
78 0 0 0 0 4.87805 59.122
79 0 0 0 0 2.39516 63.6048
80 0 0 0 0 5.03226 6.96774
81 0 0 0 0 16.2477 70.7523
82 0 0 0 0 20.1438 0.856172
83 0 0 0 0 13.9596 47.0404
84 0 0 0 0 26.9416 27.0584
85 0 0 0 0 5.58704 1.41296
86 0 0 0 0 25.3015 22.6985
87 0 0 0 0 19.8784 27.1216
88 0 0 0 0 20.0496 5.95044
89 0 0 0 0 22.7376 3.26236
90 0 0 0 0 6.08684 2.91316
91 0 0 0 0 5.43561 29.5644
92 0 0 0 0 5.92308 71.0769
93 0 0 0 0 52.1966 4.80337
94 0 0 0 0 27.6041 69.3959
95 0 0 0 0 19.6264 31.3736
96 0 0 0 0 3.21355 6.78645
97 0 0 0 0 35.4146 3.58537
98 0 0 0 0 8.41149 16.5885
99 0 0 0 0 40 26
100 0 0 0 0 61.3333 30.6667
101 0 0 0 0 8.23774 27.7623
102 0 0 0 0 27.5441 7.4559
103 0 0 0 0 13.1643 45.8357
104 0 0 0 0 19.4378 51.5622
105 0 0 0 0 0.395522 52.6045
106 0 0 0 0 6.25918 35.7408
107 0 0 0 0 76.577 15.423
108 0 0 0 0 27.3659 8.63415
109 0 0 0 0 35.0374 49.9626
110 0 0 0 0 83.7238 9.27621
111 0 0 0 0 11.1864 15.8136
112 0 0 0 0 16.6705 71.3295
113 0 0 0 0 2.01619 80.9838
114 0 0 0 0 61.5363 0.463675
115 0 0 0 0 43.0499 8.95009
116 0 0 0 0 23.6796 19.3204
117 0 0 0 0 7.72537 47.2746
118 0 0 0 0 8.50186 50.4981
119 0 0 0 0 33.4385 7.56148
120 0 0 0 0 3.4621 55.5379
121 0 0 0 0 71.4926 11.5074
122 0 0 0 0 65.2389 6.76112
123 0 0 0 0 28.8532 8.14679
124 0 0 0 0 57.1429 30.8571
125 0 0 0 0 59.514 7.48603
126 0 0 0 0 17.4411 12.5589
127 0 0 0 0 49.9392 10.0608
128 0 0 0 0 26.6454 26.3546
129 0 0 0 0 74.8664 23.1336
130 0 0 0 0 90.1842 1.81579
131 0 0 0 0 22.8376 17.1624
132 0 0 0 0 12.8171 33.1829
133 0 0 0 0 35.1245 15.8755
134 0 0 0 0 56.7857 4.21429
135 0 0 0 0 48.96 23.04
136 0 0 0 0 38.7188 20.2812
137 0 0 0 0 8.35802 0.641975
138 0 0 0 0 15.4709 7.52915
139 0 0 0 0 1.21315 2.78685
140 0 0 0 0 15.3814 17.6186
141 0 0 0 0 2.05704 0.942961
142 0 0 0 0 2.80751 10.1925
143 0 0 0 0 15.2058 23.7942
144 0 0 0 0 9.504 26.496
145 0 0 0 0 71.8367 16.1633
146 0 0 0 0 55.0622 44.9378
147 0 0 0 0 66.411 8.58896
148 0 0 0 0 60.9986 2.00138
149 0 0 0 0 17.3617 16.6383
150 0 0 0 0 5.84456 0.15544
151 0 0 0 0 21.7558 31.2442
152 0 0 0 0 8.57344 55.4266
153 0 0 0 0 35.2871 11.7129
154 0 0 0 0 36.4299 4.57006
155 0 0 0 0 1.10905 47.8909
156 0 0 0 0 51.8758 43.1242
157 0 0 0 0 14.3158 2.68421
158 0 0 0 0 58.7984 10.2016
159 0 0 0 0 19.834 59.166
160 0 0 0 0 71.1492 22.8508
161 0 0 0 0 68.6071 16.3929
162 0 0 0 0 43.5127 53.4873
163 0 0 0 0 20.9709 6.02913
164 0 0 0 0 13.1185 69.8815
165 0 0 0 0 27.1178 13.8822
166 0 0 0 0 85.4481 1.55194
167 0 0 0 0 3.37371 7.62629
168 0 0 0 0 36.0657 58.9343
169 0 0 0 0 25.4304 15.5696
170 0 0 0 0 43.9241 55.0759
171 0 0 0 0 31.0693 26.9307
172 0 0 0 0 4.46186 21.5381
173 0 0 0 0 37.9425 19.0575
174 0 0 0 0 18.4339 33.5661
175 0 0 0 0 2.21739 15.7826
176 0 0 0 0 3.39365 5.60635
177 0 0 0 0 29.8683 13.1317
178 0 0 0 0 4.56522 10.4348
179 0 0 0 0 21.2645 71.7355
180 0 0 0 0 11.9878 6.01222
181 0 0 0 0 7.69174 24.3083
182 0 0 0 0 16.6741 1.32589
183 0 0 0 0 45.3054 51.6946
184 0 0 0 0 38.1025 57.8975
185 0 0 0 0 53.4959 4.50409
186 0 0 0 0 30.781 62.219
187 0 0 0 0 22.4978 14.5022
188 0 0 0 0 5.53633 94.4637
189 0 0 0 0 33.6831 63.3169
190 0 0 0 0 31.8437 9.15633
191 0 0 0 0 6.37383 15.6262
192 0 0 0 0 74.0544 12.9456
193 0 0 0 0 11.2365 30.7635
194 0 0 0 0 9.01952 6.98048
195 0 0 0 0 2.04348 91.9565
196 0 0 0 0 4.58108 2.41892
197 0 0 0 0 77.0837 18.9163
198 0 0 0 0 0.14539 40.8546
199 0 0 0 0 66.9341 23.0659
200 0 0 0 0 11.9665 22.0335
201 0 0 0 0 81.958 9.04204
202 0 0 0 0 27.4607 19.5393
203 0 0 0 0 18.4962 2.50385
204 0 0 0 0 12.1592 6.84079
205 0 0 0 0 27.8092 9.19083
206 0 0 0 0 13.6968 26.3032
207 0 0 0 0 61.1413 17.8587
208 0 0 0 0 12.5311 47.4689
209 0 0 0 0 37.9093 50.0907
210 0 0 0 0 3.40141 80.5986
211 0 0 0 0 41.6096 33.3904
212 0 0 0 0 10.8621 1.13793
213 0 0 0 0 15.1304 26.8696
214 0 0 0 0 9.12172 11.8783
215 0 0 0 0 12.5971 78.4029
216 0 0 0 0 5.387 0.613003
217 0 0 0 0 49.7254 7.27464
218 0 0 0 0 0.585603 6.4144
219 0 0 0 0 46.1448 19.8552
220 0 0 0 0 6.47854 0.521465
221 0 0 0 0 64.5733 34.4267
222 0 0 0 0 21.0403 53.9597
223 0 0 0 0 2.09987 1.90013
224 0 0 0 0 43.4906 41.5094
225 0 0 0 0 8.11123 1.88877
226 0 0 0 0 18.0921 10.9079
227 0 0 0 0 0.162651 5.83735
228 0 0 0 0 14.0068 5.99319
229 0 0 0 0 5.39517 1.60483
230 0 0 0 0 3.46535 46.5347
231 0 0 0 0 19.2248 6.77524
232 0 0 0 0 2.96444 26.0356
233 0 0 0 0 42.1419 56.8581
234 0 0 0 0 39.7622 5.2378
235 0 0 0 0 28.561 28.439
236 0 0 0 0 11.2673 2.73273
237 0 0 0 0 5.46523 27.5348
238 0 0 0 0 0.391121 1.60888
239 0 0 0 0 16.4824 21.5176
240 0 0 0 0 29.1347 13.8653
241 0 0 0 0 10.1053 53.8947
242 0 0 0 0 55.9548 29.0452
243 0 0 0 0 71.8554 12.1446
244 0 0 0 0 17.4068 28.5932
245 0 0 0 0 15.3165 37.6835
246 0 0 0 0 16.0355 28.9645
247 0 0 0 0 32.3501 15.6499
248 0 0 0 0 16.8915 31.1085
249 0 0 0 0 34.7684 50.2316
250 0 0 0 0 20.0216 39.9784
251 0 0 0 0 0.182836 1.81716
252 0 0 0 0 4.50787 12.4921
253 0 0 0 0 5.58402 6.41598
254 0 0 0 0 65.8125 33.1875
255 0 0 0 0 13.5169 29.4831
256 0 0 0 0 29.5541 10.4459
257 0 0 0 0 17.9477 11.0523
258 0 0 0 0 6.58 6.42
259 0 0 0 0 7.39573 21.6043
260 0 0 0 0 15.9706 10.0294
261 0 0 0 0 11.8705 54.1295
