NAME : X-n242-k48
COMMENT : "Generated by Uchoa, Pecin, Pessoa, Poggi, Subramanian, and Vidal (2013)"
TYPE : CVRP
DIMENSION : 242
EDGE_WEIGHT_TYPE : EUC_2D
CAPACITY : 28
NODE_COORD_SECTION
1 0 0
2 346 793
3 692 966
4 171 666
5 287 795
6 93 919
7 712 216
8 991 988
9 475 266
10 71 307
11 83 987
12 518 392
13 807 134
14 377 164
15 692 127
16 701 530
17 831 255
18 938 210
19 873 127
20 569 817
21 796 379
22 6 182
23 917 620
24 728 936
25 157 644
26 668 333
27 564 876
28 861 333
29 70 79
30 330 931
31 513 308
32 230 725
33 896 107
34 234 758
35 911 970
36 177 587
37 697 37
38 947 615
39 861 54
40 620 667
41 739 572
42 861 818
43 917 398
44 555 473
45 992 303
46 701 695
47 588 974
48 556 781
49 627 213
50 19 93
51 837 398
52 277 133
53 521 177
54 694 875
55 575 428
56 949 337
57 752 458
58 432 417
59 173 459
60 881 966
61 101 210
62 270 113
63 951 30
64 959 856
65 554 981
66 72 873
67 681 319
68 149 612
69 799 203
70 30 618
71 92 644
72 997 104
73 727 707
74 163 790
75 364 966
76 119 969
77 931 207
78 820 844
79 630 384
80 721 103
81 209 814
82 176 751
83 476 638
84 76 178
85 62 523
86 737 499
87 442 611
88 42 123
89 194 726
90 835 589
91 521 825
92 554 637
93 11 702
94 129 540
95 659 941
96 122 683
97 123 119
98 111 386
99 253 262
100 338 989
101 844 543
102 596 175
103 657 234
104 369 551
105 688 921
106 228 473
107 676 942
108 463 128
109 875 97
110 982 861
111 67 607
112 445 748
113 828 305
114 659 433
115 43 98
116 216 200
117 673 668
118 387 303
119 768 421
120 258 543
121 737 698
122 124 97
123 859 222
124 130 599
125 52 803
126 157 460
127 888 289
128 970 456
129 854 776
130 600 549
131 877 51
132 992 969
133 80 304
134 893 539
135 805 76
136 990 256
137 873 464
138 306 119
139 101 574
140 836 204
141 74 223
142 438 996
143 150 894
144 979 964
145 733 939
146 716 390
147 787 27
148 947 450
149 599 860
150 893 538
151 801 106
152 846 847
153 627 625
154 553 193
155 435 902
156 860 100
157 472 765
158 605 123
159 887 327
160 752 426
161 996 198
162 789 612
163 803 935
164 361 801
165 760 739
166 170 958
167 786 418
168 107 470
169 531 586
170 646 977
171 892 113
172 486 445
173 778 834
174 438 499
175 128 494
176 572 1000
177 174 964
178 599 871
179 957 677
180 518 177
181 93 349
182 506 454
183 792 919
184 55 284
185 116 755
186 368 125
187 502 114
188 994 392
189 523 837
190 721 780
191 907 303
192 719 842
193 799 638
194 928 824
195 280 162
196 697 736
197 131 96
198 680 683
199 850 512
200 972 443
201 913 538
202 499 296
203 296 811
204 664 100
205 237 179
206 232 621
207 252 659
208 474 107
209 401 630
210 556 126
211 804 296
212 180 632
213 405 387
214 475 300
215 992 105
216 137 104
217 454 340
218 821 145
219 307 108
220 780 725
221 453 269
222 756 679
223 196 467
224 120 954
225 512 344
226 266 435
227 559 986
228 248 22
229 446 627
230 672 964
231 247 606
232 834 425
233 269 568
234 115 328
235 565 915
236 621 421
237 701 511
238 70 610
239 771 636
240 937 537
241 664 187
242 840 406
PICKUP_AND_DELIVERY_SECTION
1 0 0 0 0 0 0
2 0 0 0 0 3.38209 2.61791
3 0 0 0 0 0.567288 1.43271
4 0 0 0 0 1.48649 0.513514
5 0 0 0 0 0.638994 0.361006
6 0 0 0 0 7.19042 0.809576
7 0 0 0 0 2.08989 0.910112
8 0 0 0 0 0.00302725 0.996973
9 0 0 0 0 1.76 2.24
10 0 0 0 0 5.38111 1.61889
11 0 0 0 0 9.15907 0.840932
12 0 0 0 0 0.972973 3.02703
13 0 0 0 0 5.00372 0.996283
14 0 0 0 0 5.08488 3.91512
15 0 0 0 0 5.71532 1.28468
16 0 0 0 0 0.487874 1.51213
17 0 0 0 0 4.15884 1.84116
18 0 0 0 0 1.55224 0.447761
19 0 0 0 0 1.70905 0.290951
20 0 0 0 0 1.51775 3.48225
21 0 0 0 0 2.09548 1.90452
22 0 0 0 0 5.8022 0.197802
23 0 0 0 0 1.29553 2.70447
24 0 0 0 0 2.22222 7.77778
25 0 0 0 0 0.756211 0.243789
26 0 0 0 0 0.501497 0.498503
27 0 0 0 0 0.356164 0.643836
28 0 0 0 0 1.83972 1.16028
29 0 0 0 0 0.113924 0.886076
30 0 0 0 0 2.58217 1.41783
31 0 0 0 0 2.39766 3.60234
32 0 0 0 0 0.682759 0.317241
33 0 0 0 0 6.16406 0.835938
34 0 0 0 0 6.22164 2.77836
35 0 0 0 0 0.425773 6.57423
36 0 0 0 0 2.0954 0.9046
37 0 0 0 0 9.46915 0.530846
38 0 0 0 0 3.50581 6.49419
39 0 0 0 0 5.62369 0.376307
40 0 0 0 0 0.281859 3.71814
41 0 0 0 0 0.225981 0.774019
42 0 0 0 0 0.149826 2.85017
43 0 0 0 0 5.65976 4.34024
44 0 0 0 0 1.47748 8.52252
45 0 0 0 0 4.8619 2.1381
46 0 0 0 0 0.0770328 8.92297
47 0 0 0 0 3.96304 6.03696
48 0 0 0 0 2.30474 5.69526
49 0 0 0 0 2.64115 1.35885
50 0 0 0 0 7.95699 2.04301
51 0 0 0 0 3.67145 3.32855
52 0 0 0 0 3.63899 3.36101
53 0 0 0 0 4.62188 2.37812
54 0 0 0 0 1.03429 3.96571
55 0 0 0 0 0.255652 0.744348
56 0 0 0 0 1.93467 1.06533
57 0 0 0 0 3.12766 4.87234
58 0 0 0 0 0.347222 9.65278
59 0 0 0 0 4.36166 2.63834
60 0 0 0 0 0.263975 2.73602
61 0 0 0 0 3.11429 2.88571
62 0 0 0 0 1.74444 1.25556
63 0 0 0 0 8.71609 0.283912
64 0 0 0 0 0.751825 6.24818
65 0 0 0 0 4.3527 5.6473
66 0 0 0 0 5.50515 0.494845
67 0 0 0 0 2.65786 2.34214
68 0 0 0 0 6.05229 1.94771
69 0 0 0 0 5.96746 2.03254
70 0 0 0 0 4.75728 0.242718
71 0 0 0 0 1.71429 0.285714
72 0 0 0 0 4.47844 0.521565
73 0 0 0 0 0.220083 7.77992
74 0 0 0 0 0.793671 0.206329
75 0 0 0 0 4.36232 2.63768
76 0 0 0 0 8.77193 1.22807
77 0 0 0 0 6.99893 2.00107
78 0 0 0 0 0.199052 6.80095
79 0 0 0 0 3.51429 5.48571
80 0 0 0 0 6 1
81 0 0 0 0 3.71622 1.28378
82 0 0 0 0 1.53129 0.468708
83 0 0 0 0 1.26959 3.73041
84 0 0 0 0 2.29213 1.70787
85 0 0 0 0 5.28872 0.711281
86 0 0 0 0 3.22931 6.77069
87 0 0 0 0 0.829787 2.17021
88 0 0 0 0 3.95122 2.04878
89 0 0 0 0 2.19835 0.801653
90 0 0 0 0 1.76766 4.23234
91 0 0 0 0 1.47394 2.52606
92 0 0 0 0 0.390895 2.60911
93 0 0 0 0 2.95299 0.0470085
94 0 0 0 0 5.32778 1.67222
95 0 0 0 0 1.79809 4.20191
96 0 0 0 0 4.92826 1.07174
97 0 0 0 0 0.292683 8.70732
98 0 0 0 0 4.27461 1.72539
99 0 0 0 0 0.171756 4.82824
100 0 0 0 0 6.58241 3.41759
101 0 0 0 0 2.49645 4.50355
102 0 0 0 0 7.06376 2.93624
103 0 0 0 0 1.93151 1.06849
104 0 0 0 0 0.330309 0.669691
105 0 0 0 0 0.505972 1.49403
106 0 0 0 0 0.51797 0.48203
107 0 0 0 0 2.25902 5.74098
108 0 0 0 0 4.34125 1.65875
109 0 0 0 0 4.44571 0.554286
110 0 0 0 0 1.23218 8.76782
111 0 0 0 0 8.00659 0.99341
112 0 0 0 0 2.83556 4.16444
113 0 0 0 0 3.78986 2.21014
114 0 0 0 0 2.40061 4.59939
115 0 0 0 0 2.2449 1.7551
116 0 0 0 0 0.666667 8.33333
117 0 0 0 0 0.00742942 0.992571
118 0 0 0 0 1.51938 5.48062
119 0 0 0 0 0.903646 1.09635
120 0 0 0 0 4.72376 4.27624
121 0 0 0 0 0.105834 1.89417
122 0 0 0 0 2.17742 7.82258
123 0 0 0 0 0.74156 0.25844
124 0 0 0 0 4.69783 1.30217
125 0 0 0 0 3.74097 0.259029
126 0 0 0 0 1.97609 1.02391
127 0 0 0 0 6.7455 3.2545
128 0 0 0 0 2.11959 1.88041
129 0 0 0 0 0.0913349 0.908665
130 0 0 0 0 0.85 9.15
131 0 0 0 0 4.70924 0.290764
132 0 0 0 0 0.0695565 2.93044
133 0 0 0 0 6.63158 2.36842
134 0 0 0 0 3.17133 4.82867
135 0 0 0 0 2.71677 0.28323
136 0 0 0 0 0.741414 0.258586
137 0 0 0 0 4.68499 5.31501
138 0 0 0 0 2.44444 1.55556
139 0 0 0 0 4.12021 0.879791
140 0 0 0 0 1.51196 0.488038
141 0 0 0 0 2.67265 1.32735
142 0 0 0 0 0.560241 0.439759
143 0 0 0 0 3.32886 0.671141
144 0 0 0 0 0.0919305 5.90807
145 0 0 0 0 0.658147 2.34185
146 0 0 0 0 3.18715 3.81285
147 0 0 0 0 2.89708 0.102922
148 0 0 0 0 3.14889 2.85111
149 0 0 0 0 1.51744 3.48256
150 0 0 0 0 0.397536 0.602464
151 0 0 0 0 2.603 0.397004
152 0 0 0 0 0.0106257 8.98937
153 0 0 0 0 0.0127592 3.98724
154 0 0 0 0 1.30199 0.698011
155 0 0 0 0 3.10643 2.89357
156 0 0 0 0 4.4186 0.581395
157 0 0 0 0 3.83007 6.16993
158 0 0 0 0 5.57686 1.42314
159 0 0 0 0 3.78805 2.21195
160 0 0 0 0 4.33511 5.66489
161 0 0 0 0 1.60241 0.39759
162 0 0 0 0 1.79468 6.20532
163 0 0 0 0 0.847059 5.15294
164 0 0 0 0 3.84519 3.15481
165 0 0 0 0 0.138158 4.86184
166 0 0 0 0 4.93528 1.06472
167 0 0 0 0 3.74555 4.25445
168 0 0 0 0 0.77234 0.22766
169 0 0 0 0 0.656997 6.343
170 0 0 0 0 3.38792 6.61208
171 0 0 0 0 3.49327 0.506726
172 0 0 0 0 0.843621 9.15638
173 0 0 0 0 0.671463 9.32854
174 0 0 0 0 0.855711 6.14429
175 0 0 0 0 5.18623 1.81377
176 0 0 0 0 0.428 0.572
177 0 0 0 0 1.639 0.360996
178 0 0 0 0 0.312285 0.687715
179 0 0 0 0 0.585162 1.41484
180 0 0 0 0 4.60811 2.39189
181 0 0 0 0 6.60172 2.39828
182 0 0 0 0 0.719368 6.28063
183 0 0 0 0 1.38194 8.61806
184 0 0 0 0 3.22535 0.774648
185 0 0 0 0 2.53907 0.460927
186 0 0 0 0 1.98098 1.01902
187 0 0 0 0 7.72908 2.27092
188 0 0 0 0 1.21127 0.788732
189 0 0 0 0 1.12545 1.87455
190 0 0 0 0 0.151282 1.84872
191 0 0 0 0 5.32745 2.67255
192 0 0 0 0 0.292162 1.70784
193 0 0 0 0 1.81352 7.18648
194 0 0 0 0 1.12069 8.87931
195 0 0 0 0 2.10714 2.89286
196 0 0 0 0 0.423913 7.57609
197 0 0 0 0 2.1374 5.8626
198 0 0 0 0 0.0395315 8.96047
199 0 0 0 0 0.397647 0.602353
200 0 0 0 0 5.44239 4.55761
201 0 0 0 0 4.10734 5.89266
202 0 0 0 0 3.66132 5.33868
203 0 0 0 0 4.44513 2.55487
204 0 0 0 0 1.6988 0.301205
205 0 0 0 0 0.734177 2.26582
206 0 0 0 0 1.87923 1.12077
207 0 0 0 0 1.85281 1.14719
208 0 0 0 0 0.774262 0.225738
209 0 0 0 0 0.363492 0.636508
210 0 0 0 0 7.73381 2.26619
211 0 0 0 0 6.31841 3.68159
212 0 0 0 0 3.57595 1.42405
213 0 0 0 0 0.222222 4.77778
214 0 0 0 0 3.68421 6.31579
215 0 0 0 0 6.25907 0.740927
216 0 0 0 0 0.240876 0.759124
217 0 0 0 0 2.00881 5.99119
218 0 0 0 0 0.823386 0.176614
219 0 0 0 0 0.648208 0.351792
220 0 0 0 0 0.0705128 0.929487
221 0 0 0 0 1.62472 2.37528
222 0 0 0 0 0.509259 4.49074
223 0 0 0 0 5.2227 3.7773
224 0 0 0 0 6.1195 0.880503
225 0 0 0 0 2.95312 6.04688
226 0 0 0 0 2.71954 4.28046
227 0 0 0 0 1.29919 1.70081
228 0 0 0 0 6.37903 0.620968
229 0 0 0 0 2.02073 4.97927
230 0 0 0 0 0.605809 1.39419
231 0 0 0 0 2.96205 2.03795
232 0 0 0 0 2.45204 2.54796
233 0 0 0 0 3.68486 3.31514
234 0 0 0 0 1.29878 0.70122
235 0 0 0 0 3.82514 6.17486
236 0 0 0 0 0.966184 2.03382
237 0 0 0 0 1.35521 3.64479
238 0 0 0 0 4.42623 0.57377
239 0 0 0 0 0.875486 4.12451
240 0 0 0 0 1.28068 1.71932
241 0 0 0 0 4.31024 1.68976
242 0 0 0 0 1.55 1.45
