NAME : X-n766-k71
COMMENT : "Generated by Uchoa, Pecin, Pessoa, Poggi, Subramanian, and Vidal (2013)"
TYPE : CVRP
DIMENSION : 766
EDGE_WEIGHT_TYPE : EUC_2D
CAPACITY : 166
NODE_COORD_SECTION
1 0 0
2 409 418
3 378 220
4 469 585
5 91 695
6 455 648
7 86 403
8 493 292
9 124 630
10 43 202
11 961 668
12 538 143
13 114 523
14 273 287
15 884 865
16 551 791
17 609 232
18 69 625
19 191 484
20 562 650
21 858 506
22 688 951
23 174 158
24 175 404
25 314 484
26 210 517
27 574 158
28 76 499
29 136 195
30 47 593
31 87 897
32 526 650
33 683 60
34 437 962
35 863 428
36 866 335
37 16 391
38 948 422
39 1 945
40 13 299
41 404 889
42 974 290
43 59 281
44 966 52
45 815 145
46 238 897
47 546 414
48 297 370
49 421 143
50 292 86
51 420 958
52 661 796
53 98 757
54 15 722
55 599 669
56 287 134
57 925 251
58 115 179
59 449 945
60 487 960
61 683 779
62 628 855
63 290 322
64 145 109
65 356 887
66 416 654
67 899 981
68 228 187
69 634 10
70 673 503
71 999 237
72 280 64
73 407 977
74 417 841
75 773 52
76 922 376
77 270 503
78 998 123
79 353 527
80 352 21
81 19 697
82 590 322
83 326 401
84 851 668
85 156 557
86 700 423
87 232 556
88 272 248
89 383 472
90 659 930
91 62 513
92 551 459
93 108 723
94 127 359
95 765 936
96 199 264
97 942 980
98 595 746
99 736 127
100 808 393
101 194 803
102 879 138
103 329 531
104 544 840
105 384 143
106 622 102
107 350 231
108 656 364
109 730 846
110 800 218
111 556 454
112 967 994
113 654 141
114 213 582
115 158 64
116 381 518
117 281 153
118 991 305
119 322 68
120 378 996
121 941 397
122 89 16
123 666 113
124 518 249
125 665 277
126 796 357
127 759 988
128 938 366
129 688 589
130 224 487
131 626 118
132 852 200
133 948 17
134 816 580
135 243 75
136 55 873
137 585 640
138 841 326
139 41 67
140 418 268
141 445 424
142 897 432
143 404 444
144 391 537
145 574 728
146 411 117
147 167 197
148 502 596
149 724 799
150 137 619
151 121 457
152 857 627
153 847 277
154 658 690
155 508 997
156 638 579
157 601 692
158 884 98
159 524 729
160 610 664
161 845 965
162 554 127
163 817 205
164 612 861
165 142 905
166 735 77
167 990 120
168 63 415
169 259 715
170 322 763
171 97 810
172 459 337
173 664 488
174 538 13
175 148 748
176 876 902
177 30 706
178 434 176
179 604 49
180 464 151
181 734 742
182 390 613
183 879 972
184 957 393
185 351 361
186 614 200
187 840 412
188 162 699
189 166 217
190 640 833
191 309 407
192 468 408
193 663 357
194 834 918
195 560 636
196 338 624
197 29 716
198 885 881
199 819 918
200 818 716
201 657 620
202 315 660
203 767 710
204 28 821
205 639 287
206 973 213
207 37 615
208 669 338
209 273 325
210 533 9
211 716 872
212 517 434
213 561 232
214 0 537
215 843 863
216 929 542
217 705 899
218 207 798
219 911 610
220 339 859
221 612 102
222 316 810
223 365 275
224 760 848
225 393 15
226 313 107
227 104 662
228 280 739
229 860 699
230 517 239
231 982 715
232 570 26
233 27 603
234 71 270
235 301 17
236 376 970
237 618 71
238 451 280
239 322 295
240 21 95
241 552 836
242 957 868
243 756 914
244 911 695
245 456 521
246 216 642
247 266 379
248 23 325
249 157 140
250 689 733
251 971 840
252 420 309
253 187 599
254 160 281
255 942 581
256 736 235
257 283 191
258 243 947
259 701 533
260 688 457
261 882 105
262 880 403
263 727 763
264 570 595
265 623 916
266 841 842
267 950 982
268 752 33
269 853 91
270 224 467
271 252 39
272 184 424
273 117 489
274 956 1000
275 972 425
276 895 182
277 668 858
278 289 178
279 397 772
280 490 992
281 958 336
282 308 253
283 270 351
284 654 299
285 143 955
286 423 495
287 288 575
288 647 818
289 585 134
290 874 685
291 599 498
292 812 27
293 346 184
294 225 623
295 306 312
296 66 672
297 692 808
298 873 625
299 963 854
300 406 262
301 592 596
302 541 20
303 78 96
304 406 574
305 218 533
306 779 657
307 615 657
308 721 148
309 447 492
310 468 394
311 486 290
312 579 792
313 356 736
314 315 612
315 58 395
316 290 79
317 729 421
318 356 702
319 656 508
320 743 847
321 548 92
322 454 572
323 49 808
324 902 700
325 503 186
326 801 148
327 968 613
328 309 508
329 484 528
330 417 871
331 590 883
332 588 906
333 85 837
334 651 193
335 50 718
336 939 795
337 105 219
338 679 87
339 935 858
340 637 841
341 43 674
342 3 542
343 783 185
344 539 977
345 605 590
346 960 56
347 587 221
348 581 900
349 194 248
350 207 151
351 293 630
352 273 573
353 422 318
354 234 860
355 301 713
356 206 726
357 602 361
358 859 230
359 962 915
360 550 353
361 249 328
362 725 828
363 81 319
364 549 215
365 585 62
366 806 233
367 417 151
368 29 337
369 28 797
370 903 544
371 180 278
372 894 511
373 708 654
374 146 870
375 537 706
376 622 795
377 951 148
378 492 839
379 104 80
380 775 9
381 789 686
382 227 95
383 452 189
384 488 244
385 457 60
386 465 796
387 605 462
388 978 354
389 894 959
390 648 116
391 596 57
392 560 381
393 337 243
394 555 699
395 466 780
396 556 92
397 348 195
398 725 18
399 672 142
400 534 484
401 595 369
402 547 135
403 503 150
404 588 394
405 472 40
406 525 398
407 542 437
408 650 135
409 942 842
410 552 921
411 466 261
412 584 443
413 683 192
414 479 62
415 626 568
416 439 321
417 718 266
418 533 231
419 674 161
420 669 79
421 428 5
422 638 718
423 34 333
424 403 892
425 384 624
426 575 146
427 648 154
428 656 373
429 436 227
430 455 104
431 883 410
432 460 81
433 415 834
434 655 565
435 747 331
436 985 962
437 659 480
438 775 47
439 520 443
440 546 530
441 643 534
442 410 356
443 920 324
444 610 14
445 527 229
446 641 50
447 456 14
448 491 20
449 559 497
450 856 433
451 638 485
452 463 71
453 537 185
454 367 202
455 959 121
456 586 434
457 303 743
458 377 740
459 683 191
460 437 871
461 638 183
462 898 946
463 654 71
464 535 8
465 816 858
466 848 841
467 623 349
468 562 292
469 469 187
470 933 277
471 502 750
472 557 736
473 909 533
474 522 831
475 986 393
476 638 100
477 498 835
478 590 404
479 554 269
480 771 974
481 542 759
482 781 219
483 466 370
484 236 287
485 470 231
486 375 290
487 538 500
488 637 176
489 432 394
490 500 734
491 950 392
492 519 148
493 459 713
494 535 229
495 406 224
496 912 370
497 893 908
498 402 173
499 515 391
500 525 148
501 763 808
502 557 729
503 500 29
504 637 159
505 976 323
506 541 414
507 260 372
508 398 168
509 480 253
510 633 412
511 514 765
512 574 448
513 931 992
514 537 73
515 361 158
516 539 292
517 538 113
518 491 269
519 549 360
520 497 533
521 733 250
522 548 50
523 908 293
524 683 466
525 699 366
526 562 673
527 467 137
528 610 675
529 625 465
530 641 54
531 630 119
532 431 793
533 328 389
534 372 101
535 524 908
536 858 6
537 435 784
538 525 509
539 584 463
540 519 733
541 317 132
542 604 158
543 983 457
544 511 585
545 455 748
546 907 343
547 627 247
548 901 332
549 689 533
550 546 156
551 355 930
552 588 246
553 404 127
554 601 493
555 388 924
556 600 73
557 930 112
558 686 332
559 395 917
560 507 405
561 479 820
562 615 262
563 876 977
564 435 108
565 809 927
566 521 849
567 601 80
568 48 799
569 717 125
570 546 482
571 322 236
572 905 895
573 511 215
574 166 836
575 498 231
576 481 19
577 618 125
578 509 79
579 539 424
580 787 969
581 919 958
582 409 768
583 477 915
584 420 79
585 568 275
586 839 150
587 355 725
588 495 783
589 615 191
590 766 234
591 673 566
592 423 762
593 442 171
594 403 55
595 639 371
596 837 336
597 885 892
598 384 474
599 862 505
600 309 275
601 992 289
602 697 410
603 390 123
604 305 640
605 359 186
606 629 740
607 544 788
608 435 59
609 499 737
610 974 260
611 339 757
612 602 118
613 770 156
614 989 366
615 424 61
616 353 228
617 441 358
618 531 189
619 497 210
620 539 312
621 576 115
622 502 232
623 373 696
624 859 428
625 616 417
626 508 89
627 561 324
628 595 357
629 998 458
630 806 797
631 485 162
632 829 360
633 449 277
634 526 761
635 455 768
636 450 54
637 908 981
638 335 791
639 502 274
640 923 363
641 698 99
642 909 979
643 986 411
644 614 151
645 413 713
646 698 294
647 668 73
648 446 237
649 556 420
650 557 187
651 544 515
652 475 826
653 552 849
654 346 216
655 471 100
656 511 178
657 769 505
658 569 541
659 919 370
660 699 319
661 989 314
662 455 187
663 945 932
664 479 893
665 639 494
666 634 166
667 948 927
668 820 824
669 652 92
670 948 942
671 372 659
672 542 251
673 342 391
674 480 220
675 789 947
676 478 242
677 683 440
678 973 865
679 943 907
680 551 554
681 633 204
682 426 745
683 927 980
684 471 77
685 459 225
686 602 251
687 481 4
688 628 134
689 346 250
690 656 459
691 558 601
692 768 185
693 631 104
694 966 113
695 809 870
696 494 697
697 615 458
698 600 127
699 807 418
700 477 744
701 416 19
702 975 299
703 649 646
704 640 109
705 610 549
706 482 113
707 989 457
708 341 236
709 493 862
710 523 10
711 936 356
712 720 140
713 943 386
714 628 427
715 485 338
716 788 498
717 617 155
718 587 435
719 443 245
720 571 95
721 655 196
722 332 64
723 668 266
724 408 844
725 653 182
726 687 234
727 937 404
728 864 155
729 499 203
730 503 291
731 499 103
732 987 528
733 385 875
734 789 895
735 415 607
736 537 223
737 621 144
738 371 45
739 407 837
740 484 378
741 710 162
742 640 104
743 671 15
744 978 976
745 669 224
746 269 160
747 403 3
748 482 896
749 499 14
750 628 69
751 984 364
752 924 466
753 922 957
754 744 71
755 393 41
756 418 720
757 914 314
758 409 313
759 501 85
760 737 602
761 432 103
762 429 662
763 358 858
764 512 303
765 490 80
766 360 105
PICKUP_AND_DELIVERY_SECTION
1 0 0 0 0 0 0
2 0 0 0 0 1.83014 83.1699
3 0 0 0 0 37.2011 51.7989
4 0 0 0 0 14.0786 56.9214
5 0 0 0 0 59.0964 8.9036
6 0 0 0 0 15.4877 36.5123
7 0 0 0 0 59.7816 16.2184
8 0 0 0 0 23.2394 33.7606
9 0 0 0 0 58.6317 14.3683
10 0 0 0 0 70.0545 18.9455
11 0 0 0 0 30.4891 69.5109
12 0 0 0 0 44.7862 16.2138
13 0 0 0 0 71.9465 20.0535
14 0 0 0 0 4.82927 94.1707
15 0 0 0 0 1.20362 54.7964
16 0 0 0 0 27.6106 63.3894
17 0 0 0 0 43.9524 27.0476
18 0 0 0 0 61.3824 7.6176
19 0 0 0 0 47.8244 31.1756
20 0 0 0 0 12.5908 80.4092
21 0 0 0 0 25.0256 35.9744
22 0 0 0 0 25.9958 68.0042
23 0 0 0 0 5.7931 57.2069
24 0 0 0 0 50.448 38.552
25 0 0 0 0 30.9091 57.0909
26 0 0 0 0 59.381 40.619
27 0 0 0 0 69.5749 26.4251
28 0 0 0 0 77.988 14.012
29 0 0 0 0 22.6923 52.3077
30 0 0 0 0 63.5312 5.4688
31 0 0 0 0 65.0167 6.98328
32 0 0 0 0 16.4062 69.5938
33 0 0 0 0 70.2357 6.76428
34 0 0 0 0 37.1102 30.8898
35 0 0 0 0 40.8285 40.1715
36 0 0 0 0 61.3164 38.6836
37 0 0 0 0 91.1125 3.88747
38 0 0 0 0 37.73 30.27
39 0 0 0 0 70.9249 0.0751323
40 0 0 0 0 75.5652 3.43478
41 0 0 0 0 30.0056 24.9944
42 0 0 0 0 51.2649 21.7351
43 0 0 0 0 64.7829 17.2171
44 0 0 0 0 63.3934 3.60663
45 0 0 0 0 74.8098 16.1902
46 0 0 0 0 70.5284 25.4716
47 0 0 0 0 14.989 47.011
48 0 0 0 0 14.9946 61.0054
49 0 0 0 0 34.9976 18.0024
50 0 0 0 0 55.0274 22.9726
51 0 0 0 0 29.7641 23.2359
52 0 0 0 0 10.3455 50.6545
53 0 0 0 0 87.0542 12.9458
54 0 0 0 0 68.5457 1.45429
55 0 0 0 0 5.96413 51.0359
56 0 0 0 0 52.777 46.223
57 0 0 0 0 44.4476 16.5524
58 0 0 0 0 19.6648 35.3352
59 0 0 0 0 34.6413 31.3587
60 0 0 0 0 28.0844 28.9156
61 0 0 0 0 8.62644 61.3736
62 0 0 0 0 19.3813 53.6187
63 0 0 0 0 8.34783 75.6522
64 0 0 0 0 19.8621 60.1379
65 0 0 0 0 50.2864 33.7136
66 0 0 0 0 34.208 59.792
67 0 0 0 0 4.43017 48.5698
68 0 0 0 0 17.8026 81.1974
69 0 0 0 0 60.0379 0.962145
70 0 0 0 0 24.2496 71.7504
71 0 0 0 0 61.021 18.979
72 0 0 0 0 51.6857 15.3143
73 0 0 0 0 50.7574 36.2426
74 0 0 0 0 45.8787 45.1213
75 0 0 0 0 54.0983 3.90168
76 0 0 0 0 49.744 34.256
77 0 0 0 0 44.4692 51.5308
78 0 0 0 0 84.1683 11.8317
79 0 0 0 0 32.0266 64.9734
80 0 0 0 0 63.9432 4.05682
81 0 0 0 0 97.274 2.72597
82 0 0 0 0 27.2542 32.7458
83 0 0 0 0 16.8329 73.1671
84 0 0 0 0 17.4183 63.5817
85 0 0 0 0 43.1957 16.8043
86 0 0 0 0 36.01 54.99
87 0 0 0 0 56.5252 40.4748
88 0 0 0 0 4.85294 50.1471
89 0 0 0 0 12.0678 51.9322
90 0 0 0 0 21.8548 53.1452
91 0 0 0 0 57.1442 7.85575
92 0 0 0 0 11.1869 55.8131
93 0 0 0 0 43.3817 7.61826
94 0 0 0 0 38.7744 21.2256
95 0 0 0 0 10.2308 45.7692
96 0 0 0 0 15.2652 46.7348
97 0 0 0 0 3.29592 81.7041
98 0 0 0 0 14.7761 58.2239
99 0 0 0 0 56.2663 11.7337
100 0 0 0 0 41.6027 39.3973
101 0 0 0 0 60.6725 19.3275
102 0 0 0 0 84.3003 15.6997
103 0 0 0 0 24.3465 39.6535
104 0 0 0 0 29.6 54.4
105 0 0 0 0 48.9531 29.0469
106 0 0 0 0 45.1447 8.85531
107 0 0 0 0 3.06 5.94
108 0 0 0 0 2.67073 3.32927
109 0 0 0 0 0.548463 3.45154
110 0 0 0 0 2.1825 0.8175
111 0 0 0 0 0.917266 4.08273
112 0 0 0 0 0.190141 6.80986
113 0 0 0 0 3.92202 1.07798
114 0 0 0 0 3.80412 2.19588
115 0 0 0 0 5.94937 4.05063
116 0 0 0 0 1.05792 2.94208
117 0 0 0 0 0.455516 0.544484
118 0 0 0 0 2.76892 1.23108
119 0 0 0 0 7.09938 1.90062
120 0 0 0 0 3.10241 1.89759
121 0 0 0 0 1.15622 0.843783
122 0 0 0 0 4.10112 0.898876
123 0 0 0 0 0.83033 0.16967
124 0 0 0 0 3.63514 3.36486
125 0 0 0 0 4.08421 2.91579
126 0 0 0 0 5.51508 4.48492
127 0 0 0 0 0.231781 0.768219
128 0 0 0 0 5.48827 3.51173
129 0 0 0 0 1.29506 7.70494
130 0 0 0 0 2.70021 2.29979
131 0 0 0 0 6.49201 1.50799
132 0 0 0 0 1.53052 0.469484
133 0 0 0 0 2.9462 0.0537975
134 0 0 0 0 2.31373 5.68627
135 0 0 0 0 5.53086 2.46914
136 0 0 0 0 8.43299 0.56701
137 0 0 0 0 0.773438 8.22656
138 0 0 0 0 3.06183 1.93817
139 0 0 0 0 0.38806 0.61194
140 0 0 0 0 0.358852 0.641148
141 0 0 0 0 0.235955 4.76404
142 0 0 0 0 1.03679 0.963211
143 0 0 0 0 0.0900901 0.90991
144 0 0 0 0 1.3594 3.6406
145 0 0 0 0 1.48077 5.51923
146 0 0 0 0 7.15328 2.84672
147 0 0 0 0 1.52284 8.47716
148 0 0 0 0 0.946309 5.05369
149 0 0 0 0 0.844806 8.15519
150 0 0 0 0 2.33603 0.663974
151 0 0 0 0 1.47046 0.52954
152 0 0 0 0 0.805134 2.19487
153 0 0 0 0 1.34593 0.654073
154 0 0 0 0 0.0927536 1.90725
155 0 0 0 0 4.41424 4.58576
156 0 0 0 0 0.277429 2.72257
157 0 0 0 0 0.789017 5.21098
158 0 0 0 0 7.11312 0.886878
159 0 0 0 0 1.68724 4.31276
160 0 0 0 0 0.731928 8.26807
161 0 0 0 0 0.621762 4.37824
162 0 0 0 0 7.70758 2.29242
163 0 0 0 0 4.49449 1.50551
164 0 0 0 0 2.89199 7.10801
165 0 0 0 0 5.05856 0.941436
166 0 0 0 0 6.26667 0.733333
167 0 0 0 0 1.75758 0.242424
168 0 0 0 0 0.848193 0.151807
169 0 0 0 0 5.73986 3.26014
170 0 0 0 0 2.31193 1.68807
171 0 0 0 0 7.04198 0.958025
172 0 0 0 0 1.86057 5.13943
173 0 0 0 0 1.3253 3.6747
174 0 0 0 0 8.78253 0.217472
175 0 0 0 0 8.02139 1.97861
176 0 0 0 0 0.0864745 2.91353
177 0 0 0 0 9.57507 0.424929
178 0 0 0 0 2.97235 2.02765
179 0 0 0 0 8.26987 0.730132
180 0 0 0 0 4.72198 2.27802
181 0 0 0 0 0.097035 8.90296
182 0 0 0 0 2.91028 5.08972
183 0 0 0 0 0.095679 0.904321
184 0 0 0 0 4.71473 3.28527
185 0 0 0 0 0.166205 5.8338
186 0 0 0 0 6.0684 2.9316
187 0 0 0 0 5.09524 4.90476
188 0 0 0 0 4.60944 1.39056
189 0 0 0 0 2.11521 6.88479
190 0 0 0 0 0.463385 1.53661
191 0 0 0 0 0.481572 1.51843
192 0 0 0 0 0.384615 2.61538
193 0 0 0 0 3.23077 3.76923
194 0 0 0 0 0.366013 3.63399
195 0 0 0 0 1.07547 7.92453
196 0 0 0 0 0.916667 1.08333
197 0 0 0 0 6.71648 0.28352
198 0 0 0 0 0.0316384 6.96836
199 0 0 0 0 0.970588 8.02941
200 0 0 0 0 0.872861 6.12714
201 0 0 0 0 0.506849 8.49315
202 0 0 0 0 4.18182 3.81818
203 0 0 0 0 0.371578 4.62842
204 0 0 0 0 4.82948 0.170524
205 0 0 0 0 3.30516 2.69484
206 0 0 0 0 4.68654 1.31346
207 0 0 0 0 3.75935 0.24065
208 0 0 0 0 0.989537 1.01046
209 0 0 0 0 0.8 4.2
210 0 0 0 0 4.91557 0.0844278
211 0 0 0 0 1.78899 8.21101
212 0 0 0 0 1.28433 6.71567
213 0 0 0 0 2.34581 1.65419
214 0 0 0 0 2 0
215 0 0 0 0 0.208575 8.79143
216 0 0 0 0 1.24973 1.75027
217 0 0 0 0 1.07898 3.92102
218 0 0 0 0 7.40602 2.59398
219 0 0 0 0 1.98244 4.01756
220 0 0 0 0 4.23749 2.76251
221 0 0 0 0 8.33333 1.66667
222 0 0 0 0 1.21975 0.780247
223 0 0 0 0 2.21918 6.78082
224 0 0 0 0 0.518868 4.48113
225 0 0 0 0 8.65649 0.343511
226 0 0 0 0 5.92332 3.07668
227 0 0 0 0 0.8429 0.1571
228 0 0 0 0 6.2111 3.7889
229 0 0 0 0 1.49767 6.50233
230 0 0 0 0 1.61315 1.38685
231 0 0 0 0 0.543788 1.45621
232 0 0 0 0 8.58947 0.410526
233 0 0 0 0 9.55224 0.447761
234 0 0 0 0 1.47407 0.525926
235 0 0 0 0 3.77409 0.225914
236 0 0 0 0 4.2866 2.7134
237 0 0 0 0 8.85113 1.14887
238 0 0 0 0 2.6541 4.3459
239 0 0 0 0 0.586957 6.41304
240 0 0 0 0 4.67368 1.32632
241 0 0 0 0 1.69856 3.30144
242 0 0 0 0 0.278997 2.721
243 0 0 0 0 1.0372 4.9628
244 0 0 0 0 0.474204 1.5258
245 0 0 0 0 0.6238 4.3762
246 0 0 0 0 5.30841 2.69159
247 0 0 0 0 2.38522 5.61478
248 0 0 0 0 8.36308 0.636923
249 0 0 0 0 0.216561 1.78344
250 0 0 0 0 0.300136 4.69986
251 0 0 0 0 0.134912 0.865088
252 0 0 0 0 2.37857 6.62143
253 0 0 0 0 0.687813 0.312187
254 0 0 0 0 0.430605 0.569395
255 0 0 0 0 0.383227 0.616773
256 0 0 0 0 4.76495 2.23505
257 0 0 0 0 0.325088 0.674912
258 0 0 0 0 5.2038 1.7962
259 0 0 0 0 1.19829 3.80171
260 0 0 0 0 2.68605 5.31395
261 0 0 0 0 1.7619 0.238095
262 0 0 0 0 3.25227 2.74773
263 0 0 0 0 0.0471822 0.952818
264 0 0 0 0 0.378151 8.62185
265 0 0 0 0 2.23908 4.76092
266 0 0 0 0 0.00950119 7.9905
267 0 0 0 0 0.228106 6.77189
268 0 0 0 0 6.69282 0.307181
269 0 0 0 0 0.893318 0.106682
270 0 0 0 0 1.56103 1.43897
271 0 0 0 0 0.845238 0.154762
272 0 0 0 0 2.83019 2.16981
273 0 0 0 0 3.04294 0.957055
274 0 0 0 0 0.44 9.56
275 0 0 0 0 5.06481 3.93519
276 0 0 0 0 0.796648 0.203352
277 0 0 0 0 1.10723 3.89277
278 0 0 0 0 2.68858 4.31142
279 0 0 0 0 0.971503 1.0285
280 0 0 0 0 0.506048 0.493952
281 0 0 0 0 6.49269 3.50731
282 0 0 0 0 1.60714 7.39286
283 0 0 0 0 1.15385 3.84615
284 0 0 0 0 2.71407 2.28593
285 0 0 0 0 4.25131 0.748691
286 0 0 0 0 0.436364 2.56364
287 0 0 0 0 4.49217 4.50783
288 0 0 0 0 0.418093 1.58191
289 0 0 0 0 6.16752 1.83248
290 0 0 0 0 0.216247 0.783753
291 0 0 0 0 0.168614 0.831386
292 0 0 0 0 6.76724 0.232759
293 0 0 0 0 0.468208 0.531792
294 0 0 0 0 5.7496 3.2504
295 0 0 0 0 0.0192308 0.980769
296 0 0 0 0 8.11607 0.883929
297 0 0 0 0 1.43564 8.56436
298 0 0 0 0 1.98855 5.01145
299 0 0 0 0 0.792316 6.20768
300 0 0 0 0 2.48276 4.51724
301 0 0 0 0 0.0671141 9.93289
302 0 0 0 0 7.70425 0.295749
303 0 0 0 0 1.5 6.5
304 0 0 0 0 0.878049 2.12195
305 0 0 0 0 1.18199 0.818011
306 0 0 0 0 1.4095 7.5905
307 0 0 0 0 0.127854 1.87215
308 0 0 0 0 7.15257 1.84743
309 0 0 0 0 0.640244 6.35976
310 0 0 0 0 0.316239 1.68376
311 0 0 0 0 0.403292 0.596708
312 0 0 0 0 2.42045 6.57955
313 0 0 0 0 1.03261 0.967391
314 0 0 0 0 1.45588 1.54412
315 0 0 0 0 2.55949 0.440506
316 0 0 0 0 5.0931 1.9069
317 0 0 0 0 1.26749 1.73251
318 0 0 0 0 3.94302 4.05698
319 0 0 0 0 1.57927 5.42073
320 0 0 0 0 0.245573 1.75443
321 0 0 0 0 1.66423 0.335766
322 0 0 0 0 0.825175 3.17483
323 0 0 0 0 3.75743 0.242574
324 0 0 0 0 0.223947 0.776053
325 0 0 0 0 5.67197 3.32803
326 0 0 0 0 4.07615 0.923845
327 0 0 0 0 1.46694 2.53306
328 0 0 0 0 1.1752 1.8248
329 0 0 0 0 0.25 2.75
330 0 0 0 0 1.56372 1.43628
331 0 0 0 0 1.65912 3.34088
332 0 0 0 0 3.50993 6.49007
333 0 0 0 0 0.898447 0.101553
334 0 0 0 0 2.1106 0.889401
335 0 0 0 0 9.30362 0.696379
336 0 0 0 0 0.460064 2.53994
337 0 0 0 0 1.56164 1.43836
338 0 0 0 0 3.48748 0.512518
339 0 0 0 0 0.658824 7.34118
340 0 0 0 0 1.69798 5.30202
341 0 0 0 0 3.74481 0.255193
342 0 0 0 0 5.96679 0.0332103
343 0 0 0 0 7.63729 2.36271
344 0 0 0 0 3.13818 3.86182
345 0 0 0 0 0.247934 9.75207
346 0 0 0 0 8.475 0.525
347 0 0 0 0 3.74106 2.25894
348 0 0 0 0 2.83556 5.16444
349 0 0 0 0 1.95968 7.04032
350 0 0 0 0 0.270531 0.729469
351 0 0 0 0 3.74444 3.25556
352 0 0 0 0 5.2356 4.7644
353 0 0 0 0 0.985782 3.01422
354 0 0 0 0 5.09535 1.90465
355 0 0 0 0 2.8892 2.1108
356 0 0 0 0 0.716253 0.283747
357 0 0 0 0 3.20266 4.79734
358 0 0 0 0 4.39348 1.60652
359 0 0 0 0 0.0488565 0.951143
360 0 0 0 0 1.07455 1.92545
361 0 0 0 0 1.92683 6.07317
362 0 0 0 0 1.11957 7.88043
363 0 0 0 0 3.73041 1.26959
364 0 0 0 0 4.25865 2.74135
365 0 0 0 0 4.47009 0.529915
366 0 0 0 0 0.710918 0.289082
367 0 0 0 0 0.63789 0.36211
368 0 0 0 0 6.39763 0.602374
369 0 0 0 0 9.64868 0.351317
370 0 0 0 0 1.98782 3.01218
371 0 0 0 0 2.82014 5.17986
372 0 0 0 0 3.42729 4.57271
373 0 0 0 0 0.533898 6.4661
374 0 0 0 0 1.66437 0.335632
375 0 0 0 0 2.15439 6.84561
376 0 0 0 0 1.30566 4.69434
377 0 0 0 0 5.06625 0.933754
378 0 0 0 0 0.413588 0.586412
379 0 0 0 0 1.38462 4.61538
380 0 0 0 0 9.88387 0.116129
381 0 0 0 0 0.652725 4.34728
382 0 0 0 0 1.74449 1.25551
383 0 0 0 0 1.16372 0.836283
384 0 0 0 0 4 4
385 0 0 0 0 6.94967 1.05033
386 0 0 0 0 2.07915 2.92085
387 0 0 0 0 1.65455 5.34545
388 0 0 0 0 0.638037 0.361963
389 0 0 0 0 0.61001 8.38999
390 0 0 0 0 3.28395 0.716049
391 0 0 0 0 5.42617 0.573826
392 0 0 0 0 0.319643 0.680357
393 0 0 0 0 2.23145 5.76855
394 0 0 0 0 1.03004 3.96996
395 0 0 0 0 4.02564 5.97436
396 0 0 0 0 0.834532 0.165468
397 0 0 0 0 2.19828 2.80172
398 0 0 0 0 4.87586 0.124138
399 0 0 0 0 1.57738 0.422619
400 0 0 0 0 0.655431 6.34457
401 0 0 0 0 1.51933 2.48067
402 0 0 0 0 4.5192 1.4808
403 0 0 0 0 3.50895 1.49105
404 0 0 0 0 1.31973 2.68027
405 0 0 0 0 9.15254 0.847458
406 0 0 0 0 0.241905 0.758095
407 0 0 0 0 0.581181 2.41882
408 0 0 0 0 0.792308 0.207692
409 0 0 0 0 0.318471 2.68153
410 0 0 0 0 0.400651 0.599349
411 0 0 0 0 3.51931 4.48069
412 0 0 0 0 1.20719 3.79281
413 0 0 0 0 2.15666 0.843338
414 0 0 0 0 6.09395 0.906054
415 0 0 0 0 0.370607 3.62939
416 0 0 0 0 2.41913 6.58087
417 0 0 0 0 3.14763 1.85237
418 0 0 0 0 4.53283 3.46717
419 0 0 0 0 2.28338 0.716617
420 0 0 0 0 1.76383 0.236173
421 0 0 0 0 5.92991 0.0700935
422 0 0 0 0 0.222841 1.77716
423 0 0 0 0 0.897898 0.102102
424 0 0 0 0 5.48206 4.51794
425 0 0 0 0 1.92308 3.07692
426 0 0 0 0 4.47652 1.52348
427 0 0 0 0 0.762346 0.237654
428 0 0 0 0 2.58841 3.41159
429 0 0 0 0 1.91743 2.08257
430 0 0 0 0 5.4 1.6
431 0 0 0 0 3.74972 3.25028
432 0 0 0 0 4.94348 1.05652
433 0 0 0 0 4.01918 3.98082
434 0 0 0 0 1.23664 7.76336
435 0 0 0 0 1.67068 1.32932
436 0 0 0 0 0.210152 8.78985
437 0 0 0 0 1.08649 2.91351
438 0 0 0 0 5.63613 0.363871
439 0 0 0 0 0.444231 2.55577
440 0 0 0 0 0.0586081 1.94139
441 0 0 0 0 0.508554 2.49145
442 0 0 0 0 0.131707 0.868293
443 0 0 0 0 1.29565 0.704348
444 0 0 0 0 6.83934 0.160656
445 0 0 0 0 3.39279 2.60721
446 0 0 0 0 4.60998 0.390016
447 0 0 0 0 4.84649 0.153509
448 0 0 0 0 3.83707 0.162933
449 0 0 0 0 1.10912 8.89088
450 0 0 0 0 4.44743 4.55257
451 0 0 0 0 1.19906 3.80094
452 0 0 0 0 6.77322 1.22678
453 0 0 0 0 0.655493 0.344507
454 0 0 0 0 1.34877 1.65123
455 0 0 0 0 7.86444 1.13556
456 0 0 0 0 0.518771 1.48123
457 0 0 0 0 1.18439 0.815612
458 0 0 0 0 1.47162 1.52838
459 0 0 0 0 0.720351 0.279649
460 0 0 0 0 0.996556 1.00344
461 0 0 0 0 2.85266 1.14734
462 0 0 0 0 0.5074 9.4926
463 0 0 0 0 6.24006 0.759939
464 0 0 0 0 6.89533 0.104673
465 0 0 0 0 0.293706 5.70629
466 0 0 0 0 0.057783 6.94222
467 0 0 0 0 0.879615 1.12039
468 0 0 0 0 1.44128 1.55872
469 0 0 0 0 1.80384 1.19616
470 0 0 0 0 7.03108 2.96892
471 0 0 0 0 0.661333 1.33867
472 0 0 0 0 0.72962 2.27038
473 0 0 0 0 3.72277 5.27723
474 0 0 0 0 1.48736 2.51264
475 0 0 0 0 0.60142 0.39858
476 0 0 0 0 5.90282 1.09718
477 0 0 0 0 2.42156 3.57844
478 0 0 0 0 3.15254 6.84746
479 0 0 0 0 3.60108 3.39892
480 0 0 0 0 1.66735 6.33265
481 0 0 0 0 0.857708 2.14229
482 0 0 0 0 0.71959 0.28041
483 0 0 0 0 1.03004 3.96996
484 0 0 0 0 1.777 8.223
485 0 0 0 0 3.05106 2.94894
486 0 0 0 0 1.81333 6.18667
487 0 0 0 0 0.141264 1.85874
488 0 0 0 0 7.23705 2.76295
489 0 0 0 0 0.087963 0.912037
490 0 0 0 0 3.18801 6.81199
491 0 0 0 0 1.76211 1.23789
492 0 0 0 0 2.85934 1.14066
493 0 0 0 0 2.84993 5.15007
494 0 0 0 0 3.43178 2.56822
495 0 0 0 0 2.68966 3.31034
496 0 0 0 0 0.594298 0.405702
497 0 0 0 0 0.132159 7.86784
498 0 0 0 0 1.1393 0.860697
499 0 0 0 0 1.44466 4.55534
500 0 0 0 0 0.718095 0.281905
501 0 0 0 0 0.445545 7.55446
502 0 0 0 0 1.41564 4.58436
503 0 0 0 0 1.884 0.116
504 0 0 0 0 4.50235 1.49765
505 0 0 0 0 2.00717 0.992828
506 0 0 0 0 0.469501 1.5305
507 0 0 0 0 2.70968 6.29032
508 0 0 0 0 4.62312 3.37688
509 0 0 0 0 3.31042 3.68958
510 0 0 0 0 1.74566 3.25434
511 0 0 0 0 1.64052 3.35948
512 0 0 0 0 0.219512 0.780488
513 0 0 0 0 0.491935 7.50806
514 0 0 0 0 6.04842 0.951583
515 0 0 0 0 3.93629 3.06371
516 0 0 0 0 0.458256 0.541744
517 0 0 0 0 3.94981 1.05019
518 0 0 0 0 0.904277 1.09572
519 0 0 0 0 1.03279 1.96721
520 0 0 0 0 0.405253 5.59475
521 0 0 0 0 2.63574 1.36426
522 0 0 0 0 7.27007 0.729927
523 0 0 0 0 6.09581 2.90419
524 0 0 0 0 0.953148 2.04685
525 0 0 0 0 3.81116 4.18884
526 0 0 0 0 1.15453 5.84547
527 0 0 0 0 3.53319 1.46681
528 0 0 0 0 0.192593 1.80741
529 0 0 0 0 2.048 5.952
530 0 0 0 0 6.4103 0.589704
531 0 0 0 0 6.48889 1.51111
532 0 0 0 0 2.28247 2.71753
533 0 0 0 0 0.470437 2.52956
534 0 0 0 0 3.64247 1.35753
535 0 0 0 0 2.53744 3.46256
536 0 0 0 0 3.97203 0.027972
537 0 0 0 0 4.00638 4.99362
538 0 0 0 0 0.24381 7.75619
539 0 0 0 0 1.24315 4.75685
540 0 0 0 0 0.875853 2.12415
541 0 0 0 0 5.83596 4.16404
542 0 0 0 0 0.738411 0.261589
543 0 0 0 0 4.81587 4.18413
544 0 0 0 0 1.01197 6.98803
545 0 0 0 0 2.35027 3.64973
546 0 0 0 0 5.59647 3.40353
547 0 0 0 0 0.606061 0.393939
548 0 0 0 0 3.1576 1.8424
549 0 0 0 0 2.03774 6.96226
550 0 0 0 0 3.57143 1.42857
551 0 0 0 0 1.85484 1.14516
552 0 0 0 0 1.7449 1.2551
553 0 0 0 0 2.74257 1.25743
554 0 0 0 0 1.797 8.203
555 0 0 0 0 1.16017 0.839827
556 0 0 0 0 0.878333 0.121667
557 0 0 0 0 6.15699 0.843011
558 0 0 0 0 3.61224 3.38776
559 0 0 0 0 4.55398 3.44602
560 0 0 0 0 0.402367 1.59763
561 0 0 0 0 3.74268 5.25732
562 0 0 0 0 1.72195 1.27805
563 0 0 0 0 0.930399 8.0696
564 0 0 0 0 4.51034 1.48966
565 0 0 0 0 1.27292 8.72708
566 0 0 0 0 3.86337 6.13663
567 0 0 0 0 5.20133 0.798669
568 0 0 0 0 7.5194 0.480601
569 0 0 0 0 5.77964 1.22036
570 0 0 0 0 0.468864 3.53114
571 0 0 0 0 1.86957 5.13043
572 0 0 0 0 0.0331492 2.96685
573 0 0 0 0 4.05479 2.94521
574 0 0 0 0 1.60287 0.397129
575 0 0 0 0 1.60843 1.39157
576 0 0 0 0 8.64449 0.355509
577 0 0 0 0 0.797735 0.202265
578 0 0 0 0 7.60314 1.39686
579 0 0 0 0 0.426716 1.57328
580 0 0 0 0 0.375645 1.62436
581 0 0 0 0 0.0814196 1.91858
582 0 0 0 0 0.467448 0.532552
583 0 0 0 0 2.87213 3.12787
584 0 0 0 0 2.43571 0.564286
585 0 0 0 0 2.06338 1.93662
586 0 0 0 0 7.39094 1.60906
587 0 0 0 0 2.04138 1.95862
588 0 0 0 0 0.735632 1.26437
589 0 0 0 0 4.82602 2.17398
590 0 0 0 0 4.86162 2.13838
591 0 0 0 0 0.953938 5.04606
592 0 0 0 0 1.33465 1.66535
593 0 0 0 0 1.22624 0.773756
594 0 0 0 0 4.31762 0.682382
595 0 0 0 0 1.25822 1.74178
596 0 0 0 0 4.78853 3.21147
597 0 0 0 0 0.00784753 0.992152
598 0 0 0 0 0.949367 4.05063
599 0 0 0 0 2.07077 2.92923
600 0 0 0 0 0.220065 1.77994
601 0 0 0 0 1.41734 0.582661
602 0 0 0 0 1.23529 1.76471
603 0 0 0 0 2.05385 0.946154
604 0 0 0 0 1.57031 1.42969
605 0 0 0 0 1.44568 1.55432
606 0 0 0 0 1.5 8.5
607 0 0 0 0 2.7868 6.2132
608 0 0 0 0 6.91494 1.08506
609 0 0 0 0 1.93758 4.06242
610 0 0 0 0 7.3306 2.6694
611 0 0 0 0 1.10436 0.895641
612 0 0 0 0 4.82392 1.17608
613 0 0 0 0 3.18961 0.81039
614 0 0 0 0 0.629929 0.370071
615 0 0 0 0 4.28066 0.71934
616 0 0 0 0 3.18697 5.81303
617 0 0 0 0 1.12925 4.87075
618 0 0 0 0 3.86441 2.13559
619 0 0 0 0 4.04225 2.95775
620 0 0 0 0 3.3692 4.6308
621 0 0 0 0 0.800347 0.199653
622 0 0 0 0 5.37849 4.62151
623 0 0 0 0 1.39224 1.60776
624 0 0 0 0 4.01397 3.98603
625 0 0 0 0 3.23052 6.76948
626 0 0 0 0 3.29921 0.700787
627 0 0 0 0 0.42246 0.57754
628 0 0 0 0 0.8 1.2
629 0 0 0 0 4.86974 4.13026
630 0 0 0 0 0.111663 9.88834
631 0 0 0 0 3.99588 2.00412
632 0 0 0 0 5.09168 3.90832
633 0 0 0 0 1.91537 3.08463
634 0 0 0 0 2.47043 5.52957
635 0 0 0 0 2.85286 4.14714
636 0 0 0 0 2.64 0.36
637 0 0 0 0 0.595311 7.40469
638 0 0 0 0 4.0354 2.9646
639 0 0 0 0 4.08765 4.91235
640 0 0 0 0 4.24702 2.75298
641 0 0 0 0 0.858166 0.141834
642 0 0 0 0 0.357508 4.64249
643 0 0 0 0 1.16633 0.833671
644 0 0 0 0 7.54072 2.45928
645 0 0 0 0 4.20757 5.79243
646 0 0 0 0 5.78797 4.21203
647 0 0 0 0 8.90719 1.09281
648 0 0 0 0 1.87444 2.12556
649 0 0 0 0 0.733813 2.26619
650 0 0 0 0 3.98564 2.01436
651 0 0 0 0 0.266544 4.73346
652 0 0 0 0 0.849879 1.15012
653 0 0 0 0 3.49823 6.50177
654 0 0 0 0 3.3815 5.6185
655 0 0 0 0 7.87686 2.12314
656 0 0 0 0 6.51663 3.48337
657 0 0 0 0 2.05982 3.94018
658 0 0 0 0 0.0984183 1.90158
659 0 0 0 0 4.18172 2.81828
660 0 0 0 0 1.6309 1.3691
661 0 0 0 0 4.09505 1.90495
662 0 0 0 0 5.3011 3.6989
663 0 0 0 0 0.137566 9.86243
664 0 0 0 0 4.17245 4.82755
665 0 0 0 0 2.04225 6.95775
666 0 0 0 0 7.3817 2.6183
667 0 0 0 0 0.0443038 1.9557
668 0 0 0 0 0.038835 7.96117
669 0 0 0 0 4.29448 0.705521
670 0 0 0 0 0.0379747 5.96203
671 0 0 0 0 2.61305 3.38695
672 0 0 0 0 4.8321 4.1679
673 0 0 0 0 0.12532 0.87468
674 0 0 0 0 3.25 2.75
675 0 0 0 0 1.00106 4.99894
676 0 0 0 0 2.46862 2.53138
677 0 0 0 0 0.711567 1.28843
678 0 0 0 0 0.887975 7.11202
679 0 0 0 0 0.229056 5.77094
680 0 0 0 0 0.0487365 8.95126
681 0 0 0 0 4.74408 2.25592
682 0 0 0 0 3.85369 5.14631
683 0 0 0 0 0.486735 8.51327
684 0 0 0 0 4.18259 0.81741
685 0 0 0 0 4.58824 4.41176
686 0 0 0 0 3.49834 2.50166
687 0 0 0 0 9.91684 0.0831601
688 0 0 0 0 7.86624 2.13376
689 0 0 0 0 0.83237 2.16763
690 0 0 0 0 0.900915 2.09909
691 0 0 0 0 0.143095 1.85691
692 0 0 0 0 0.759115 0.240885
693 0 0 0 0 3.34073 0.659271
694 0 0 0 0 4.41511 0.584886
695 0 0 0 0 0.0701149 0.929885
696 0 0 0 0 2.03874 4.96126
697 0 0 0 0 1.53171 4.46829
698 0 0 0 0 2.365 0.635
699 0 0 0 0 4.33829 4.66171
700 0 0 0 0 2.87097 5.12903
701 0 0 0 0 7.63462 0.365385
702 0 0 0 0 6.24 2.76
703 0 0 0 0 0.0138675 2.98613
704 0 0 0 0 4.97813 1.02188
705 0 0 0 0 0.7 6.3
706 0 0 0 0 3.8278 1.1722
707 0 0 0 0 3.2275 2.7725
708 0 0 0 0 1.23167 2.76833
709 0 0 0 0 0.428074 0.571926
710 0 0 0 0 8.82792 0.172084
711 0 0 0 0 3.09829 1.90171
712 0 0 0 0 5.63889 1.36111
713 0 0 0 0 0.590668 0.409332
714 0 0 0 0 2.88057 6.11943
715 0 0 0 0 0.909278 2.09072
716 0 0 0 0 3.6802 6.3198
717 0 0 0 0 6.73906 2.26094
718 0 0 0 0 1.03578 2.96422
719 0 0 0 0 2.68172 3.31828
720 0 0 0 0 1.66725 0.33275
721 0 0 0 0 1.40153 0.598473
722 0 0 0 0 7.26506 1.73494
723 0 0 0 0 6.01796 3.98204
724 0 0 0 0 4.64929 4.35071
725 0 0 0 0 5.77029 2.22971
726 0 0 0 0 5.9345 3.0655
727 0 0 0 0 5.68837 4.31163
728 0 0 0 0 3.28241 0.717593
729 0 0 0 0 5.33868 3.66132
730 0 0 0 0 3.37177 4.62823
731 0 0 0 0 1.58717 0.412826
732 0 0 0 0 3.25532 3.74468
733 0 0 0 0 4.48 3.52
734 0 0 0 0 1.18436 8.81564
735 0 0 0 0 0.632619 1.36738
736 0 0 0 0 0.58473 0.41527
737 0 0 0 0 2.30435 0.695652
738 0 0 0 0 4.39353 0.606469
739 0 0 0 0 2.5687 2.4313
740 0 0 0 0 2.19008 7.80992
741 0 0 0 0 0.771831 0.228169
742 0 0 0 0 4.1875 0.8125
743 0 0 0 0 7.82116 0.178838
744 0 0 0 0 0.00408998 1.99591
745 0 0 0 0 3.99103 2.00897
746 0 0 0 0 3.24164 4.75836
747 0 0 0 0 7.94045 0.0595533
748 0 0 0 0 0.462054 0.537946
749 0 0 0 0 1.94389 0.0561122
750 0 0 0 0 4.45064 0.549363
751 0 0 0 0 0.630081 0.369919
752 0 0 0 0 3.96537 4.03463
753 0 0 0 0 0.219436 5.78056
754 0 0 0 0 0.90457 0.0954301
755 0 0 0 0 1.79135 0.208651
756 0 0 0 0 0.419444 0.580556
757 0 0 0 0 5.25164 2.74836
758 0 0 0 0 1.17359 3.82641
759 0 0 0 0 0.830339 0.169661
760 0 0 0 0 0.7327 3.2673
761 0 0 0 0 7.61574 2.38426
762 0 0 0 0 3.16767 5.83233
763 0 0 0 0 1.1655 0.834499
764 0 0 0 0 2.85742 4.14258
765 0 0 0 0 6.69388 1.30612
766 0 0 0 0 6.375 2.625
