NAME : X-n783-k48
COMMENT : "Generated by Uchoa, Pecin, Pessoa, Poggi, Subramanian, and Vidal (2013)"
TYPE : CVRP
DIMENSION : 783
EDGE_WEIGHT_TYPE : EUC_2D
CAPACITY : 832
NODE_COORD_SECTION
1 909 919
2 878 721
3 969 85
4 591 195
5 955 148
6 587 903
7 994 792
8 625 129
9 544 703
10 461 167
11 37 644
12 615 22
13 773 788
14 384 364
15 51 291
16 109 732
17 570 124
18 692 985
19 62 150
20 358 5
21 188 450
22 674 658
23 676 904
24 815 984
25 710 16
26 74 658
27 576 1000
28 636 695
29 547 92
30 587 397
31 26 150
32 182 561
33 938 462
34 362 928
35 366 835
36 516 892
37 448 923
38 501 445
39 513 799
40 905 388
41 474 791
42 560 782
43 465 552
44 315 645
45 738 396
46 45 915
47 797 871
48 922 643
49 793 586
50 921 458
51 160 295
52 598 257
53 516 221
54 99 169
55 788 634
56 425 751
57 616 680
58 949 444
59 987 459
60 182 279
61 127 354
62 791 822
63 645 609
64 857 386
65 917 154
66 398 480
67 729 688
68 134 510
69 172 2
70 499 737
71 780 565
72 908 477
73 917 341
74 272 553
75 421 876
76 770 2
77 497 623
78 853 27
79 853 521
80 519 196
81 90 822
82 827 901
83 350 168
84 656 56
85 199 924
86 732 55
87 772 748
88 884 973
89 158 430
90 563 13
91 50 959
92 609 223
93 628 860
94 264 436
95 699 764
96 441 479
97 95 246
98 236 627
99 307 893
100 695 302
101 378 639
102 830 30
103 44 339
104 885 644
105 122 603
106 850 732
107 155 865
108 230 346
109 300 719
110 55 954
111 467 494
112 153 641
113 713 82
114 659 564
115 881 18
116 781 654
117 490 806
118 823 569
119 878 496
120 441 898
121 589 516
122 165 614
123 17 749
124 164 778
125 296 858
126 258 488
127 437 866
128 187 88
129 725 988
130 125 619
131 352 701
132 447 517
133 316 80
134 743 575
135 555 373
136 84 140
137 341 827
138 541 567
139 919 768
140 945 924
141 397 932
142 905 944
143 892 37
144 74 227
145 911 617
146 668 697
147 1 96
148 223 299
149 637 118
150 622 958
151 356 127
152 347 777
153 157 190
154 8 497
155 138 78
156 100 192
157 384 598
158 23 228
159 110 163
160 345 464
161 53 628
162 316 705
163 112 361
164 642 405
165 235 578
166 489 621
167 563 916
168 759 215
169 822 262
170 597 310
171 960 837
172 164 988
173 37 513
174 648 247
175 375 402
176 531 205
177 935 676
178 103 549
179 964 651
180 233 241
181 891 112
182 378 472
183 457 893
184 852 861
185 113 701
186 340 913
187 662 198
188 667 718
189 140 332
190 809 908
191 968 908
192 163 857
193 333 418
194 59 136
195 839 123
196 529 215
197 385 380
198 319 417
199 318 216
200 156 119
201 816 160
202 267 210
203 528 320
204 138 787
205 473 713
206 537 114
207 168 838
208 774 825
209 32 510
210 216 372
211 16 935
212 60 733
213 500 37
214 343 363
215 429 41
216 205 398
217 708 298
218 411 109
219 840 359
220 112 603
221 816 310
222 865 775
223 259 348
224 893 516
225 814 607
226 605 162
227 781 239
228 359 199
229 16 739
230 482 214
231 70 526
232 528 103
233 572 770
234 802 517
235 876 469
236 118 571
237 952 781
238 823 795
239 522 595
240 52 336
241 456 367
242 255 413
243 410 194
244 956 21
245 717 142
246 766 880
247 524 825
248 657 640
249 189 232
250 471 339
251 920 809
252 688 98
253 660 781
254 441 81
255 236 735
256 784 692
257 743 446
258 201 32
259 188 957
260 381 605
261 380 904
262 227 263
263 69 94
264 123 416
265 341 341
266 450 482
267 251 533
268 352 591
269 724 967
270 753 539
271 684 924
272 617 989
273 455 500
274 472 926
275 395 683
276 167 357
277 789 678
278 897 272
279 991 492
280 457 837
281 809 754
282 770 852
283 153 799
284 643 455
285 924 995
286 788 75
287 147 318
288 85 634
289 373 184
290 99 998
291 312 527
292 846 684
293 725 123
294 806 813
295 566 172
296 191 307
297 373 125
298 463 353
299 906 762
300 91 96
301 40 521
302 579 597
303 907 73
304 718 33
305 279 156
306 114 156
307 220 648
308 948 992
309 969 895
310 986 791
311 78 292
312 857 236
313 816 111
314 559 896
315 791 579
316 228 922
317 856 201
318 155 8
319 243 347
320 48 593
321 954 72
322 549 308
323 401 200
324 2 686
325 301 649
326 467 112
327 810 8
328 984 28
329 918 370
330 89 382
331 88 406
332 586 337
333 151 693
334 550 217
335 438 295
336 606 719
337 178 588
338 434 358
339 136 341
340 544 174
341 504 41
342 282 685
343 39 476
344 104 90
345 460 557
346 86 722
347 80 399
348 694 749
349 707 652
350 794 129
351 774 72
352 922 819
353 735 359
354 801 212
355 707 226
356 102 861
357 358 730
358 462 414
359 49 853
360 750 829
361 224 328
362 581 819
363 49 715
364 84 563
365 305 734
366 917 652
367 530 838
368 529 296
369 403 43
370 681 779
371 393 11
372 208 154
373 646 369
374 37 206
375 122 294
376 451 649
377 993 339
378 604 580
379 274 509
380 289 185
381 728 595
382 952 690
383 989 745
384 958 560
385 966 296
386 104 963
387 478 854
388 394 459
389 147 617
390 39 967
391 537 957
392 740 958
393 544 247
394 186 913
395 38 939
396 839 23
397 754 893
398 930 149
399 430 951
400 739 15
401 202 774
402 104 669
403 241 910
404 189 181
405 645 128
406 500 603
407 577 997
408 146 161
409 662 708
410 360 721
411 622 159
412 264 483
413 166 281
414 881 938
415 137 613
416 403 69
417 897 132
418 710 807
419 965 334
420 127 729
421 918 559
422 450 19
423 522 569
424 202 666
425 127 378
426 156 913
427 306 328
428 97 971
429 747 419
430 838 961
431 391 886
432 484 126
433 828 28
434 954 279
435 930 285
436 739 507
437 750 567
438 921 125
439 654 832
440 440 878
441 720 914
442 606 394
443 372 600
444 869 892
445 274 961
446 831 124
447 471 928
448 511 594
449 778 117
450 867 996
451 417 918
452 554 923
453 920 808
454 944 824
455 254 941
456 389 203
457 222 972
458 741 70
459 101 132
460 110 652
461 533 564
462 891 336
463 661 893
464 15 879
465 527 56
466 481 860
467 709 388
468 105 381
469 210 937
470 550 23
471 603 51
472 582 48
473 415 206
474 591 850
475 776 80
476 354 660
477 301 884
478 50 500
479 240 938
480 530 386
481 859 502
482 826 779
483 86 854
484 923 289
485 403 612
486 771 629
487 983 321
488 550 820
489 80 276
490 189 636
491 676 601
492 129 319
493 363 577
494 340 524
495 490 220
496 584 523
497 553 110
498 935 660
499 830 469
500 539 52
501 278 487
502 637 548
503 674 905
504 823 923
505 999 837
506 565 337
507 82 851
508 969 38
509 498 300
510 791 314
511 693 895
512 710 695
513 390 537
514 837 407
515 220 391
516 484 78
517 618 221
518 180 686
519 959 960
520 934 765
521 951 543
522 752 859
523 278 986
524 402 222
525 487 708
526 434 776
527 129 119
528 438 308
529 153 438
530 564 929
531 541 777
532 290 772
533 202 468
534 432 949
535 117 642
536 413 752
537 719 52
538 779 106
539 543 161
540 963 277
541 112 459
542 301 817
543 80 48
544 300 770
545 622 470
546 148 130
547 70 782
548 488 540
549 814 887
550 423 243
551 431 107
552 792 289
553 84 21
554 679 989
555 159 535
556 180 610
557 155 207
558 424 341
559 829 839
560 828 485
561 579 290
562 621 918
563 92 563
564 609 789
565 233 130
566 184 475
567 182 513
568 601 785
569 828 106
570 482 409
571 407 261
572 587 627
573 396 611
574 833 257
575 653 648
576 552 862
577 804 553
578 12 198
579 887 275
580 183 925
581 242 857
582 749 551
583 651 13
584 373 643
585 731 963
586 219 275
587 568 499
588 714 734
589 617 325
590 560 470
591 837 631
592 4 304
593 79 917
594 355 877
595 735 76
596 745 354
597 621 723
598 145 377
599 119 768
600 638 271
601 574 247
602 924 493
603 924 402
604 91 336
605 599 6
606 635 887
607 660 944
608 716 219
609 186 35
610 679 861
611 919 121
612 822 482
613 151 384
614 407 860
615 869 930
616 928 75
617 139 615
618 625 969
619 756 128
620 252 842
621 123 311
622 90 412
623 404 744
624 216 14
625 906 567
626 15 55
627 719 567
628 948 717
629 614 496
630 564 906
631 179 656
632 774 462
633 207 724
634 355 609
635 344 833
636 726 657
637 971 896
638 958 954
639 351 186
640 39 94
641 18 167
642 396 368
643 416 570
644 653 463
645 792 716
646 649 420
647 332 103
648 707 838
649 561 229
650 144 320
651 971 672
652 44 186
653 924 415
654 267 418
655 782 427
656 715 867
657 306 493
658 853 704
659 293 285
660 468 127
661 464 700
662 692 310
663 610 428
664 257 608
665 980 789
666 25 7
667 918 803
668 740 837
669 762 527
670 50 710
671 978 624
672 775 736
673 551 199
674 416 970
675 630 871
676 926 116
677 413 103
678 724 481
679 293 786
680 959 178
681 244 56
682 28 579
683 465 381
684 342 15
685 267 887
686 339 737
687 219 933
688 750 110
689 533 943
690 116 72
691 708 481
692 556 836
693 421 584
694 777 841
695 664 334
696 340 957
697 138 690
698 185 939
699 895 564
700 384 127
701 221 151
702 164 405
703 788 509
704 171 394
705 33 379
706 987 917
707 810 274
708 892 692
709 267 798
710 881 293
711 1 227
712 935 348
713 441 344
714 527 995
715 487 506
716 395 580
717 405 978
718 557 620
719 966 509
720 571 996
721 835 166
722 57 410
723 214 405
724 462 92
725 734 399
726 69 747
727 589 624
728 272 760
729 936 678
730 84 652
731 525 364
732 908 779
733 600 19
734 548 288
735 33 90
736 479 319
737 717 960
738 360 458
739 204 29
740 799 441
741 602 46
742 372 106
743 707 678
744 884 598
745 401 345
746 889 818
747 288 295
748 453 130
749 587 936
750 169 316
751 271 407
752 428 772
753 461 415
754 926 968
755 61 305
756 435 146
757 653 395
758 820 279
759 637 547
760 302 267
761 620 2
762 973 397
763 58 455
764 561 40
765 147 381
766 452 610
767 963 618
768 948 761
769 850 189
770 785 845
771 65 388
772 900 613
773 668 101
774 445 170
775 660 387
776 57 176
777 373 307
778 365 297
779 117 1000
780 765 916
781 62 12
782 428 75
783 387 877
PICKUP_AND_DELIVERY_SECTION
1 0 0 0 0 0 0
2 0 0 0 0 15.1993 69.8007
3 0 0 0 0 31.0175 2.98246
4 0 0 0 0 31.4924 15.5076
5 0 0 0 0 41.4063 7.59372
6 0 0 0 0 26.2458 48.7542
7 0 0 0 0 17.6801 69.3199
8 0 0 0 0 10.3168 2.6832
9 0 0 0 0 20.808 71.192
10 0 0 0 0 54.2082 30.7918
11 0 0 0 0 2.82764 0.17236
12 0 0 0 0 17.3561 0.643902
13 0 0 0 0 1.65609 85.3439
14 0 0 0 0 5 91
15 0 0 0 0 59.3814 12.6186
16 0 0 0 0 32.3415 5.65847
17 0 0 0 0 3.91228 1.08772
18 0 0 0 0 17.5503 41.4497
19 0 0 0 0 44 31
20 0 0 0 0 79.8687 1.13128
21 0 0 0 0 39.5911 28.4089
22 0 0 0 0 2.35015 96.6499
23 0 0 0 0 16.646 49.354
24 0 0 0 0 11.5071 55.4929
25 0 0 0 0 32.2563 0.743662
26 0 0 0 0 26.6261 3.37386
27 0 0 0 0 30.952 42.048
28 0 0 0 0 5.17842 55.8216
29 0 0 0 0 14.9726 3.02742
30 0 0 0 0 11.9761 25.0239
31 0 0 0 0 66.96 14.04
32 0 0 0 0 24.3209 11.6791
33 0 0 0 0 8.62687 8.37313
34 0 0 0 0 18.9073 12.0927
35 0 0 0 0 14.0419 10.9581
36 0 0 0 0 35.8296 49.1704
37 0 0 0 0 6.17551 5.82449
38 0 0 0 0 4.91816 39.0818
39 0 0 0 0 21.4768 38.5232
40 0 0 0 0 2.85635 2.14365
41 0 0 0 0 9.21745 13.7826
42 0 0 0 0 16.4655 41.5345
43 0 0 0 0 4.57065 24.4293
44 0 0 0 0 4.60465 4.39535
45 0 0 0 0 6.02439 6.97561
46 0 0 0 0 0.95082 0.0491803
47 0 0 0 0 8.49598 91.504
48 0 0 0 0 26.6291 61.3709
49 0 0 0 0 13.8348 39.1652
50 0 0 0 0 15.0814 14.9186
51 0 0 0 0 30.2034 35.7966
52 0 0 0 0 26.801 20.199
53 0 0 0 0 20.0097 14.9903
54 0 0 0 0 22.7811 32.2189
55 0 0 0 0 16.2208 66.7792
56 0 0 0 0 8.68176 11.3182
57 0 0 0 0 7.90588 76.0941
58 0 0 0 0 19.157 16.843
59 0 0 0 0 26.7477 23.2523
60 0 0 0 0 26.4229 49.5771
61 0 0 0 0 44.887 25.113
62 0 0 0 0 3.01703 76.983
63 0 0 0 0 4.4093 74.5907
64 0 0 0 0 24.182 19.818
65 0 0 0 0 21.6336 4.36641
66 0 0 0 0 10.25 49.75
67 0 0 0 0 4.49931 75.5007
68 0 0 0 0 29.4902 10.5098
69 0 0 0 0 59.3023 0.697674
70 0 0 0 0 14.8548 31.1452
71 0 0 0 0 17.0897 44.9103
72 0 0 0 0 23.7335 26.2665
73 0 0 0 0 20.1003 11.8997
74 0 0 0 0 9.14647 8.85353
75 0 0 0 0 1.55822 1.44178
76 0 0 0 0 15.9584 0.0415584
77 0 0 0 0 6.06742 23.9326
78 0 0 0 0 3.87339 0.126612
79 0 0 0 0 26.4666 41.5334
80 0 0 0 0 3.7341 2.2659
81 0 0 0 0 30.2774 3.72263
82 0 0 0 0 7.63818 85.3618
83 0 0 0 0 30.16 27.84
84 0 0 0 0 9.14634 0.853659
85 0 0 0 0 35.3084 9.69156
86 0 0 0 0 24.9713 2.02869
87 0 0 0 0 2.79793 87.2021
88 0 0 0 0 7.04317 69.9568
89 0 0 0 0 61.9907 36.0093
90 0 0 0 0 39.0764 0.923623
91 0 0 0 0 38.8624 2.13764
92 0 0 0 0 19.0148 10.9852
93 0 0 0 0 15.6465 42.3535
94 0 0 0 0 24.8532 38.1468
95 0 0 0 0 6.63613 71.3639
96 0 0 0 0 5.31524 61.6848
97 0 0 0 0 31.3049 19.6951
98 0 0 0 0 19.9553 12.0447
99 0 0 0 0 16.4054 8.59462
100 0 0 0 0 14.7022 11.2978
101 0 0 0 0 10.2113 14.7887
102 0 0 0 0 24.0964 0.903614
103 0 0 0 0 58.3038 8.69617
104 0 0 0 0 26.9593 72.0407
105 0 0 0 0 32.7048 8.29519
106 0 0 0 0 9.16235 56.8376
107 0 0 0 0 38.578 8.42197
108 0 0 0 0 28.8324 57.1676
109 0 0 0 0 10.4896 7.51043
110 0 0 0 0 17.9046 1.09539
111 0 0 0 0 4.64575 80.3543
112 0 0 0 0 17.5101 5.48986
113 0 0 0 0 12.3899 1.6101
114 0 0 0 0 11.3885 67.6115
115 0 0 0 0 47.0193 0.980704
116 0 0 0 0 15.1229 77.8771
117 0 0 0 0 3.52854 5.47146
118 0 0 0 0 24.6902 55.3098
119 0 0 0 0 14.7927 19.2073
120 0 0 0 0 9.66927 9.33073
121 0 0 0 0 9.79117 69.2088
122 0 0 0 0 15.3567 5.64332
123 0 0 0 0 19.5461 0.453939
124 0 0 0 0 34.7249 9.27506
125 0 0 0 0 15.7203 8.27972
126 0 0 0 0 28.2787 31.7213
127 0 0 0 0 6.93533 7.06467
128 0 0 0 0 46.0588 40.9412
129 0 0 0 0 23.4251 64.5749
130 0 0 0 0 18.3554 4.64459
131 0 0 0 0 14.4379 14.5621
132 0 0 0 0 1.62476 10.3752
133 0 0 0 0 45.557 15.443
134 0 0 0 0 20.3499 69.6501
135 0 0 0 0 3.93514 8.06486
136 0 0 0 0 33.6 50.4
137 0 0 0 0 11.7533 8.24667
138 0 0 0 0 3.89771 81.1023
139 0 0 0 0 11.173 56.827
140 0 0 0 0 1.33333 58.6667
141 0 0 0 0 12.0547 8.94528
142 0 0 0 0 2.18962 50.8104
143 0 0 0 0 27.7971 1.20291
144 0 0 0 0 45.1586 21.8414
145 0 0 0 0 27.1087 56.8913
146 0 0 0 0 3.57819 82.4218
147 0 0 0 0 85.1042 0.895833
148 0 0 0 0 15.2508 44.7492
149 0 0 0 0 1.62951 0.370487
150 0 0 0 0 22.4468 41.5532
151 0 0 0 0 49.5309 27.4691
152 0 0 0 0 5.53411 4.46589
153 0 0 0 0 14.7632 70.2368
154 0 0 0 0 79.6962 1.30382
155 0 0 0 0 40 52
156 0 0 0 0 44.5625 48.4375
157 0 0 0 0 4.29431 7.70569
158 0 0 0 0 56.6447 6.35526
159 0 0 0 0 25.6871 53.3129
160 0 0 0 0 24.8772 72.1228
161 0 0 0 0 37.5398 3.46019
162 0 0 0 0 27.5887 22.4113
163 0 0 0 0 48.2825 21.7175
164 0 0 0 0 14.3972 24.6028
165 0 0 0 0 12.4619 8.53806
166 0 0 0 0 8.50242 31.4976
167 0 0 0 0 38.1517 60.8483
168 0 0 0 0 20.7852 8.21476
169 0 0 0 0 14.3066 6.69343
170 0 0 0 0 22.1139 23.8861
171 0 0 0 0 12.3 83.7
172 0 0 0 0 31.6923 6.30769
173 0 0 0 0 44.538 3.46199
174 0 0 0 0 14.8519 9.14815
175 0 0 0 0 5.97761 83.0224
176 0 0 0 0 7.36723 4.63277
177 0 0 0 0 26.5925 69.4075
178 0 0 0 0 33.3078 7.69217
179 0 0 0 0 20.1307 41.8693
180 0 0 0 0 1.89212 55.1079
181 0 0 0 0 4.37149 0.628507
182 0 0 0 0 11.9492 48.0508
183 0 0 0 0 2.44121 2.55879
184 0 0 0 0 0.752613 71.2474
185 0 0 0 0 29.3581 5.64194
186 0 0 0 0 3.76561 2.23439
187 0 0 0 0 4.20544 1.79456
188 0 0 0 0 3.62256 47.3774
189 0 0 0 0 30.0723 21.9277
190 0 0 0 0 8.39537 68.6046
191 0 0 0 0 3.65702 55.343
192 0 0 0 0 13.7666 3.23337
193 0 0 0 0 15.8612 62.1388
194 0 0 0 0 33.9706 26.0294
195 0 0 0 0 19.6281 3.37187
196 0 0 0 0 14.2457 9.75425
197 0 0 0 0 1.19481 90.8052
198 0 0 0 0 14.1007 45.8993
199 0 0 0 0 31.7547 67.2453
200 0 0 0 0 18.7372 60.2628
201 0 0 0 0 29.7451 7.2549
202 0 0 0 0 14.0899 51.9101
203 0 0 0 0 0.393939 0.606061
204 0 0 0 0 36.2846 7.71537
205 0 0 0 0 9.76157 19.2384
206 0 0 0 0 1.57542 0.424581
207 0 0 0 0 30.3819 7.61814
208 0 0 0 0 4.01818 60.9818
209 0 0 0 0 10.3098 0.690196
210 0 0 0 0 30.1935 41.8065
211 0 0 0 0 49.1444 0.855615
212 0 0 0 0 42.2347 3.76535
213 0 0 0 0 6.482 0.518
214 0 0 0 0 5.28926 90.7107
215 0 0 0 0 71.4499 7.55012
216 0 0 0 0 37.8241 40.1759
217 0 0 0 0 9.84463 7.15537
218 0 0 0 0 38.944 14.056
219 0 0 0 0 12.025 8.975
220 0 0 0 0 24.4279 5.57214
221 0 0 0 0 29.1446 17.8554
222 0 0 0 0 6.45087 55.5491
223 0 0 0 0 15.8563 46.1437
224 0 0 0 0 24.9082 34.0918
225 0 0 0 0 20.5983 60.4017
226 0 0 0 0 18.3058 6.69421
227 0 0 0 0 13.8796 6.12036
228 0 0 0 0 24.5125 30.4875
229 0 0 0 0 18.5886 0.411367
230 0 0 0 0 30.0249 23.9751
231 0 0 0 0 24.2738 3.72624
232 0 0 0 0 9.65909 2.34091
233 0 0 0 0 15.6857 45.3143
234 0 0 0 0 35.5362 64.4638
235 0 0 0 0 21.3721 24.6279
236 0 0 0 0 32.5271 8.47285
237 0 0 0 0 17.2437 78.7563
238 0 0 0 0 1.97327 56.0267
239 0 0 0 0 6.87059 49.1294
240 0 0 0 0 60.0119 10.9881
241 0 0 0 0 9.95395 41.0461
242 0 0 0 0 29.8402 48.1598
243 0 0 0 0 37.9317 34.0683
244 0 0 0 0 17.6046 0.395397
245 0 0 0 0 5.61367 1.38633
246 0 0 0 0 10.2341 68.7659
247 0 0 0 0 32.8364 57.1636
248 0 0 0 0 1.91476 72.0852
249 0 0 0 0 15.1983 66.8017
250 0 0 0 0 23.8217 61.1783
251 0 0 0 0 12.0652 87.9348
252 0 0 0 0 24.8692 4.13081
253 0 0 0 0 15.1831 82.8169
254 0 0 0 0 80.8163 18.1837
255 0 0 0 0 3.39456 1.60544
256 0 0 0 0 8.44898 63.551
257 0 0 0 0 3.59758 5.40242
258 0 0 0 0 77.3532 14.6468
259 0 0 0 0 38.5705 9.42947
260 0 0 0 0 0.740496 1.2595
261 0 0 0 0 15.6504 11.3496
262 0 0 0 0 7.80228 49.1977
263 0 0 0 0 14.3617 39.6383
264 0 0 0 0 67.6154 28.3846
265 0 0 0 0 0 70
266 0 0 0 0 4.24896 59.751
267 0 0 0 0 14.2852 12.7148
268 0 0 0 0 5.66159 8.33841
269 0 0 0 0 23.8728 71.1272
270 0 0 0 0 15.6308 39.3692
271 0 0 0 0 23.1169 65.8831
272 0 0 0 0 32.3478 53.6522
273 0 0 0 0 3.24 32.76
274 0 0 0 0 8.82505 9.17495
275 0 0 0 0 2.95168 4.04832
276 0 0 0 0 48.4314 42.5686
277 0 0 0 0 9.28517 56.7148
278 0 0 0 0 13.9353 6.06466
279 0 0 0 0 24.6731 24.3269
280 0 0 0 0 4.99403 6.00597
281 0 0 0 0 3.87515 53.1248
282 0 0 0 0 9.62441 90.3756
283 0 0 0 0 26.6809 6.31915
284 0 0 0 0 9.06376 21.9362
285 0 0 0 0 4.63819 60.3618
286 0 0 0 0 29.8591 3.14086
287 0 0 0 0 43.0189 36.9811
288 0 0 0 0 23.3801 3.61987
289 0 0 0 0 39.0161 37.9839
290 0 0 0 0 44.1393 4.86072
291 0 0 0 0 18.7666 27.2334
292 0 0 0 0 16.4681 69.5319
293 0 0 0 0 23.2497 4.75034
294 0 0 0 0 0.439114 50.5609
295 0 0 0 0 22.2756 9.72438
296 0 0 0 0 24.9381 41.0619
297 0 0 0 0 62.4987 31.5013
298 0 0 0 0 19.0065 60.9935
299 0 0 0 0 9.53642 50.4636
300 0 0 0 0 3.22917 58.7708
301 0 0 0 0 15.6948 1.30518
302 0 0 0 0 2.59296 83.407
303 0 0 0 0 30.344 2.65601
304 0 0 0 0 15.2646 0.735376
305 0 0 0 0 41.4409 52.5591
306 0 0 0 0 14.5385 39.4615
307 0 0 0 0 13.8704 7.12963
308 0 0 0 0 2.43952 52.5605
309 0 0 0 0 4.04747 48.9525
310 0 0 0 0 16.8103 68.1897
311 0 0 0 0 68.1575 24.8425
312 0 0 0 0 23.1879 8.81214
313 0 0 0 0 20.7353 3.26471
314 0 0 0 0 30.4654 50.5346
315 0 0 0 0 19.2971 52.7029
316 0 0 0 0 36.8829 12.1171
317 0 0 0 0 2.29556 0.704439
318 0 0 0 0 71.129 3.87097
319 0 0 0 0 17.0836 39.9164
320 0 0 0 0 19.3002 1.69983
321 0 0 0 0 2.77358 0.226415
322 0 0 0 0 7.90164 10.0984
323 0 0 0 0 49.1222 48.8778
324 0 0 0 0 31.9067 0.0932945
325 0 0 0 0 5.89831 5.10169
326 0 0 0 0 59.2934 18.7066
327 0 0 0 0 1.98025 0.0197531
328 0 0 0 0 34.9756 1.02439
329 0 0 0 0 5.37255 3.62745
330 0 0 0 0 57.5262 17.4738
331 0 0 0 0 63.4433 17.5567
332 0 0 0 0 13.5973 18.4027
333 0 0 0 0 11.7316 3.2684
334 0 0 0 0 24.2182 15.7818
335 0 0 0 0 25.7922 53.2078
336 0 0 0 0 13.2017 70.7983
337 0 0 0 0 16.0374 6.96259
338 0 0 0 0 15.235 71.765
339 0 0 0 0 43.8856 29.1144
340 0 0 0 0 6.80147 3.19853
341 0 0 0 0 0.918651 0.0813492
342 0 0 0 0 4.11825 2.88175
343 0 0 0 0 46.8214 4.17857
344 0 0 0 0 7.67308 49.3269
345 0 0 0 0 2.43806 11.5619
346 0 0 0 0 29.0693 3.93075
347 0 0 0 0 71.9549 18.0451
348 0 0 0 0 6.38852 80.6115
349 0 0 0 0 5.83451 69.1655
350 0 0 0 0 34.3388 6.66121
351 0 0 0 0 29.0233 2.97674
352 0 0 0 0 9.94252 79.0575
353 0 0 0 0 25.0667 23.9333
354 0 0 0 0 12.5006 4.49938
355 0 0 0 0 25.1726 11.8274
356 0 0 0 0 36.1429 4.85714
357 0 0 0 0 19.3644 18.6356
358 0 0 0 0 8 69
359 0 0 0 0 5.65533 0.344666
360 0 0 0 0 5.14596 48.854
361 0 0 0 0 23.7805 51.2195
362 0 0 0 0 17.4359 42.5641
363 0 0 0 0 31.6699 2.33007
364 0 0 0 0 10.2096 1.79041
365 0 0 0 0 16.3651 11.6349
366 0 0 0 0 17.3391 42.6609
367 0 0 0 0 19.1122 32.8878
368 0 0 0 0 21.5822 27.4178
369 0 0 0 0 64.3176 7.68238
370 0 0 0 0 6.91913 48.0809
371 0 0 0 0 63.1807 1.81934
372 0 0 0 0 21.8077 62.1923
373 0 0 0 0 20.1533 26.8467
374 0 0 0 0 80.3981 17.6019
375 0 0 0 0 31.0068 21.9932
376 0 0 0 0 7.01695 15.9831
377 0 0 0 0 3.95166 2.04834
378 0 0 0 0 2.58278 62.4172
379 0 0 0 0 19.391 22.609
380 0 0 0 0 23.0311 40.9689
381 0 0 0 0 9.31731 41.6827
382 0 0 0 0 14.5861 38.4139
383 0 0 0 0 19.4904 59.5096
384 0 0 0 0 26.1733 36.8267
385 0 0 0 0 20.1139 8.88613
386 0 0 0 0 28.5441 3.45587
387 0 0 0 0 6.16393 7.83607
388 0 0 0 0 13.3115 80.6885
389 0 0 0 0 22.0908 6.90924
390 0 0 0 0 10.5564 0.44364
391 0 0 0 0 33.7931 43.2069
392 0 0 0 0 20.9353 71.0647
393 0 0 0 0 18.0165 14.9835
394 0 0 0 0 1.59255 0.407448
395 0 0 0 0 3.83813 0.161874
396 0 0 0 0 14.5888 0.411204
397 0 0 0 0 9.96193 54.0381
398 0 0 0 0 26.8731 5.12688
399 0 0 0 0 2.19138 1.80862
400 0 0 0 0 15.6752 0.324763
401 0 0 0 0 9.60724 3.39276
402 0 0 0 0 10.1345 1.86547
403 0 0 0 0 33.8176 12.1824
404 0 0 0 0 2.4127 54.5873
405 0 0 0 0 38.4744 9.52558
406 0 0 0 0 16.5688 80.4312
407 0 0 0 0 33.7011 46.2989
408 0 0 0 0 5.68323 55.3168
409 0 0 0 0 3.83333 55.1667
410 0 0 0 0 7.5104 7.4896
411 0 0 0 0 4.46624 1.53376
412 0 0 0 0 36.2733 43.7267
413 0 0 0 0 40.516 58.484
414 0 0 0 0 4.92217 76.0778
415 0 0 0 0 30.2838 8.71615
416 0 0 0 0 45.5831 9.41687
417 0 0 0 0 2.55853 0.441472
418 0 0 0 0 11.0582 80.9418
419 0 0 0 0 13.7316 7.26839
420 0 0 0 0 10.7353 2.26475
421 0 0 0 0 26.9837 42.0163
422 0 0 0 0 82.3689 3.63111
423 0 0 0 0 5.28647 58.7135
424 0 0 0 0 18.1141 7.88589
425 0 0 0 0 35.8571 18.1429
426 0 0 0 0 41.4567 8.54326
427 0 0 0 0 5.63415 78.3659
428 0 0 0 0 14.4016 1.59835
429 0 0 0 0 6.14726 7.85274
430 0 0 0 0 7.16753 48.8325
431 0 0 0 0 10.6151 8.38488
432 0 0 0 0 40.6818 14.3182
433 0 0 0 0 44.4444 1.55556
434 0 0 0 0 10.6132 4.38679
435 0 0 0 0 27.0484 11.9516
436 0 0 0 0 30.7659 67.2341
437 0 0 0 0 12.688 39.312
438 0 0 0 0 28.5212 4.47883
439 0 0 0 0 13.2644 48.7356
440 0 0 0 0 7.98178 8.01822
441 0 0 0 0 13.1597 48.8403
442 0 0 0 0 1.0495 1.9505
443 0 0 0 0 1.9 3.1
444 0 0 0 0 2.21749 83.7825
445 0 0 0 0 30.025 11.975
446 0 0 0 0 17.8664 3.13357
447 0 0 0 0 6.40194 6.59806
448 0 0 0 0 13.1347 80.8653
449 0 0 0 0 16.1427 2.85733
450 0 0 0 0 7.9006 53.0994
451 0 0 0 0 14.7353 12.2647
452 0 0 0 0 27.585 41.415
453 0 0 0 0 10.9565 79.0435
454 0 0 0 0 7.62712 52.3729
455 0 0 0 0 33.5834 12.4166
456 0 0 0 0 32.9923 36.0077
457 0 0 0 0 9.25926 2.74074
458 0 0 0 0 42.5601 4.43995
459 0 0 0 0 20.9015 68.0985
460 0 0 0 0 9.97546 2.02454
461 0 0 0 0 3.90248 67.0975
462 0 0 0 0 27.4074 16.5926
463 0 0 0 0 18.9653 54.0347
464 0 0 0 0 30.471 0.52901
465 0 0 0 0 29.4934 3.50664
466 0 0 0 0 11.8988 15.1012
467 0 0 0 0 13.5825 16.4175
468 0 0 0 0 42.0157 15.9843
469 0 0 0 0 14.7417 4.25827
470 0 0 0 0 6.70727 0.292727
471 0 0 0 0 27.4627 2.53731
472 0 0 0 0 11.9278 1.07216
473 0 0 0 0 41.2964 40.7036
474 0 0 0 0 20.1106 45.8894
475 0 0 0 0 28.701 3.29897
476 0 0 0 0 18.5455 21.4545
477 0 0 0 0 27.0396 13.9604
478 0 0 0 0 17.1 1.9
479 0 0 0 0 14.1386 4.86141
480 0 0 0 0 0.543396 1.4566
481 0 0 0 0 29.9232 42.0768
482 0 0 0 0 4.26755 70.7324
483 0 0 0 0 33.274 3.726
484 0 0 0 0 2.74756 1.25244
485 0 0 0 0 6.14706 11.8529
486 0 0 0 0 9.94553 44.0545
487 0 0 0 0 6.73449 3.26551
488 0 0 0 0 30.622 62.378
489 0 0 0 0 41.8986 17.1014
490 0 0 0 0 18.9764 8.02358
491 0 0 0 0 10.5399 84.4601
492 0 0 0 0 57.1787 38.8213
493 0 0 0 0 12.6101 21.3899
494 0 0 0 0 9.12977 16.8702
495 0 0 0 0 31.9592 26.0408
496 0 0 0 0 8.25171 70.7483
497 0 0 0 0 24.0325 5.96745
498 0 0 0 0 20.2941 48.7059
499 0 0 0 0 16.0928 20.9072
500 0 0 0 0 31.6234 3.37662
501 0 0 0 0 35.6201 47.3799
502 0 0 0 0 11.3171 69.6829
503 0 0 0 0 19.3989 56.6011
504 0 0 0 0 5.95883 49.0412
505 0 0 0 0 14.5946 75.4054
506 0 0 0 0 0.80708 1.19292
507 0 0 0 0 40.6639 4.33608
508 0 0 0 0 48.0392 1.96078
509 0 0 0 0 25.4458 38.5542
510 0 0 0 0 25.3274 16.6726
511 0 0 0 0 19.1844 65.8156
512 0 0 0 0 1.22535 56.7746
513 0 0 0 0 12.0447 31.9553
514 0 0 0 0 4.10992 3.89008
515 0 0 0 0 23.6164 30.3836
516 0 0 0 0 73.8182 14.1818
517 0 0 0 0 30.835 17.165
518 0 0 0 0 22.8659 8.13411
519 0 0 0 0 0.103125 98.8969
520 0 0 0 0 15.742 71.258
521 0 0 0 0 26.1703 34.8297
522 0 0 0 0 9.59139 67.4086
523 0 0 0 0 0.718053 0.281947
524 0 0 0 0 25.0746 30.9254
525 0 0 0 0 15.2952 33.7048
526 0 0 0 0 9.25515 11.7448
527 0 0 0 0 4.10853 48.8915
528 0 0 0 0 19.2922 45.7078
529 0 0 0 0 63.7671 34.2329
530 0 0 0 0 32.2174 49.7826
531 0 0 0 0 21.2613 48.7387
532 0 0 0 0 22.4767 13.5233
533 0 0 0 0 41.4915 31.5085
534 0 0 0 0 2.72392 2.27608
535 0 0 0 0 13.9019 3.09813
536 0 0 0 0 10.3684 12.6316
537 0 0 0 0 12.0598 0.940195
538 0 0 0 0 12.9589 2.04108
539 0 0 0 0 0.703499 0.296501
540 0 0 0 0 27.7819 11.2181
541 0 0 0 0 52.9194 17.0806
542 0 0 0 0 20.2105 11.7895
543 0 0 0 0 21.6 32.4
544 0 0 0 0 26.2468 16.7532
545 0 0 0 0 10.7524 33.2476
546 0 0 0 0 9.72973 70.2703
547 0 0 0 0 12.7468 1.2532
548 0 0 0 0 4.42963 41.5704
549 0 0 0 0 5.76099 64.239
550 0 0 0 0 23.4043 31.5957
551 0 0 0 0 41.3457 13.6543
552 0 0 0 0 7.62121 4.37879
553 0 0 0 0 66.75 22.25
554 0 0 0 0 27.5834 60.4166
555 0 0 0 0 18.2729 7.7271
556 0 0 0 0 10.5738 4.42623
557 0 0 0 0 16.5797 49.4203
558 0 0 0 0 11.941 49.059
559 0 0 0 0 0.834327 69.1657
560 0 0 0 0 9.52778 13.4722
561 0 0 0 0 9.98273 10.0173
562 0 0 0 0 27.8235 58.1765
563 0 0 0 0 24.2611 4.7389
564 0 0 0 0 19.1635 64.8365
565 0 0 0 0 29.176 36.824
566 0 0 0 0 44.7221 28.2779
567 0 0 0 0 4.51657 2.48343
568 0 0 0 0 12.6573 41.3427
569 0 0 0 0 13.9517 2.04831
570 0 0 0 0 14.6909 82.3091
571 0 0 0 0 21.8821 39.1179
572 0 0 0 0 3.76396 55.236
573 0 0 0 0 6.33388 11.6661
574 0 0 0 0 27.6591 12.3409
575 0 0 0 0 0.474732 61.5253
576 0 0 0 0 20.8585 37.1415
577 0 0 0 0 21.541 47.459
578 0 0 0 0 56.3636 3.63636
579 0 0 0 0 34.4983 15.5017
580 0 0 0 0 24.0649 5.93514
581 0 0 0 0 6.45858 2.54142
582 0 0 0 0 13.7463 38.2537
583 0 0 0 0 33.321 0.678955
584 0 0 0 0 10.9176 15.0824
585 0 0 0 0 16.864 53.136
586 0 0 0 0 17.3091 67.6909
587 0 0 0 0 2.55106 18.4489
588 0 0 0 0 2.0436 72.9564
589 0 0 0 0 23.1896 25.8104
590 0 0 0 0 6.75 35.25
591 0 0 0 0 21.9044 67.0956
592 0 0 0 0 51.3158 0.684211
593 0 0 0 0 31.9847 3.01527
594 0 0 0 0 28.5701 19.4299
595 0 0 0 0 41.2435 4.75646
596 0 0 0 0 16.7946 15.2054
597 0 0 0 0 10.5809 64.4191
598 0 0 0 0 42.4615 26.5385
599 0 0 0 0 0.845052 0.154948
600 0 0 0 0 12.6552 9.34483
601 0 0 0 0 17.6603 13.3397
602 0 0 0 0 9.79545 11.2045
603 0 0 0 0 25.4221 19.5779
604 0 0 0 0 42.2917 15.7083
605 0 0 0 0 34.6494 0.350584
606 0 0 0 0 16.1939 40.8061
607 0 0 0 0 25.8729 60.1271
608 0 0 0 0 7.63547 3.36453
609 0 0 0 0 43.0269 9.97312
610 0 0 0 0 21.1382 78.8618
611 0 0 0 0 19.9717 3.02829
612 0 0 0 0 12.4088 17.5912
613 0 0 0 0 43.0807 27.9193
614 0 0 0 0 8.42791 7.57209
615 0 0 0 0 4.78817 68.2118
616 0 0 0 0 22.0603 1.93966
617 0 0 0 0 24.7675 7.23252
618 0 0 0 0 21.6553 39.3447
619 0 0 0 0 26.582 5.41799
620 0 0 0 0 34.3349 14.6651
621 0 0 0 0 32.0386 20.9614
622 0 0 0 0 42.9854 12.0146
623 0 0 0 0 7.31183 8.68817
624 0 0 0 0 87.9074 6.09259
625 0 0 0 0 25.8179 43.1821
626 0 0 0 0 68.3636 25.6364
627 0 0 0 0 15.8554 59.1446
628 0 0 0 0 17.5443 54.4557
629 0 0 0 0 5.95765 25.0423
630 0 0 0 0 23.7815 39.2185
631 0 0 0 0 21.814 8.18598
632 0 0 0 0 2.0155 2.9845
633 0 0 0 0 17.8522 7.14779
634 0 0 0 0 7.50739 10.4926
635 0 0 0 0 14.6759 10.3241
636 0 0 0 0 5.89256 56.1074
637 0 0 0 0 7.56952 90.4305
638 0 0 0 0 0.217119 51.7829
639 0 0 0 0 34.7863 39.2137
640 0 0 0 0 52.0745 36.9255
641 0 0 0 0 57.1018 6.8982
642 0 0 0 0 3.74747 49.2525
643 0 0 0 0 6.21404 16.786
644 0 0 0 0 10.4747 25.5253
645 0 0 0 0 8.92424 84.0758
646 0 0 0 0 13.7612 25.2388
647 0 0 0 0 57.9398 26.0602
648 0 0 0 0 12.037 64.963
649 0 0 0 0 24.8556 17.1444
650 0 0 0 0 31.35 25.65
651 0 0 0 0 15.7044 35.2956
652 0 0 0 0 45.8065 14.1935
653 0 0 0 0 4.40693 3.59307
654 0 0 0 0 18.7847 33.2153
655 0 0 0 0 16.7967 20.2033
656 0 0 0 0 12.7982 60.2018
657 0 0 0 0 32.2414 52.7586
658 0 0 0 0 16.5944 78.4056
659 0 0 0 0 2.34812 83.6519
660 0 0 0 0 70.6774 26.3226
661 0 0 0 0 12.8114 25.1886
662 0 0 0 0 10.4884 8.51156
663 0 0 0 0 1.19344 2.80656
664 0 0 0 0 6.35033 4.64967
665 0 0 0 0 15.7867 65.2133
666 0 0 0 0 43.2 16.8
667 0 0 0 0 10.5229 73.4771
668 0 0 0 0 7.0693 53.9307
669 0 0 0 0 29.6063 66.3937
670 0 0 0 0 15.8028 1.19718
671 0 0 0 0 35.1104 61.8896
672 0 0 0 0 3.01935 56.9806
673 0 0 0 0 21.0817 11.9183
674 0 0 0 0 15.4206 11.5794
675 0 0 0 0 19.0918 49.9082
676 0 0 0 0 10.4968 1.50324
677 0 0 0 0 54.0436 17.9564
678 0 0 0 0 8.39088 16.6091
679 0 0 0 0 20.6985 12.3015
680 0 0 0 0 13.0302 2.96976
681 0 0 0 0 72.4262 21.5738
682 0 0 0 0 17.1295 0.870466
683 0 0 0 0 16.0774 72.9226
684 0 0 0 0 54.5 2.5
685 0 0 0 0 22.3675 9.63247
686 0 0 0 0 19.441 16.559
687 0 0 0 0 12.2444 3.75563
688 0 0 0 0 36.6933 6.30667
689 0 0 0 0 33.4783 43.5217
690 0 0 0 0 25.0345 40.9655
691 0 0 0 0 3.52684 7.47316
692 0 0 0 0 22.7751 45.2249
693 0 0 0 0 5.30308 13.6969
694 0 0 0 0 4.41379 53.5862
695 0 0 0 0 21.8675 22.1325
696 0 0 0 0 10.9603 6.03971
697 0 0 0 0 13.6 3.4
698 0 0 0 0 27.3014 6.69862
699 0 0 0 0 29.5866 50.4134
700 0 0 0 0 60.2344 29.7656
701 0 0 0 0 24.7059 53.2941
702 0 0 0 0 51.1753 34.8247
703 0 0 0 0 31.1574 56.8426
704 0 0 0 0 52.0711 39.9289
705 0 0 0 0 57.5145 5.48549
706 0 0 0 0 4.1844 54.8156
707 0 0 0 0 30.4395 15.5605
708 0 0 0 0 21.7489 75.2511
709 0 0 0 0 9.9812 5.0188
710 0 0 0 0 16.6856 8.31442
711 0 0 0 0 77.6564 0.343612
712 0 0 0 0 5.02246 2.97754
713 0 0 0 0 21.1156 74.8844
714 0 0 0 0 34.806 39.194
715 0 0 0 0 1.16403 29.836
716 0 0 0 0 1.59483 3.40517
717 0 0 0 0 2.92945 2.07055
718 0 0 0 0 6.50323 57.4968
719 0 0 0 0 29.3313 32.6687
720 0 0 0 0 32.8564 44.1436
721 0 0 0 0 15.2228 3.77725
722 0 0 0 0 79.2098 12.7902
723 0 0 0 0 34.8988 39.1012
724 0 0 0 0 41.645 10.355
725 0 0 0 0 5.02044 5.97956
726 0 0 0 0 16.3373 1.66265
727 0 0 0 0 2.86058 48.1394
728 0 0 0 0 18.6211 10.3789
729 0 0 0 0 23.4295 61.5705
730 0 0 0 0 20.908 3.09202
731 0 0 0 0 8.58667 19.4133
732 0 0 0 0 8.6663 52.3337
733 0 0 0 0 31.955 1.045
734 0 0 0 0 21.8248 24.1752
735 0 0 0 0 49.4 28.6
736 0 0 0 0 30.3967 60.6033
737 0 0 0 0 18.7313 55.2687
738 0 0 0 0 14.3362 52.6638
739 0 0 0 0 72.9167 12.0833
740 0 0 0 0 12.0976 14.9024
741 0 0 0 0 5.54153 0.458472
742 0 0 0 0 43.6183 17.3817
743 0 0 0 0 2.83027 66.1697
744 0 0 0 0 31.3824 65.6176
745 0 0 0 0 7.4015 45.5985
746 0 0 0 0 5.51069 63.4893
747 0 0 0 0 1.49492 61.5051
748 0 0 0 0 67.0243 26.9757
749 0 0 0 0 19.016 31.984
750 0 0 0 0 43.2627 49.7373
751 0 0 0 0 21.0516 41.9484
752 0 0 0 0 1.33679 1.66321
753 0 0 0 0 7.0846 63.9154
754 0 0 0 0 2.29959 50.7004
755 0 0 0 0 60 15
756 0 0 0 0 63.1149 31.8851
757 0 0 0 0 3.1608 4.8392
758 0 0 0 0 32.328 16.672
759 0 0 0 0 13.4223 81.5777
760 0 0 0 0 8.57616 65.4238
761 0 0 0 0 30.9 0.1
762 0 0 0 0 27.2312 18.7688
763 0 0 0 0 47.1165 6.88352
764 0 0 0 0 20.4314 1.56863
765 0 0 0 0 39.3071 24.6929
766 0 0 0 0 12.9508 37.0492
767 0 0 0 0 25.4361 45.5639
768 0 0 0 0 12.23 49.77
769 0 0 0 0 10.8871 3.11294
770 0 0 0 0 4.11834 53.8817
771 0 0 0 0 76.5876 15.4124
772 0 0 0 0 16.2633 34.7367
773 0 0 0 0 5.09281 0.907186
774 0 0 0 0 55.618 34.382
775 0 0 0 0 14.4773 20.5227
776 0 0 0 0 40.5682 19.4318
777 0 0 0 0 15.9249 74.0751
778 0 0 0 0 13.7863 60.2137
779 0 0 0 0 7.064 0.936
780 0 0 0 0 8.57205 43.4279
781 0 0 0 0 48.3871 11.6129
782 0 0 0 0 81.6519 17.3481
783 0 0 0 0 22.3489 17.6511
