NAME : X-n895-k37
COMMENT : "Generated by Uchoa, Pecin, Pessoa, Poggi, Subramanian, and Vidal (2013)"
TYPE : CVRP
DIMENSION : 895
EDGE_WEIGHT_TYPE : EUC_2D
CAPACITY : 1816
NODE_COORD_SECTION
1 706 137
2 392 662
3 692 274
4 944 370
5 726 945
6 869 43
7 621 770
8 112 402
9 523 374
10 619 178
11 553 457
12 95 814
13 696 130
14 27 417
15 940 487
16 943 965
17 670 435
18 931 752
19 307 776
20 404 101
21 199 526
22 117 312
23 762 505
24 433 864
25 868 155
26 832 870
27 488 624
28 686 782
29 585 89
30 268 339
31 248 344
32 22 776
33 89 614
34 75 271
35 882 646
36 6 656
37 449 27
38 857 362
39 809 774
40 403 626
41 559 145
42 667 945
43 524 737
44 683 777
45 641 798
46 514 495
47 102 813
48 517 591
49 748 330
50 859 127
51 699 41
52 281 442
53 257 106
54 116 99
55 41 732
56 555 95
57 378 1
58 155 308
59 942 955
60 619 205
61 646 910
62 796 791
63 785 49
64 958 817
65 424 240
66 311 226
67 37 119
68 761 866
69 404 417
70 929 432
71 743 535
72 418 679
73 107 379
74 329 868
75 22 432
76 24 474
77 380 83
78 145 135
79 576 209
80 877 859
81 901 0
82 464 473
83 181 35
84 976 331
85 672 617
86 324 264
87 193 341
88 525 782
89 527 935
90 218 529
91 48 325
92 431 989
93 626 974
94 594 432
95 757 450
96 805 123
97 959 266
98 348 776
99 409 946
100 458 247
101 841 361
102 333 503
103 675 306
104 407 811
105 418 325
106 856 199
107 300 792
108 371 156
109 163 237
110 172 589
111 609 928
112 273 18
113 379 694
114 996 38
115 4 6
116 738 18
117 693 307
118 989 54
119 468 585
120 594 172
121 563 205
122 271 783
123 58 987
124 374 383
125 775 530
126 913 512
127 413 798
128 813 948
129 943 941
130 437 169
131 247 374
132 347 51
133 8 111
134 321 825
135 854 335
136 619 272
137 742 232
138 496 187
139 605 66
140 973 75
141 241 509
142 845 106
143 451 217
144 955 319
145 432 662
146 704 73
147 418 205
148 817 754
149 570 429
150 362 720
151 114 713
152 11 516
153 737 62
154 563 318
155 222 187
156 697 638
157 343 830
158 1 279
159 3 342
160 231 539
161 628 515
162 827 658
163 801 656
164 679 529
165 158 918
166 142 648
167 530 874
168 305 312
169 328 352
170 501 82
171 189 506
172 78 479
173 863 149
174 413 938
175 353 328
176 173 12
177 311 155
178 839 829
179 674 882
180 463 786
181 554 231
182 693 512
183 382 975
184 28 64
185 298 757
186 343 385
187 789 178
188 650 2
189 580 122
190 111 986
191 779 332
192 311 146
193 263 238
194 770 491
195 319 39
196 703 930
197 539 28
198 45 221
199 954 171
200 714 181
201 428 934
202 120 134
203 301 361
204 940 618
205 277 407
206 126 331
207 564 510
208 177 346
209 265 422
210 651 553
211 19 286
212 928 367
213 894 965
214 232 681
215 523 620
216 894 67
217 498 538
218 864 235
219 8 209
220 482 729
221 736 659
222 491 881
223 990 18
224 303 19
225 98 362
226 513 920
227 54 777
228 669 503
229 401 696
230 282 796
231 373 477
232 97 129
233 289 226
234 604 594
235 192 881
236 806 742
237 737 534
238 235 539
239 335 13
240 218 573
241 544 714
242 389 497
243 706 668
244 459 745
245 841 879
246 229 474
247 786 899
248 857 774
249 585 656
250 373 117
251 132 531
252 444 64
253 60 688
254 392 214
255 884 652
256 455 410
257 384 134
258 309 192
259 255 115
260 828 499
261 995 168
262 102 622
263 40 41
264 704 407
265 164 482
266 201 711
267 110 315
268 928 101
269 490 778
270 991 811
271 916 88
272 545 940
273 398 279
274 304 912
275 984 276
276 308 171
277 644 223
278 934 144
279 420 61
280 169 435
281 810 360
282 121 281
283 409 392
284 787 260
285 805 460
286 62 236
287 713 481
288 18 568
289 369 806
290 407 560
291 172 307
292 429 168
293 570 697
294 755 949
295 204 115
296 785 263
297 301 949
298 163 735
299 308 916
300 553 947
301 787 391
302 640 395
303 556 985
304 408 699
305 77 370
306 647 45
307 101 363
308 724 896
309 554 248
310 597 941
311 677 358
312 80 300
313 422 903
314 359 979
315 89 43
316 759 567
317 217 226
318 755 196
319 727 756
320 243 741
321 305 628
322 55 272
323 54 601
324 723 760
325 376 531
326 491 26
327 116 948
328 588 950
329 952 878
330 740 917
331 33 931
332 934 527
333 878 622
334 436 544
335 506 952
336 56 100
337 833 235
338 666 148
339 311 177
340 958 167
341 820 203
342 468 112
343 805 38
344 840 619
345 672 531
346 336 457
347 422 735
348 610 233
349 549 234
350 717 345
351 174 728
352 379 181
353 441 849
354 507 580
355 152 247
356 959 525
357 665 922
358 560 104
359 24 789
360 366 714
361 364 519
362 180 505
363 537 611
364 319 92
365 12 721
366 627 506
367 14 240
368 742 392
369 913 124
370 611 472
371 861 969
372 258 237
373 692 340
374 798 911
375 55 353
376 698 642
377 810 497
378 303 968
379 659 716
380 592 510
381 50 737
382 199 933
383 307 646
384 676 138
385 27 719
386 9 732
387 717 497
388 387 712
389 684 116
390 211 434
391 180 889
392 367 808
393 790 121
394 735 751
395 69 205
396 960 894
397 442 938
398 464 531
399 334 100
400 713 827
401 568 287
402 734 265
403 1 988
404 877 355
405 421 908
406 835 584
407 679 551
408 905 619
409 84 49
410 509 761
411 49 237
412 954 648
413 970 982
414 452 208
415 375 760
416 384 862
417 314 488
418 815 978
419 997 598
420 258 573
421 685 368
422 697 265
423 833 497
424 842 481
425 477 937
426 654 904
427 880 966
428 105 180
429 415 523
430 196 870
431 712 781
432 220 652
433 47 976
434 283 778
435 984 484
436 62 771
437 256 155
438 830 384
439 924 883
440 710 801
441 748 439
442 203 86
443 843 548
444 946 896
445 558 219
446 726 422
447 627 320
448 753 602
449 551 407
450 170 569
451 242 803
452 822 356
453 918 925
454 264 847
455 232 865
456 40 984
457 678 213
458 187 214
459 218 141
460 5 201
461 181 727
462 73 772
463 400 534
464 514 119
465 603 438
466 509 260
467 55 709
468 65 734
469 448 333
470 32 560
471 40 598
472 364 436
473 48 915
474 638 194
475 289 900
476 817 504
477 65 701
478 270 825
479 313 577
480 33 609
481 988 726
482 328 755
483 704 359
484 327 312
485 631 37
486 165 429
487 629 240
488 212 564
489 642 201
490 585 932
491 335 982
492 911 208
493 993 799
494 347 487
495 648 607
496 844 478
497 484 925
498 662 962
499 469 911
500 136 495
501 246 693
502 694 362
503 279 948
504 117 776
505 237 728
506 61 334
507 639 541
508 819 723
509 742 676
510 335 666
511 685 781
512 475 132
513 875 693
514 538 786
515 631 519
516 24 691
517 76 956
518 649 263
519 273 876
520 609 475
521 618 152
522 97 306
523 481 737
524 71 451
525 96 989
526 265 266
527 705 252
528 459 979
529 940 686
530 991 133
531 473 340
532 524 304
533 902 482
534 62 39
535 891 180
536 218 68
537 564 128
538 724 756
539 142 723
540 199 802
541 838 393
542 170 195
543 991 179
544 327 422
545 462 560
546 50 912
547 274 530
548 165 743
549 503 930
550 966 598
551 414 19
552 478 965
553 857 314
554 974 589
555 905 657
556 736 179
557 746 547
558 79 359
559 822 719
560 611 871
561 221 972
562 747 25
563 317 246
564 479 411
565 663 953
566 390 844
567 123 548
568 919 567
569 277 365
570 876 710
571 48 695
572 211 991
573 602 104
574 25 664
575 480 25
576 842 729
577 1000 577
578 113 381
579 884 645
580 998 717
581 161 208
582 366 683
583 302 922
584 71 282
585 608 939
586 463 27
587 857 993
588 155 642
589 188 723
590 39 15
591 248 256
592 549 404
593 577 32
594 180 887
595 253 881
596 251 66
597 780 353
598 925 23
599 229 298
600 467 518
601 629 690
602 767 447
603 609 706
604 101 540
605 285 58
606 151 320
607 405 567
608 266 302
609 737 994
610 979 446
611 709 111
612 773 865
613 301 43
614 98 770
615 186 834
616 638 680
617 122 275
618 818 874
619 587 993
620 581 90
621 675 767
622 394 485
623 233 115
624 523 829
625 258 116
626 540 968
627 530 493
628 91 519
629 504 936
630 919 829
631 456 683
632 114 174
633 869 350
634 648 215
635 72 7
636 122 700
637 137 505
638 799 415
639 14 55
640 852 391
641 925 58
642 896 356
643 1000 181
644 740 435
645 171 685
646 414 107
647 319 3
648 428 407
649 649 573
650 287 377
651 345 908
652 260 775
653 455 930
654 395 17
655 29 545
656 784 396
657 515 475
658 76 518
659 397 332
660 249 19
661 84 948
662 619 511
663 55 952
664 110 785
665 245 598
666 767 266
667 689 850
668 524 721
669 408 696
670 215 198
671 559 740
672 850 248
673 813 23
674 113 360
675 5 103
676 150 678
677 24 381
678 564 946
679 948 682
680 692 713
681 439 83
682 120 789
683 383 989
684 444 944
685 780 460
686 291 865
687 884 797
688 580 354
689 597 359
690 39 789
691 105 650
692 974 818
693 772 641
694 278 318
695 277 353
696 705 598
697 10 683
698 376 850
699 709 481
700 554 851
701 349 880
702 654 921
703 287 871
704 507 121
705 651 137
706 885 710
707 978 127
708 252 845
709 108 383
710 796 535
711 324 120
712 680 848
713 741 55
714 567 356
715 948 484
716 384 849
717 898 609
718 333 274
719 48 119
720 162 955
721 755 16
722 680 28
723 905 694
724 516 164
725 815 264
726 145 502
727 370 139
728 147 867
729 413 855
730 725 215
731 382 152
732 465 342
733 207 306
734 362 832
735 450 698
736 76 260
737 689 652
738 456 653
739 166 505
740 297 183
741 674 941
742 360 125
743 698 567
744 641 61
745 806 739
746 879 332
747 291 644
748 328 738
749 60 626
750 771 498
751 773 764
752 782 446
753 236 699
754 246 489
755 44 716
756 125 308
757 465 68
758 471 311
759 586 559
760 690 839
761 703 363
762 61 613
763 959 114
764 505 443
765 236 226
766 591 180
767 298 472
768 808 917
769 177 815
770 80 442
771 820 484
772 534 945
773 971 304
774 508 967
775 318 272
776 826 605
777 884 385
778 305 965
779 664 720
780 527 864
781 516 762
782 853 785
783 306 979
784 686 79
785 294 656
786 990 418
787 775 966
788 52 500
789 972 304
790 504 998
791 173 863
792 580 766
793 130 459
794 639 292
795 688 616
796 926 405
797 683 889
798 590 217
799 80 441
800 949 339
801 366 878
802 5 325
803 189 316
804 213 379
805 248 724
806 489 309
807 435 486
808 484 727
809 224 242
810 94 504
811 314 961
812 231 474
813 516 264
814 832 385
815 900 15
816 127 103
817 176 136
818 160 67
819 346 693
820 547 990
821 584 219
822 495 809
823 383 299
824 69 896
825 947 391
826 705 505
827 822 909
828 976 477
829 799 545
830 610 193
831 46 858
832 752 779
833 505 89
834 483 553
835 525 251
836 585 737
837 759 448
838 553 402
839 300 459
840 867 678
841 77 562
842 499 201
843 492 616
844 690 820
845 310 386
846 956 549
847 803 123
848 354 770
849 134 392
850 6 687
851 8 147
852 859 27
853 553 65
854 695 997
855 465 120
856 407 480
857 399 411
858 510 499
859 608 240
860 906 910
861 834 444
862 900 358
863 448 970
864 466 485
865 845 701
866 763 376
867 76 538
868 899 267
869 750 729
870 950 497
871 161 440
872 222 709
873 693 594
874 768 305
875 449 937
876 154 151
877 148 376
878 474 526
879 265 553
880 617 328
881 417 672
882 781 526
883 11 580
884 237 863
885 128 92
886 351 810
887 669 575
888 843 769
889 740 767
890 304 526
891 298 862
892 966 953
893 37 837
894 711 961
895 534 28
PICKUP_AND_DELIVERY_SECTION
1 0 0 0 0 0 0
2 0 0 0 0 27.3263 39.6737
3 0 0 0 0 51.948 34.052
4 0 0 0 0 49.8602 32.1398
5 0 0 0 0 22.9429 76.0571
6 0 0 0 0 51.328 2.67204
7 0 0 0 0 10.0623 41.9377
8 0 0 0 0 38.9552 15.0448
9 0 0 0 0 20.2275 50.7725
10 0 0 0 0 49.8708 20.1292
11 0 0 0 0 10.5895 50.4105
12 0 0 0 0 65.3636 8.63636
13 0 0 0 0 74.0029 16.9971
14 0 0 0 0 90.7194 6.28058
15 0 0 0 0 44.3362 47.6638
16 0 0 0 0 1.43627 61.5637
17 0 0 0 0 29.4627 54.5373
18 0 0 0 0 17.304 72.696
19 0 0 0 0 32.0322 20.9678
20 0 0 0 0 49.5 16.5
21 0 0 0 0 49.1122 29.8878
22 0 0 0 0 35.625 21.375
23 0 0 0 0 17.8753 35.1247
24 0 0 0 0 35.9167 36.0833
25 0 0 0 0 47.6429 10.3571
26 0 0 0 0 4.10575 89.8943
27 0 0 0 0 18.7436 67.2564
28 0 0 0 0 7.85678 56.1432
29 0 0 0 0 62.7419 11.2581
30 0 0 0 0 17.174 64.826
31 0 0 0 0 21.7674 56.2326
32 0 0 0 0 74.817 2.18299
33 0 0 0 0 66.6938 11.3062
34 0 0 0 0 41.9483 16.0517
35 0 0 0 0 13.6463 37.3537
36 0 0 0 0 63.4146 0.585366
37 0 0 0 0 57.3318 3.66815
38 0 0 0 0 50.2509 36.7491
39 0 0 0 0 3.98022 88.0198
40 0 0 0 0 28.4984 51.5016
41 0 0 0 0 45.9177 16.0823
42 0 0 0 0 28.5354 68.4646
43 0 0 0 0 25.4328 62.5672
44 0 0 0 0 9.43629 68.5637
45 0 0 0 0 15.3459 62.6541
46 0 0 0 0 3.17899 82.821
47 0 0 0 0 65.5904 9.40959
48 0 0 0 0 7.76311 54.2369
49 0 0 0 0 53.6471 42.3529
50 0 0 0 0 69.8766 12.1234
51 0 0 0 0 47.0672 2.93276
52 0 0 0 0 22.2195 38.7805
53 0 0 0 0 50.5292 35.4708
54 0 0 0 0 9.81897 57.181
55 0 0 0 0 86.847 5.15301
56 0 0 0 0 47.2432 9.75676
57 0 0 0 0 50.8651 0.134921
58 0 0 0 0 34.7727 35.2273
59 0 0 0 0 1.26597 91.734
60 0 0 0 0 55.5121 27.4879
61 0 0 0 0 28.7209 70.2791
62 0 0 0 0 0.40201 63.598
63 0 0 0 0 58.1299 3.87006
64 0 0 0 0 11.4802 66.5198
65 0 0 0 0 27.7736 36.2264
66 0 0 0 0 22.1383 58.8617
67 0 0 0 0 58.5714 26.4286
68 0 0 0 0 6.78984 49.2102
69 0 0 0 0 1.7458 54.2542
70 0 0 0 0 46.5436 40.4564
71 0 0 0 0 25.4751 65.5249
72 0 0 0 0 35.3638 56.6362
73 0 0 0 0 41.6253 16.3747
74 0 0 0 0 42.2258 25.7742
75 0 0 0 0 88.2639 4.73611
76 0 0 0 0 55.0633 2.93671
77 0 0 0 0 76.5947 21.4053
78 0 0 0 0 6 81
79 0 0 0 0 54.158 30.842
80 0 0 0 0 1.9293 92.0707
81 0 0 0 0 71 0
82 0 0 0 0 1.76956 91.2304
83 0 0 0 0 40.3315 9.66851
84 0 0 0 0 39.6516 20.3484
85 0 0 0 0 7.36607 82.6339
86 0 0 0 0 17.5926 77.4074
87 0 0 0 0 37.7595 49.2405
88 0 0 0 0 27.9348 57.0652
89 0 0 0 0 34.4727 44.5273
90 0 0 0 0 31.7467 22.2533
91 0 0 0 0 75.8554 13.1446
92 0 0 0 0 55.2922 42.7078
93 0 0 0 0 35.0144 62.9856
94 0 0 0 0 23.1818 61.8182
95 0 0 0 0 39.3382 57.6618
96 0 0 0 0 79.6373 14.3627
97 0 0 0 0 49.8613 19.1387
98 0 0 0 0 34.1959 27.8041
99 0 0 0 0 31.7886 24.2114
100 0 0 0 0 45.1485 52.8515
101 0 0 0 0 37.0987 27.9013
102 0 0 0 0 18.5885 36.4115
103 0 0 0 0 50.84 42.16
104 0 0 0 0 25.9038 26.0962
105 0 0 0 0 15.3517 53.6483
106 0 0 0 0 46.0514 13.9486
107 0 0 0 0 60.2576 36.7424
108 0 0 0 0 31.8733 23.1267
109 0 0 0 0 26.5401 58.4599
110 0 0 0 0 36.8149 15.1851
111 0 0 0 0 22.6875 43.3125
112 0 0 0 0 67.2527 4.74725
113 0 0 0 0 31.3184 37.6816
114 0 0 0 0 48.0924 1.90763
115 0 0 0 0 24.3333 48.6667
116 0 0 0 0 52.6829 1.31707
117 0 0 0 0 41.2179 32.7821
118 0 0 0 0 87.9221 5.07786
119 0 0 0 0 16.8 67.2
120 0 0 0 0 49.0202 19.9798
121 0 0 0 0 62.952 36.048
122 0 0 0 0 48.3883 25.6117
123 0 0 0 0 88.4762 5.52381
124 0 0 0 0 2.30287 95.6971
125 0 0 0 0 17.3871 37.6129
126 0 0 0 0 41.7251 53.2749
127 0 0 0 0 35.7018 38.2982
128 0 0 0 0 12.5316 75.4684
129 0 0 0 0 0.212089 99.7879
130 0 0 0 0 48.4485 30.5515
131 0 0 0 0 28.8636 56.1364
132 0 0 0 0 66.536 11.464
133 0 0 0 0 65.8829 5.11712
134 0 0 0 0 58.6473 37.3527
135 0 0 0 0 58.3419 37.6581
136 0 0 0 0 42.6042 33.3958
137 0 0 0 0 34.3666 15.6334
138 0 0 0 0 62.2984 37.7016
139 0 0 0 0 62.3636 7.63636
140 0 0 0 0 50.7605 4.23947
141 0 0 0 0 36.8566 33.1434
142 0 0 0 0 71.7136 10.2864
143 0 0 0 0 33.2062 30.7938
144 0 0 0 0 40.6241 20.3759
145 0 0 0 0 33.7009 63.2991
146 0 0 0 0 73.4972 8.50284
147 0 0 0 0 45.3517 43.6483
148 0 0 0 0 6.24602 74.754
149 0 0 0 0 18.0579 54.9421
150 0 0 0 0 31.325 31.675
151 0 0 0 0 65.5288 12.4712
152 0 0 0 0 72.4225 1.57752
153 0 0 0 0 63.1954 5.80461
154 0 0 0 0 23.0639 29.9361
155 0 0 0 0 12.2973 65.7027
156 0 0 0 0 6.01004 64.99
157 0 0 0 0 30.5108 21.4892
158 0 0 0 0 95.6559 0.344086
159 0 0 0 0 91.193 0.807018
160 0 0 0 0 42.8571 32.1429
161 0 0 0 0 11.336 51.664
162 0 0 0 0 11.4438 44.5562
163 0 0 0 0 16.8352 76.1648
164 0 0 0 0 18.9985 67.0015
165 0 0 0 0 48.0174 9.98257
166 0 0 0 0 45.2901 12.7099
167 0 0 0 0 36.6041 56.3959
168 0 0 0 0 1.75 76.25
169 0 0 0 0 4.22727 57.7727
170 0 0 0 0 53.525 10.475
171 0 0 0 0 51.998 31.002
172 0 0 0 0 83.7161 16.2839
173 0 0 0 0 72.8065 15.1935
174 0 0 0 0 44.2164 34.7836
175 0 0 0 0 5.31161 69.6884
176 0 0 0 0 70.7283 5.27168
177 0 0 0 0 31.0997 30.9003
178 0 0 0 0 0.738975 61.261
179 0 0 0 0 16.0363 51.9637
180 0 0 0 0 32.8753 47.1247
181 0 0 0 0 39.6462 28.3538
182 0 0 0 0 14.6263 41.3737
183 0 0 0 0 39.5333 25.4667
184 0 0 0 0 36 28
185 0 0 0 0 60.0277 38.9723
186 0 0 0 0 7.74545 63.2545
187 0 0 0 0 48.0127 13.9873
188 0 0 0 0 57.8215 0.178462
189 0 0 0 0 58.4345 15.5655
190 0 0 0 0 78.9807 10.0193
191 0 0 0 0 54.5122 40.4878
192 0 0 0 0 37.1383 32.8617
193 0 0 0 0 6.55894 62.4411
194 0 0 0 0 26.0883 45.9117
195 0 0 0 0 86.8966 12.1034
196 0 0 0 0 14.6452 45.3548
197 0 0 0 0 54.039 2.96104
198 0 0 0 0 75.6561 19.3439
199 0 0 0 0 66.4811 14.5189
200 0 0 0 0 53.7479 18.2521
201 0 0 0 0 32.5054 27.4946
202 0 0 0 0 8.25373 70.7463
203 0 0 0 0 9.14127 45.8587
204 0 0 0 0 26.034 49.966
205 0 0 0 0 22.3587 47.6413
206 0 0 0 0 58.2175 35.7825
207 0 0 0 0 9.09574 85.9043
208 0 0 0 0 38.5867 40.4133
209 0 0 0 0 27.1588 45.8412
210 0 0 0 0 10.3871 58.6129
211 0 0 0 0 75.6189 5.38112
212 0 0 0 0 53.8028 35.1972
213 0 0 0 0 6.76891 85.2311
214 0 0 0 0 48.79 25.21
215 0 0 0 0 14.0806 75.9194
216 0 0 0 0 49.028 3.97204
217 0 0 0 0 6.98885 87.0112
218 0 0 0 0 37.8565 14.1435
219 0 0 0 0 63.4737 2.52632
220 0 0 0 0 32.8656 64.1344
221 0 0 0 0 5.23098 44.769
222 0 0 0 0 33.2009 41.7991
223 0 0 0 0 77.5636 1.43636
224 0 0 0 0 80.6073 5.39274
225 0 0 0 0 53.9669 20.0331
226 0 0 0 0 22.562 28.438
227 0 0 0 0 68.8571 5.14286
228 0 0 0 0 22.3318 67.6682
229 0 0 0 0 21.6164 29.3836
230 0 0 0 0 36.8065 20.1935
231 0 0 0 0 11.5556 41.4444
232 0 0 0 0 17.8605 54.1395
233 0 0 0 0 11.7716 42.2284
234 0 0 0 0 1.1755 69.8245
235 0 0 0 0 46.1419 12.8581
236 0 0 0 0 5.95533 69.0447
237 0 0 0 0 13.772 36.228
238 0 0 0 0 43.9926 34.0074
239 0 0 0 0 63.4388 2.56119
240 0 0 0 0 52.6614 32.3386
241 0 0 0 0 20.7143 66.2857
242 0 0 0 0 17.167 61.833
243 0 0 0 0 5.32861 93.6714
244 0 0 0 0 38.3893 61.6107
245 0 0 0 0 3.37201 74.628
246 0 0 0 0 35.6646 33.3354
247 0 0 0 0 12.3181 85.6819
248 0 0 0 0 5.22987 48.7701
249 0 0 0 0 6.71037 55.2896
250 0 0 0 0 51.4745 23.5255
251 0 0 0 0 45.8362 15.1638
252 0 0 0 0 65.9009 11.0991
253 0 0 0 0 61.157 5.84302
254 0 0 0 0 26.3367 31.6633
255 0 0 0 0 23.095 64.905
256 0 0 0 0 8.50549 77.4945
257 0 0 0 0 55.9896 30.0104
258 0 0 0 0 27.6408 45.3592
259 0 0 0 0 48.3137 39.6863
260 0 0 0 0 25.43 38.57
261 0 0 0 0 62.3367 12.6633
262 0 0 0 0 81.0932 15.9068
263 0 0 0 0 1.41463 56.5854
264 0 0 0 0 38.3906 52.6094
265 0 0 0 0 32.9876 17.0124
266 0 0 0 0 48.7764 19.2236
267 0 0 0 0 41 22
268 0 0 0 0 74.8578 9.14224
269 0 0 0 0 22.581 38.419
270 0 0 0 0 15.2573 68.7427
271 0 0 0 0 78.6419 8.35808
272 0 0 0 0 24.3723 33.6277
273 0 0 0 0 18.2387 42.7613
274 0 0 0 0 45.3333 22.6667
275 0 0 0 0 64.7561 25.2439
276 0 0 0 0 44.0357 54.9643
277 0 0 0 0 38.5699 20.4301
278 0 0 0 0 77.8158 14.1842
279 0 0 0 0 71.8 12.2
280 0 0 0 0 50.754 32.246
281 0 0 0 0 35 28
282 0 0 0 0 37.0107 27.9893
283 0 0 0 0 2.78484 64.2152
284 0 0 0 0 58.9276 29.0724
285 0 0 0 0 23.1429 30.8571
286 0 0 0 0 64.8814 23.1186
287 0 0 0 0 22.1262 45.8738
288 0 0 0 0 83.2746 2.72535
289 0 0 0 0 34.1576 28.8424
290 0 0 0 0 16.6661 44.3339
291 0 0 0 0 27.2638 34.7362
292 0 0 0 0 44.4126 28.5874
293 0 0 0 0 10.7504 48.2496
294 0 0 0 0 13.2877 51.7123
295 0 0 0 0 38.8284 50.1716
296 0 0 0 0 63.172 31.828
297 0 0 0 0 38.921 18.079
298 0 0 0 0 73.932 21.068
299 0 0 0 0 58.4105 29.5895
300 0 0 0 0 38.6927 54.3073
301 0 0 0 0 42.77 42.23
302 0 0 0 0 24.1172 38.8828
303 0 0 0 0 21.7766 28.2234
304 0 0 0 0 26.2275 36.7725
305 0 0 0 0 43.5541 11.4459
306 0 0 0 0 57.6878 4.31221
307 0 0 0 0 54.854 21.146
308 0 0 0 0 14.5893 61.4107
309 0 0 0 0 37.0072 29.9928
310 0 0 0 0 34.3634 59.6366
311 0 0 0 0 44.7637 50.2363
312 0 0 0 0 38.1333 13.8667
313 0 0 0 0 28.2315 24.7685
314 0 0 0 0 62.6966 36.3034
315 0 0 0 0 27.3933 25.6067
316 0 0 0 0 16.9486 50.0514
317 0 0 0 0 3.90265 94.0973
318 0 0 0 0 48.8662 17.1338
319 0 0 0 0 2.49339 62.5066
320 0 0 0 0 67.2065 32.7935
321 0 0 0 0 32.4029 30.5971
322 0 0 0 0 75.7904 19.2096
323 0 0 0 0 60.0699 5.93012
324 0 0 0 0 2.62895 51.3711
325 0 0 0 0 25.6874 62.3126
326 0 0 0 0 59.664 3.33605
327 0 0 0 0 78.9873 11.0127
328 0 0 0 0 36.5811 59.4189
329 0 0 0 0 6.45168 76.5483
330 0 0 0 0 15.2486 63.7514
331 0 0 0 0 52.0859 1.91407
332 0 0 0 0 39.6542 51.3458
333 0 0 0 0 15.7449 38.2551
334 0 0 0 0 13.1029 52.8971
335 0 0 0 0 25.2983 28.7017
336 0 0 0 0 27.72 35.28
337 0 0 0 0 54.5594 21.4406
338 0 0 0 0 70 20
339 0 0 0 0 33.6077 44.3923
340 0 0 0 0 57.7975 12.2025
341 0 0 0 0 65.4622 21.5378
342 0 0 0 0 57.812 18.188
343 0 0 0 0 70.5068 3.49317
344 0 0 0 0 20.2583 56.7417
345 0 0 0 0 19.3036 72.6964
346 0 0 0 0 13.5033 37.4967
347 0 0 0 0 39.1782 52.8218
348 0 0 0 0 33.9918 21.0082
349 0 0 0 0 44.1803 32.8197
350 0 0 0 0 49.2887 45.7113
351 0 0 0 0 56.3132 17.6868
352 0 0 0 0 47.0185 42.9815
353 0 0 0 0 45.1731 48.8269
354 0 0 0 0 12.3345 85.6655
355 0 0 0 0 26.9231 43.0769
356 0 0 0 0 44.3504 53.6496
357 0 0 0 0 26.2017 67.7983
358 0 0 0 0 77.3571 17.6429
359 0 0 0 0 56.2357 1.76426
360 0 0 0 0 28.7563 30.2437
361 0 0 0 0 25.3854 59.6146
362 0 0 0 0 62.4257 34.5743
363 0 0 0 0 9.93126 72.0687
364 0 0 0 0 46.9655 19.0345
365 0 0 0 0 51.1345 0.865465
366 0 0 0 0 18.5263 77.4737
367 0 0 0 0 86.6333 5.36667
368 0 0 0 0 34.434 38.566
369 0 0 0 0 69.9989 11.0011
370 0 0 0 0 17.5172 59.4828
371 0 0 0 0 7.13313 56.8669
372 0 0 0 0 5.77907 65.2209
373 0 0 0 0 50.3584 48.6416
374 0 0 0 0 11.5357 81.4643
375 0 0 0 0 57.4051 10.5949
376 0 0 0 0 5.61605 64.384
377 0 0 0 0 32.4593 51.5407
378 0 0 0 0 35.7231 16.2769
379 0 0 0 0 4.06006 46.9399
380 0 0 0 0 12.6047 78.3953
381 0 0 0 0 71.7761 5.22388
382 0 0 0 0 59.0032 15.9968
383 0 0 0 0 47.2291 42.7709
384 0 0 0 0 56.5059 14.4941
385 0 0 0 0 59.6718 2.32823
386 0 0 0 0 97.7828 1.21721
387 0 0 0 0 29.1492 65.8508
388 0 0 0 0 41.9944 50.0056
389 0 0 0 0 48.1637 9.83626
390 0 0 0 0 29.8018 28.1982
391 0 0 0 0 71.7773 18.2227
392 0 0 0 0 54.0334 44.9666
393 0 0 0 0 60.1253 10.8747
394 0 0 0 0 1.57656 72.4234
395 0 0 0 0 60.3707 30.6293
396 0 0 0 0 3.9875 54.0125
397 0 0 0 0 32.7846 29.2154
398 0 0 0 0 6.56121 45.4388
399 0 0 0 0 41.3353 17.6647
400 0 0 0 0 7.58162 47.4184
401 0 0 0 0 38.588 39.412
402 0 0 0 0 63.2575 35.7425
403 0 0 0 0 55.9433 0.0566802
404 0 0 0 0 40.4743 27.5257
405 0 0 0 0 47.1982 40.8018
406 0 0 0 0 27.9557 65.0443
407 0 0 0 0 13.5729 58.4271
408 0 0 0 0 30.6541 66.3459
409 0 0 0 0 37.5 52.5
410 0 0 0 0 25.498 51.502
411 0 0 0 0 42.0422 10.9578
412 0 0 0 0 19.8868 42.1132
413 0 0 0 0 0.989817 80.0102
414 0 0 0 0 31.8496 27.1504
415 0 0 0 0 28.875 28.125
416 0 0 0 0 32.1624 25.8376
417 0 0 0 0 27.8115 50.1885
418 0 0 0 0 12.3333 61.6667
419 0 0 0 0 24.012 35.988
420 0 0 0 0 41.2304 33.7696
421 0 0 0 0 30.5431 35.4569
422 0 0 0 0 35.3286 21.6714
423 0 0 0 0 31.4622 46.5378
424 0 0 0 0 33.8705 45.1295
425 0 0 0 0 48.6019 50.3981
426 0 0 0 0 24.6128 64.3872
427 0 0 0 0 4.6294 47.3706
428 0 0 0 0 23.75 33.25
429 0 0 0 0 13.8356 53.1644
430 0 0 0 0 68.9494 20.0506
431 0 0 0 0 4.50576 46.4942
432 0 0 0 0 50.3558 25.6442
433 0 0 0 0 71.3883 3.61168
434 0 0 0 0 52.8085 30.1915
435 0 0 0 0 38.1098 36.8902
436 0 0 0 0 91.9585 8.0415
437 0 0 0 0 33.5352 51.4648
438 0 0 0 0 41.9133 36.0867
439 0 0 0 0 3.59416 77.4058
440 0 0 0 0 8.06617 62.9338
441 0 0 0 0 27.6778 39.3222
442 0 0 0 0 29.3941 21.6059
443 0 0 0 0 23.446 43.554
444 0 0 0 0 3.11839 55.8816
445 0 0 0 0 42.5269 27.4731
446 0 0 0 0 41.0358 56.9642
447 0 0 0 0 35.7432 37.2568
448 0 0 0 0 13.0345 51.9655
449 0 0 0 0 25.3503 71.6497
450 0 0 0 0 69.4218 29.5782
451 0 0 0 0 60.7808 26.2192
452 0 0 0 0 50.455 38.545
453 0 0 0 0 0.749189 98.2508
454 0 0 0 0 64.013 28.987
455 0 0 0 0 49.7618 18.2382
456 0 0 0 0 60.439 2.56098
457 0 0 0 0 52.1239 23.8761
458 0 0 0 0 8.45327 58.5467
459 0 0 0 0 30.7294 56.2706
460 0 0 0 0 48.7562 1.24378
461 0 0 0 0 74.3521 24.6479
462 0 0 0 0 49.7992 5.20078
463 0 0 0 0 16.0599 47.9401
464 0 0 0 0 75.3113 22.6887
465 0 0 0 0 22.1642 58.8358
466 0 0 0 0 27.3949 28.6051
467 0 0 0 0 83.0183 6.98166
468 0 0 0 0 48.3065 4.69346
469 0 0 0 0 18.9955 55.0045
470 0 0 0 0 48.0857 2.91429
471 0 0 0 0 83.9799 6.02007
472 0 0 0 0 9.24771 46.7523
473 0 0 0 0 68.223 3.77705
474 0 0 0 0 36.1881 15.8119
475 0 0 0 0 43.4489 20.5511
476 0 0 0 0 27.5838 44.4162
477 0 0 0 0 69.8602 7.1398
478 0 0 0 0 63.2364 30.7636
479 0 0 0 0 37.5182 44.4818
480 0 0 0 0 52.0197 2.9803
481 0 0 0 0 20.6842 57.3158
482 0 0 0 0 28.8437 22.1563
483 0 0 0 0 46.5554 48.4446
484 0 0 0 0 3.16514 65.8349
485 0 0 0 0 84.7227 5.27734
486 0 0 0 0 41.2308 25.7692
487 0 0 0 0 35.2512 21.7488
488 0 0 0 0 40.5674 24.4326
489 0 0 0 0 41.9019 19.0981
490 0 0 0 0 31.647 53.353
491 0 0 0 0 41.5081 21.4919
492 0 0 0 0 60.191 17.809
493 0 0 0 0 17.7784 73.2216
494 0 0 0 0 15.5236 38.4764
495 0 0 0 0 5.88426 87.1157
496 0 0 0 0 36.8602 48.1398
497 0 0 0 0 24.3146 26.6854
498 0 0 0 0 29.6258 65.3742
499 0 0 0 0 34.4479 36.5521
500 0 0 0 0 51.4929 19.5071
501 0 0 0 0 56.7619 31.2381
502 0 0 0 0 30.1383 32.8617
503 0 0 0 0 67.0411 27.9589
504 0 0 0 0 56.8982 10.1018
505 0 0 0 0 43.1648 20.8352
506 0 0 0 0 45.7725 10.2275
507 0 0 0 0 9.66197 53.338
508 0 0 0 0 10.315 77.685
509 0 0 0 0 7.73854 79.2615
510 0 0 0 0 48.2087 48.7913
511 0 0 0 0 9.71063 69.2894
512 0 0 0 0 67.8779 26.1221
513 0 0 0 0 16.224 61.776
514 0 0 0 0 17.9847 39.0153
515 0 0 0 0 9.58479 44.4152
516 0 0 0 0 55.0203 1.97974
517 0 0 0 0 65.3556 5.64435
518 0 0 0 0 47.5809 32.4191
519 0 0 0 0 61.9521 28.0479
520 0 0 0 0 11.0016 38.9984
521 0 0 0 0 46.7508 15.2492
522 0 0 0 0 47.1275 21.8725
523 0 0 0 0 18.4098 34.5902
524 0 0 0 0 66.5632 12.4368
525 0 0 0 0 67.7199 7.28008
526 0 0 0 0 0.330827 87.6692
527 0 0 0 0 52.6894 29.3106
528 0 0 0 0 27.0889 23.9111
529 0 0 0 0 25.9404 70.0596
530 0 0 0 0 64.0686 9.93138
531 0 0 0 0 25.3066 64.6934
532 0 0 0 0 38.2061 52.7939
533 0 0 0 0 27.0067 30.9933
534 0 0 0 0 24.4839 41.5161
535 0 0 0 0 72.6162 18.3838
536 0 0 0 0 46.1009 20.8991
537 0 0 0 0 77.305 22.695
538 0 0 0 0 3.80952 86.1905
539 0 0 0 0 69.1093 16.8907
540 0 0 0 0 72.1796 23.8204
541 0 0 0 0 42.4821 37.5179
542 0 0 0 0 7.5641 51.4359
543 0 0 0 0 48.3431 10.6569
544 0 0 0 0 20.936 72.064
545 0 0 0 0 9.8 46.2
546 0 0 0 0 87.9013 5.09868
547 0 0 0 0 41.5396 44.4604
548 0 0 0 0 72.3472 20.6528
549 0 0 0 0 35.3538 41.6462
550 0 0 0 0 32.381 52.619
551 0 0 0 0 57.2464 2.75362
552 0 0 0 0 40.8777 40.1223
553 0 0 0 0 54.4901 31.5099
554 0 0 0 0 38.3419 58.6581
555 0 0 0 0 21.1006 55.8994
556 0 0 0 0 70.3818 22.6182
557 0 0 0 0 22.941 63.059
558 0 0 0 0 43.6769 12.3231
559 0 0 0 0 9.77372 68.2263
560 0 0 0 0 18.5075 43.4925
561 0 0 0 0 55.6296 16.3704
562 0 0 0 0 70.5569 2.44311
563 0 0 0 0 14.5584 50.4416
564 0 0 0 0 7.09812 42.9019
565 0 0 0 0 20.9969 48.0031
566 0 0 0 0 32.8128 28.1872
567 0 0 0 0 56.615 16.385
568 0 0 0 0 26.8118 43.1882
569 0 0 0 0 21.2164 66.7836
570 0 0 0 0 15.1598 64.8402
571 0 0 0 0 48.4086 3.59137
572 0 0 0 0 67.6892 18.3108
573 0 0 0 0 75.2791 15.7209
574 0 0 0 0 80.8373 3.16265
575 0 0 0 0 64.4583 3.54167
576 0 0 0 0 9.12589 58.8741
577 0 0 0 0 29.187 39.813
578 0 0 0 0 60.4934 25.5066
579 0 0 0 0 16.2217 43.7783
580 0 0 0 0 17.4569 44.5431
581 0 0 0 0 20.1106 68.8894
582 0 0 0 0 38.5227 44.4773
583 0 0 0 0 43.7093 21.2907
584 0 0 0 0 54.6206 18.3794
585 0 0 0 0 31.7252 58.2748
586 0 0 0 0 88.5184 5.48164
587 0 0 0 0 7.25881 45.7412
588 0 0 0 0 43.2383 13.7617
589 0 0 0 0 39.9585 14.0415
590 0 0 0 0 37.5385 23.4615
591 0 0 0 0 2.34375 72.6562
592 0 0 0 0 21.3934 59.6066
593 0 0 0 0 82.175 4.82496
594 0 0 0 0 52.6065 13.3935
595 0 0 0 0 48.4722 19.5278
596 0 0 0 0 66.3347 23.6653
597 0 0 0 0 29.0141 23.9859
598 0 0 0 0 97.5135 2.48649
599 0 0 0 0 20.1443 66.8557
600 0 0 0 0 9.05792 82.9421
601 0 0 0 0 7.6029 78.3971
602 0 0 0 0 22.1121 30.8879
603 0 0 0 0 11.4037 71.5963
604 0 0 0 0 79.6704 18.3296
605 0 0 0 0 40.6211 10.3789
606 0 0 0 0 37.4969 33.5031
607 0 0 0 0 14.8571 37.1429
608 0 0 0 0 9.89404 73.106
609 0 0 0 0 19.6499 56.3501
610 0 0 0 0 33.7549 28.2451
611 0 0 0 0 82.6573 15.3427
612 0 0 0 0 5.95607 50.0439
613 0 0 0 0 78 13
614 0 0 0 0 64.5818 9.41818
615 0 0 0 0 77.6978 22.3022
616 0 0 0 0 5.55882 84.4412
617 0 0 0 0 46.7345 37.2655
618 0 0 0 0 5.57437 81.4256
619 0 0 0 0 22.4874 32.5126
620 0 0 0 0 52.3959 9.60413
621 0 0 0 0 7.79661 57.2034
622 0 0 0 0 10.3196 44.6804
623 0 0 0 0 34.9442 34.0558
624 0 0 0 0 26.2075 44.7925
625 0 0 0 0 55.0388 44.9612
626 0 0 0 0 36.2562 45.7438
627 0 0 0 0 4.81698 64.183
628 0 0 0 0 81.6416 17.3584
629 0 0 0 0 42.9231 50.0769
630 0 0 0 0 8.1284 74.8716
631 0 0 0 0 25.9239 52.0761
632 0 0 0 0 32.4138 61.5862
633 0 0 0 0 30.4591 20.5409
634 0 0 0 0 57.466 28.534
635 0 0 0 0 88.4722 9.52778
636 0 0 0 0 56.1486 11.8514
637 0 0 0 0 69.2277 25.7723
638 0 0 0 0 34.6033 37.3967
639 0 0 0 0 41 14
640 0 0 0 0 28.1362 23.8638
641 0 0 0 0 77.7957 5.20432
642 0 0 0 0 59.0625 38.9375
643 0 0 0 0 54.873 12.127
644 0 0 0 0 26.3784 37.6216
645 0 0 0 0 48.0234 15.9766
646 0 0 0 0 45.9758 16.0242
647 0 0 0 0 58.4451 0.554859
648 0 0 0 0 4.66121 90.3388
649 0 0 0 0 8.54854 64.4515
650 0 0 0 0 12.4138 39.5862
651 0 0 0 0 31.0022 18.9978
652 0 0 0 0 64.4581 32.5419
653 0 0 0 0 51.0753 48.9247
654 0 0 0 0 86.1266 3.87342
655 0 0 0 0 52.0734 2.92661
656 0 0 0 0 48.5 49.5
657 0 0 0 0 5.12621 60.8738
658 0 0 0 0 81.0618 13.9382
659 0 0 0 0 14.4081 73.5919
660 0 0 0 0 60.0402 4.95984
661 0 0 0 0 64.7089 6.29114
662 0 0 0 0 10.9919 52.0081
663 0 0 0 0 86.6849 5.31513
664 0 0 0 0 79.9682 13.0318
665 0 0 0 0 54.898 38.102
666 0 0 0 0 34.6193 18.3807
667 0 0 0 0 12.5012 53.4988
668 0 0 0 0 24.3176 64.6824
669 0 0 0 0 21.931 31.069
670 0 0 0 0 7.11628 82.8837
671 0 0 0 0 17.8554 55.1446
672 0 0 0 0 63.0329 25.9671
673 0 0 0 0 96.1993 2.80074
674 0 0 0 0 48.0278 21.9722
675 0 0 0 0 86.5825 4.41748
676 0 0 0 0 58.4071 16.5929
677 0 0 0 0 87.1417 5.85827
678 0 0 0 0 39.5729 58.4271
679 0 0 0 0 24.692 63.308
680 0 0 0 0 1.5021 49.4979
681 0 0 0 0 54.3326 12.6674
682 0 0 0 0 57.6578 10.3422
683 0 0 0 0 36.7644 23.2356
684 0 0 0 0 52.9661 47.0339
685 0 0 0 0 37.3333 53.6667
686 0 0 0 0 43.1329 21.8671
687 0 0 0 0 7.77489 71.2251
688 0 0 0 0 28.4448 44.5552
689 0 0 0 0 38.2714 57.7286
690 0 0 0 0 78.8973 4.10266
691 0 0 0 0 80.4923 15.5077
692 0 0 0 0 12.653 66.347
693 0 0 0 0 12.0479 58.9521
694 0 0 0 0 11.5723 80.4277
695 0 0 0 0 15.5014 56.4986
696 0 0 0 0 7.58865 42.4113
697 0 0 0 0 66.019 0.980966
698 0 0 0 0 47.4 37.6
699 0 0 0 0 19.2948 40.7052
700 0 0 0 0 33.8531 63.1469
701 0 0 0 0 36.2045 23.7955
702 0 0 0 0 21.4528 52.5472
703 0 0 0 0 34.1952 16.8048
704 0 0 0 0 44.1578 13.8422
705 0 0 0 0 64.7435 17.2565
706 0 0 0 0 10.8757 44.1243
707 0 0 0 0 76.5726 11.4274
708 0 0 0 0 54.0367 22.9633
709 0 0 0 0 42.3629 16.6371
710 0 0 0 0 27.2148 55.7852
711 0 0 0 0 51.6296 30.3704
712 0 0 0 0 15.0566 60.9434
713 0 0 0 0 68.5074 5.49258
714 0 0 0 0 21.5838 36.4162
715 0 0 0 0 26.9198 28.0802
716 0 0 0 0 32.3145 26.6855
717 0 0 0 0 23.1715 48.8285
718 0 0 0 0 15.0601 69.9399
719 0 0 0 0 50.7143 34.2857
720 0 0 0 0 52.3131 10.6869
721 0 0 0 0 93.9656 2.03444
722 0 0 0 0 69.0353 2.96471
723 0 0 0 0 14.4552 47.5448
724 0 0 0 0 53.8915 25.1085
725 0 0 0 0 50.7055 24.2945
726 0 0 0 0 49.7809 20.2191
727 0 0 0 0 41.2054 24.7946
728 0 0 0 0 68.0969 13.9031
729 0 0 0 0 42.9076 40.0924
730 0 0 0 0 38.6897 16.3103
731 0 0 0 0 60.2094 39.7906
732 0 0 0 0 21.6903 60.3097
733 0 0 0 0 32.0294 66.9706
734 0 0 0 0 44.0625 33.9375
735 0 0 0 0 30.5559 55.4441
736 0 0 0 0 51.6615 21.3385
737 0 0 0 0 4.72569 83.2743
738 0 0 0 0 24.1348 55.8652
739 0 0 0 0 53.0317 25.9683
740 0 0 0 0 22.6465 36.3535
741 0 0 0 0 27.5228 69.4772
742 0 0 0 0 44.3889 23.6111
743 0 0 0 0 16.3281 70.6719
744 0 0 0 0 74.1966 7.80343
745 0 0 0 0 4.15633 45.8437
746 0 0 0 0 32.3595 19.6405
747 0 0 0 0 30.6957 25.3043
748 0 0 0 0 37.2222 29.7778
749 0 0 0 0 67.8115 7.1885
750 0 0 0 0 35.0545 63.9455
751 0 0 0 0 0.815006 69.185
752 0 0 0 0 35.2327 46.7673
753 0 0 0 0 48.3534 24.6466
754 0 0 0 0 44.227 44.773
755 0 0 0 0 53.4972 3.50279
756 0 0 0 0 31.4903 21.5097
757 0 0 0 0 56.3484 9.65161
758 0 0 0 0 16.9851 33.0149
759 0 0 0 0 3.13311 64.8669
760 0 0 0 0 9.05721 41.9428
761 0 0 0 0 47.3969 50.6031
762 0 0 0 0 81.9445 9.05546
763 0 0 0 0 46.6997 6.30031
764 0 0 0 0 10.1901 72.8099
765 0 0 0 0 2.11864 47.8814
766 0 0 0 0 35.467 15.533
767 0 0 0 0 25.8051 44.1949
768 0 0 0 0 11.7677 87.2323
769 0 0 0 0 60.2773 16.7227
770 0 0 0 0 57.3303 12.6697
771 0 0 0 0 34.4195 49.5805
772 0 0 0 0 26.5302 34.4698
773 0 0 0 0 60.449 27.551
774 0 0 0 0 26.1065 28.8935
775 0 0 0 0 14.1761 83.8239
776 0 0 0 0 21.9395 60.0605
777 0 0 0 0 31.0464 23.9536
778 0 0 0 0 50.6114 23.3886
779 0 0 0 0 6.37778 75.6222
780 0 0 0 0 23.0127 35.9873
781 0 0 0 0 27.4409 57.5591
782 0 0 0 0 4.62368 53.3763
783 0 0 0 0 53.62 24.38
784 0 0 0 0 82.2901 10.7099
785 0 0 0 0 48.561 39.439
786 0 0 0 0 34.6667 25.3333
787 0 0 0 0 10.2816 41.7184
788 0 0 0 0 83.328 9.672
789 0 0 0 0 52.9177 24.0823
790 0 0 0 0 41.0842 41.9158
791 0 0 0 0 58.3662 14.6338
792 0 0 0 0 17.7258 55.2742
793 0 0 0 0 49.4575 19.5425
794 0 0 0 0 37.4695 31.5305
795 0 0 0 0 9.83721 84.1628
796 0 0 0 0 50.6371 39.3629
797 0 0 0 0 23.1721 76.8279
798 0 0 0 0 62.5881 36.4119
799 0 0 0 0 40.9297 9.07029
800 0 0 0 0 62.9926 35.0074
801 0 0 0 0 32.656 23.344
802 0 0 0 0 52.1846 0.815385
803 0 0 0 0 29.3386 43.6614
804 0 0 0 0 31.5356 40.4644
805 0 0 0 0 42.0773 21.9227
806 0 0 0 0 35.7055 61.2945
807 0 0 0 0 6.08642 51.9136
808 0 0 0 0 30.4168 60.5832
809 0 0 0 0 7.1405 88.8595
810 0 0 0 0 42.3016 9.69841
811 0 0 0 0 35.6826 17.3174
812 0 0 0 0 39.4747 37.5253
813 0 0 0 0 40.0465 41.9535
814 0 0 0 0 35.4591 30.5409
815 0 0 0 0 54.0833 0.916667
816 0 0 0 0 11.1496 47.8504
817 0 0 0 0 21.8182 74.1818
818 0 0 0 0 36.0375 25.9625
819 0 0 0 0 33.5483 33.4517
820 0 0 0 0 38.0354 46.9646
821 0 0 0 0 56.875 34.125
822 0 0 0 0 27.1693 42.8307
823 0 0 0 0 17.107 60.893
824 0 0 0 0 56.3025 4.69754
825 0 0 0 0 31.7043 22.2957
826 0 0 0 0 18.7234 47.2766
827 0 0 0 0 8.61386 81.3861
828 0 0 0 0 46.5256 44.4744
829 0 0 0 0 24.796 53.204
830 0 0 0 0 46.4852 21.5148
831 0 0 0 0 68.1399 3.86014
832 0 0 0 0 2.94608 82.0539
833 0 0 0 0 68.3723 14.6277
834 0 0 0 0 7.08861 48.9114
835 0 0 0 0 35.4895 32.5105
836 0 0 0 0 16.7056 64.2944
837 0 0 0 0 24.585 35.415
838 0 0 0 0 25.3942 67.6058
839 0 0 0 0 23.2092 43.7908
840 0 0 0 0 15.9135 57.0865
841 0 0 0 0 68.1762 10.8238
842 0 0 0 0 37.0261 24.9739
843 0 0 0 0 18.5195 73.4805
844 0 0 0 0 9.35366 49.6463
845 0 0 0 0 19.6891 80.3109
846 0 0 0 0 31.5042 42.4958
847 0 0 0 0 81.2951 14.7049
848 0 0 0 0 51.8649 44.1351
849 0 0 0 0 36.199 18.801
850 0 0 0 0 71.3712 0.628821
851 0 0 0 0 68.0816 3.91837
852 0 0 0 0 67.7998 2.20023
853 0 0 0 0 79.4213 10.5787
854 0 0 0 0 19.3862 44.6138
855 0 0 0 0 56.3871 19.6129
856 0 0 0 0 12.0146 66.9854
857 0 0 0 0 1.83942 61.1606
858 0 0 0 0 1.25098 56.749
859 0 0 0 0 37.5263 24.4737
860 0 0 0 0 0.32967 74.6703
861 0 0 0 0 32.2662 36.7338
862 0 0 0 0 37.94 25.06
863 0 0 0 0 43.5897 37.4103
864 0 0 0 0 2.93814 72.0619
865 0 0 0 0 11.0769 53.9231
866 0 0 0 0 27.3893 26.6107
867 0 0 0 0 75.5688 12.4312
868 0 0 0 0 53.4283 22.5717
869 0 0 0 0 1.596 55.404
870 0 0 0 0 46.2537 50.7463
871 0 0 0 0 42.4841 24.5159
872 0 0 0 0 63.1932 28.8068
873 0 0 0 0 9 54
874 0 0 0 0 48.832 32.168
875 0 0 0 0 34.8943 32.1057
876 0 0 0 0 1.83117 92.1688
877 0 0 0 0 43.6596 28.3404
878 0 0 0 0 8.10646 73.8935
879 0 0 0 0 50.5172 46.4828
880 0 0 0 0 31.3825 35.6175
881 0 0 0 0 28.4598 46.5402
882 0 0 0 0 21.2228 43.7772
883 0 0 0 0 85.35 1.65
884 0 0 0 0 62.3824 23.6176
885 0 0 0 0 15.75 40.25
886 0 0 0 0 36.8333 28.1667
887 0 0 0 0 8.99253 55.0075
888 0 0 0 0 7.90036 82.0996
889 0 0 0 0 1.79531 49.2047
890 0 0 0 0 30.3878 41.6122
891 0 0 0 0 53.652 28.348
892 0 0 0 0 1.10352 80.8965
893 0 0 0 0 52.5687 2.4313
894 0 0 0 0 22.3725 63.6275
895 0 0 0 0 68.2247 3.77528
