NAME : X-n819-k171
COMMENT : "Generated by Uchoa, Pecin, Pessoa, Poggi, Subramanian, and Vidal (2013)"
TYPE : CVRP
DIMENSION : 819
EDGE_WEIGHT_TYPE : EUC_2D
CAPACITY : 358
NODE_COORD_SECTION
1 500 500
2 174 325
3 49 34
4 543 815
5 42 920
6 545 80
7 681 950
8 664 944
9 61 68
10 609 259
11 116 500
12 482 911
13 708 930
14 93 57
15 642 940
16 487 619
17 511 63
18 330 52
19 529 831
20 586 862
21 503 839
22 713 994
23 28 939
24 9 111
25 203 347
26 31 115
27 414 352
28 521 982
29 121 304
30 600 26
31 506 772
32 624 39
33 205 328
34 218 104
35 22 959
36 657 188
37 72 978
38 434 815
39 487 107
40 22 987
41 599 870
42 201 402
43 726 961
44 51 7
45 35 922
46 182 331
47 577 233
48 672 906
49 485 852
50 543 849
51 574 991
52 120 166
53 592 877
54 422 762
55 26 695
56 52 953
57 673 848
58 66 393
59 165 162
60 824 928
61 462 135
62 520 759
63 25 807
64 483 808
65 600 549
66 196 76
67 420 719
68 348 480
69 531 837
70 157 347
71 273 259
72 526 18
73 373 29
74 39 211
75 398 49
76 451 211
77 693 949
78 518 106
79 451 981
80 629 687
81 731 830
82 599 866
83 202 772
84 217 285
85 102 404
86 481 771
87 601 864
88 123 963
89 467 217
90 62 8
91 532 256
92 57 914
93 640 193
94 502 823
95 197 59
96 4 824
97 110 938
98 439 838
99 543 808
100 51 34
101 94 672
102 55 46
103 420 46
104 666 997
105 186 414
106 398 883
107 103 942
108 482 816
109 62 137
110 11 840
111 37 54
112 537 858
113 745 914
114 183 279
115 703 953
116 762 726
117 485 54
118 64 920
119 74 352
120 560 178
121 283 179
122 496 834
123 660 886
124 589 160
125 650 963
126 565 36
127 241 338
128 446 971
129 638 817
130 193 372
131 752 955
132 511 904
133 411 5
134 780 925
135 536 781
136 53 168
137 495 777
138 42 892
139 488 80
140 793 984
141 201 317
142 531 985
143 181 240
144 530 802
145 576 942
146 654 903
147 634 953
148 612 71
149 334 119
150 155 811
151 35 956
152 593 840
153 588 819
154 771 968
155 273 325
156 561 46
157 113 88
158 23 813
159 49 38
160 162 152
161 611 778
162 297 479
163 627 78
164 559 818
165 79 48
166 711 905
167 612 162
168 509 839
169 153 45
170 301 160
171 693 913
172 527 213
173 144 73
174 347 325
175 95 965
176 29 145
177 268 374
178 674 900
179 418 225
180 532 930
181 501 68
182 24 888
183 310 365
184 572 153
185 546 820
186 683 948
187 561 150
188 571 205
189 513 166
190 523 805
191 193 375
192 553 9
193 131 86
194 154 914
195 528 786
196 104 10
197 672 129
198 908 170
199 654 893
200 514 130
201 547 783
202 33 856
203 563 814
204 117 19
205 459 856
206 467 859
207 494 844
208 106 523
209 89 268
210 726 969
211 155 240
212 137 860
213 497 414
214 294 802
215 85 39
216 649 864
217 168 885
218 658 764
219 52 978
220 521 99
221 529 779
222 317 909
223 32 72
224 704 952
225 197 150
226 307 273
227 602 256
228 680 775
229 169 378
230 111 139
231 578 87
232 258 317
233 657 898
234 438 983
235 179 381
236 510 735
237 586 48
238 663 907
239 189 269
240 210 315
241 82 925
242 503 313
243 541 34
244 369 228
245 44 321
246 415 220
247 83 294
248 297 381
249 646 844
250 241 942
251 25 39
252 67 86
253 771 900
254 500 94
255 69 874
256 176 285
257 140 267
258 267 333
259 561 920
260 490 62
261 48 858
262 521 801
263 181 316
264 179 85
265 17 56
266 142 901
267 95 82
268 411 740
269 533 794
270 474 811
271 325 412
272 626 805
273 480 939
274 158 4
275 777 982
276 7 927
277 611 848
278 115 40
279 185 356
280 585 173
281 300 382
282 21 63
283 707 856
284 45 961
285 165 62
286 8 875
287 435 96
288 72 127
289 68 71
290 590 866
291 607 175
292 732 873
293 678 960
294 105 300
295 488 850
296 524 833
297 179 767
298 688 857
299 559 798
300 556 998
301 626 855
302 474 784
303 599 803
304 639 513
305 348 284
306 535 534
307 552 830
308 565 774
309 193 52
310 556 666
311 509 765
312 41 119
313 118 246
314 170 171
315 79 975
316 131 959
317 139 193
318 630 881
319 14 853
320 553 62
321 65 0
322 822 866
323 342 897
324 669 895
325 204 332
326 24 307
327 163 344
328 493 780
329 687 988
330 723 938
331 133 299
332 838 996
333 747 957
334 685 953
335 124 990
336 565 47
337 34 141
338 69 911
339 77 850
340 173 354
341 237 260
342 689 665
343 624 724
344 564 607
345 221 496
346 585 761
347 72 233
348 238 451
349 451 753
350 10 27
351 539 773
352 104 891
353 240 717
354 540 26
355 48 70
356 58 59
357 78 51
358 76 933
359 429 830
360 304 71
361 702 1000
362 695 79
363 142 327
364 90 319
365 572 857
366 552 866
367 581 134
368 565 898
369 473 856
370 183 84
371 625 834
372 529 922
373 518 746
374 694 842
375 715 979
376 690 911
377 29 16
378 671 971
379 157 358
380 171 949
381 560 81
382 534 40
383 137 848
384 941 947
385 50 965
386 137 291
387 62 100
388 315 146
389 712 752
390 499 688
391 12 29
392 477 720
393 481 82
394 193 265
395 72 4
396 12 890
397 588 910
398 675 981
399 95 872
400 61 941
401 0 670
402 582 798
403 36 58
404 257 667
405 525 819
406 579 919
407 653 935
408 762 807
409 241 306
410 129 408
411 941 800
412 603 95
413 421 948
414 561 653
415 596 837
416 199 342
417 229 317
418 198 350
419 727 827
420 534 892
421 196 105
422 169 341
423 618 853
424 65 415
425 687 953
426 597 972
427 158 345
428 168 332
429 569 28
430 499 805
431 428 894
432 121 992
433 539 750
434 688 899
435 172 491
436 369 479
437 49 891
438 256 770
439 415 937
440 87 86
441 505 783
442 208 462
443 556 917
444 507 272
445 473 946
446 129 174
447 44 120
448 484 88
449 275 224
450 386 351
451 761 965
452 418 252
453 33 233
454 270 216
455 583 939
456 454 75
457 90 999
458 572 51
459 58 291
460 624 849
461 138 271
462 580 870
463 487 213
464 174 502
465 523 792
466 196 806
467 752 26
468 489 858
469 563 88
470 749 944
471 568 369
472 612 959
473 580 142
474 601 848
475 587 132
476 429 931
477 425 906
478 165 918
479 56 867
480 645 972
481 200 307
482 63 913
483 518 183
484 592 757
485 573 812
486 703 818
487 585 121
488 727 924
489 465 800
490 574 904
491 11 954
492 178 743
493 24 106
494 319 914
495 144 326
496 545 810
497 29 49
498 523 798
499 279 346
500 381 237
501 45 58
502 287 764
503 376 828
504 61 589
505 24 440
506 4 968
507 519 601
508 159 419
509 6 15
510 689 943
511 589 806
512 488 64
513 193 365
514 660 952
515 126 365
516 135 1000
517 846 808
518 652 954
519 571 107
520 576 158
521 42 159
522 176 182
523 266 261
524 527 817
525 573 905
526 564 87
527 497 765
528 483 865
529 65 894
530 110 896
531 50 230
532 791 119
533 689 955
534 638 891
535 534 35
536 295 209
537 540 822
538 517 26
539 538 79
540 599 3
541 593 782
542 45 0
543 703 930
544 707 633
545 490 107
546 113 17
547 163 88
548 583 628
549 474 789
550 130 250
551 500 169
552 68 825
553 9 943
554 17 896
555 565 35
556 413 80
557 743 800
558 494 869
559 183 312
560 127 898
561 894 879
562 559 953
563 235 214
564 675 777
565 628 127
566 112 118
567 66 309
568 1 892
569 566 275
570 35 927
571 152 359
572 566 201
573 237 261
574 664 667
575 467 937
576 144 327
577 62 273
578 567 59
579 92 296
580 4 319
581 797 701
582 63 83
583 99 246
584 340 435
585 431 52
586 234 263
587 161 343
588 556 90
589 246 413
590 18 884
591 422 731
592 24 65
593 626 53
594 509 746
595 569 898
596 743 851
597 416 906
598 520 46
599 660 760
600 63 807
601 221 463
602 732 909
603 704 940
604 671 909
605 499 159
606 160 967
607 361 128
608 649 861
609 116 104
610 667 764
611 161 352
612 637 772
613 8 93
614 471 759
615 456 852
616 728 780
617 541 805
618 713 907
619 515 873
620 11 275
621 567 890
622 81 862
623 705 942
624 118 327
625 579 904
626 254 330
627 402 539
628 783 822
629 487 201
630 14 19
631 581 876
632 39 795
633 628 739
634 604 984
635 781 525
636 39 852
637 706 947
638 229 339
639 533 973
640 738 836
641 0 139
642 130 325
643 26 364
644 853 961
645 151 260
646 412 937
647 273 392
648 695 995
649 544 786
650 96 23
651 1 405
652 142 302
653 484 875
654 775 773
655 499 18
656 39 52
657 698 178
658 564 826
659 37 878
660 576 208
661 550 819
662 461 796
663 546 805
664 65 886
665 93 132
666 48 0
667 648 844
668 35 957
669 70 204
670 91 1000
671 741 913
672 659 627
673 529 786
674 197 355
675 643 157
676 151 1
677 297 284
678 7 211
679 635 908
680 533 136
681 548 625
682 556 714
683 715 919
684 102 917
685 491 40
686 452 801
687 165 926
688 659 731
689 460 779
690 963 952
691 694 940
692 823 947
693 462 123
694 53 251
695 481 179
696 506 826
697 531 827
698 258 186
699 722 621
700 537 51
701 655 762
702 565 141
703 188 88
704 655 42
705 124 310
706 573 805
707 44 925
708 381 213
709 65 691
710 82 929
711 540 156
712 219 340
713 638 784
714 742 699
715 611 651
716 522 748
717 236 388
718 605 842
719 28 75
720 671 852
721 555 130
722 637 21
723 255 311
724 486 81
725 577 814
726 630 923
727 147 226
728 560 55
729 168 823
730 145 242
731 547 796
732 506 74
733 581 763
734 840 991
735 553 816
736 114 0
737 902 947
738 680 942
739 94 13
740 183 310
741 16 909
742 745 841
743 601 802
744 307 361
745 174 323
746 480 80
747 792 924
748 144 43
749 575 751
750 642 135
751 568 107
752 251 48
753 509 90
754 574 870
755 750 919
756 86 444
757 780 938
758 564 172
759 599 791
760 594 200
761 222 478
762 102 646
763 278 137
764 543 833
765 316 283
766 40 828
767 676 214
768 119 4
769 38 79
770 236 811
771 487 724
772 546 814
773 607 95
774 300 72
775 63 228
776 46 24
777 145 435
778 733 741
779 692 956
780 748 914
781 107 344
782 565 104
783 99 888
784 570 963
785 207 354
786 111 873
787 794 926
788 542 797
789 692 925
790 601 845
791 726 947
792 36 904
793 0 507
794 577 986
795 529 574
796 545 845
797 525 912
798 795 692
799 663 944
800 82 952
801 521 709
802 589 192
803 506 93
804 126 419
805 31 881
806 525 897
807 518 786
808 525 786
809 649 937
810 579 74
811 794 915
812 402 111
813 433 838
814 261 258
815 248 400
816 51 910
817 96 62
818 635 837
819 666 855
PICKUP_AND_DELIVERY_SECTION
1 0 0 0 0 0 0
2 0 0 0 0 41.3508 47.6492
3 0 0 0 0 18.0612 40.9388
4 0 0 0 0 17.6883 35.3117
5 0 0 0 0 81.1196 3.88043
6 0 0 0 0 81.055 13.945
7 0 0 0 0 18.6884 47.3116
8 0 0 0 0 20.7627 49.2373
9 0 0 0 0 8.64706 75.3529
10 0 0 0 0 39.0805 28.9195
11 0 0 0 0 73.728 22.272
12 0 0 0 0 40.9693 46.0307
13 0 0 0 0 18.3806 58.6194
14 0 0 0 0 25.1613 39.8387
15 0 0 0 0 27.8979 60.1021
16 0 0 0 0 15.9935 59.0065
17 0 0 0 0 73.6438 10.3562
18 0 0 0 0 77.503 14.497
19 0 0 0 0 27.2563 47.7437
20 0 0 0 0 24.6543 52.3457
21 0 0 0 0 22.0262 32.9738
22 0 0 0 0 18.0926 45.9074
23 0 0 0 0 58.2109 1.78914
24 0 0 0 0 65.2432 5.75676
25 0 0 0 0 33.1988 46.8012
26 0 0 0 0 57.7043 21.2957
27 0 0 0 0 9.13527 51.8647
28 0 0 0 0 46.945 53.055
29 0 0 0 0 37.3224 24.6776
30 0 0 0 0 88.0133 3.98667
31 0 0 0 0 20.6736 39.3264
32 0 0 0 0 51.5625 3.4375
33 0 0 0 0 19.5 32.5
34 0 0 0 0 33.9908 31.0092
35 0 0 0 0 71.3253 1.67466
36 0 0 0 0 57.8219 23.1781
37 0 0 0 0 89.8589 7.1411
38 0 0 0 0 35.0613 39.9387
39 0 0 0 0 59.3018 16.6982
40 0 0 0 0 85.0608 1.93921
41 0 0 0 0 30.8379 68.1621
42 0 0 0 0 39 39
43 0 0 0 0 12.2268 37.7732
44 0 0 0 0 60.3922 9.60784
45 0 0 0 0 85.6215 3.37852
46 0 0 0 0 44.1148 53.8852
47 0 0 0 0 50.0797 33.9203
48 0 0 0 0 15.2384 43.7616
49 0 0 0 0 27.1373 35.8627
50 0 0 0 0 22.3463 39.6537
51 0 0 0 0 37.0293 50.9707
52 0 0 0 0 16.9036 44.0964
53 0 0 0 0 25.0228 51.9772
54 0 0 0 0 31.2336 38.7664
55 0 0 0 0 73.1568 2.84317
56 0 0 0 0 72.7985 4.20147
57 0 0 0 0 12.1757 46.8243
58 0 0 0 0 44.0992 8.90076
59 0 0 0 0 0.981818 53.0182
60 0 0 0 0 8.2931 65.7069
61 0 0 0 0 57.3312 23.6688
62 0 0 0 0 18.5784 40.4216
63 0 0 0 0 76.5527 2.44734
64 0 0 0 0 31.3738 46.6262
65 0 0 0 0 8.075 86.925
66 0 0 0 0 31.2245 19.7755
67 0 0 0 0 28.694 40.306
68 0 0 0 0 20.075 52.925
69 0 0 0 0 28.5161 49.4839
70 0 0 0 0 32.3055 26.6945
71 0 0 0 0 4.41026 81.5897
72 0 0 0 0 60.8441 2.15589
73 0 0 0 0 89.4584 7.54155
74 0 0 0 0 41.5735 9.42654
75 0 0 0 0 67.5201 9.4799
76 0 0 0 0 52.6829 46.3171
77 0 0 0 0 20.5016 55.4984
78 0 0 0 0 54.0849 13.9151
79 0 0 0 0 41.6004 35.3996
80 0 0 0 0 5.48763 59.5124
81 0 0 0 0 10.3771 76.6229
82 0 0 0 0 19.1155 42.8845
83 0 0 0 0 56.114 19.886
84 0 0 0 0 20.5193 65.4807
85 0 0 0 0 68.7723 23.2277
86 0 0 0 0 23.3204 38.6796
87 0 0 0 0 29.2222 66.7778
88 0 0 0 0 69.7819 10.2181
89 0 0 0 0 29.9786 26.0214
90 0 0 0 0 74.9032 11.0968
91 0 0 0 0 44.6165 41.3835
92 0 0 0 0 89.0755 5.92451
93 0 0 0 0 50.9859 22.0141
94 0 0 0 0 28.8627 45.1373
95 0 0 0 0 51.1371 21.8629
96 0 0 0 0 86.5777 0.42233
97 0 0 0 0 81.2111 10.7889
98 0 0 0 0 41.8998 46.1002
99 0 0 0 0 26.5656 54.4344
100 0 0 0 0 27 54
101 0 0 0 0 63.6488 10.3512
102 0 0 0 0 10.1455 51.8545
103 0 0 0 0 48.9762 6.02381
104 0 0 0 0 25.2317 50.7683
105 0 0 0 0 53.971 44.029
106 0 0 0 0 42.8426 35.1574
107 0 0 0 0 52.5488 6.45117
108 0 0 0 0 30.2892 43.7108
109 0 0 0 0 45.438 37.562
110 0 0 0 0 90.7952 1.20476
111 0 0 0 0 23.6111 51.3889
112 0 0 0 0 26.5629 44.4371
113 0 0 0 0 13.8676 61.1324
114 0 0 0 0 27.871 53.129
115 0 0 0 0 18.3631 51.6369
116 0 0 0 0 2.45669 49.5433
117 0 0 0 0 83.534 10.466
118 0 0 0 0 50.2435 3.75652
119 0 0 0 0 61.6023 16.3977
120 0 0 0 0 39.5643 18.4357
121 0 0 0 0 34.1767 58.8233
122 0 0 0 0 25.9376 38.0624
123 0 0 0 0 22.702 66.298
124 0 0 0 0 45.8862 17.1138
125 0 0 0 0 26.6521 55.3479
126 0 0 0 0 91.7558 6.24425
127 0 0 0 0 14.6361 36.3639
128 0 0 0 0 31.3594 26.6406
129 0 0 0 0 13.8029 49.1971
130 0 0 0 0 29.3522 31.6478
131 0 0 0 0 19.3435 71.6565
132 0 0 0 0 24.3451 31.6549
133 0 0 0 0 80.0146 0.985401
134 0 0 0 0 15.2054 81.7946
135 0 0 0 0 28.5467 62.4533
136 0 0 0 0 34.9107 16.0893
137 0 0 0 0 26.4942 46.5058
138 0 0 0 0 90.5269 4.47309
139 0 0 0 0 66.0492 12.9508
140 0 0 0 0 19.4106 80.5894
141 0 0 0 0 20.1262 34.8738
142 0 0 0 0 37.334 43.666
143 0 0 0 0 20.8958 64.1042
144 0 0 0 0 17.6359 34.3641
145 0 0 0 0 38.465 60.535
146 0 0 0 0 15.7176 41.2824
147 0 0 0 0 18.0756 35.9244
148 0 0 0 0 54.8072 7.19281
149 0 0 0 0 50.2096 27.7904
150 0 0 0 0 48.5327 11.4673
151 0 0 0 0 78.0345 2.96548
152 0 0 0 0 26.1702 62.8298
153 0 0 0 0 24.5385 62.4615
154 0 0 0 0 16.281 63.719
155 0 0 0 0 15.36 80.64
156 0 0 0 0 76.1943 6.8057
157 0 0 0 0 11.7257 41.2743
158 0 0 0 0 92.3124 2.68758
159 0 0 0 0 15.7143 54.2857
160 0 0 0 0 4.25926 64.7407
161 0 0 0 0 17.3869 63.6131
162 0 0 0 0 23.5574 38.4426
163 0 0 0 0 72.6746 10.3254
164 0 0 0 0 15.8313 34.1687
165 0 0 0 0 36.4937 56.5063
166 0 0 0 0 16.5061 60.4939
167 0 0 0 0 36.7647 13.2353
168 0 0 0 0 26.3528 40.6472
169 0 0 0 0 64.9412 27.0588
170 0 0 0 0 44.0332 49.9668
171 0 0 0 0 16.6265 52.3735
172 0 0 0 0 45.2827 30.7173
173 0 0 0 0 43.3889 44.6111
174 0 0 0 0 3.29683 48.7032
175 0 0 0 0 57.6995 6.30052
176 0 0 0 0 69.6 17.4
177 0 0 0 0 21.8235 55.1765
178 0 0 0 0 20.0889 59.9111
179 0 0 0 0 28.1651 32.8349
180 0 0 0 0 28.2452 37.7548
181 0 0 0 0 78.6487 12.3513
182 0 0 0 0 91.4595 2.54054
183 0 0 0 0 9.34247 52.6575
184 0 0 0 0 70.3217 25.6783
185 0 0 0 0 20.0488 39.9512
186 0 0 0 0 19.5675 50.4325
187 0 0 0 0 65.9358 24.0642
188 0 0 0 0 33.972 19.028
189 0 0 0 0 56.8187 27.1813
190 0 0 0 0 28.0248 51.9752
191 0 0 0 0 42.7093 45.2907
192 0 0 0 0 94.4376 1.56239
193 0 0 0 0 21.6412 41.3588
194 0 0 0 0 65.6893 13.3107
195 0 0 0 0 28.8855 59.1145
196 0 0 0 0 58.75 6.25
197 0 0 0 0 43.6339 10.3661
198 0 0 0 0 55.2687 12.7313
199 0 0 0 0 24.8903 68.1097
200 0 0 0 0 73.9611 25.0389
201 0 0 0 0 22.6054 52.3946
202 0 0 0 0 58.6484 2.35164
203 0 0 0 0 19.4263 43.5737
204 0 0 0 0 44.3932 8.60684
205 0 0 0 0 35.7114 41.2886
206 0 0 0 0 31.0314 36.9686
207 0 0 0 0 29.8578 42.1422
208 0 0 0 0 79.7323 20.2677
209 0 0 0 0 54.1007 26.8993
210 0 0 0 0 22.3189 66.6811
211 0 0 0 0 25.8542 47.1458
212 0 0 0 0 56.3267 10.6733
213 0 0 0 0 12.8592 64.1408
214 0 0 0 0 44.3392 25.6608
215 0 0 0 0 43.2941 36.7059
216 0 0 0 0 14.4329 43.5671
217 0 0 0 0 68.0542 15.9458
218 0 0 0 0 10.4058 64.5942
219 0 0 0 0 51.1288 2.87117
220 0 0 0 0 62.3685 14.6315
221 0 0 0 0 21.5019 45.4981
222 0 0 0 0 43.6348 23.3652
223 0 0 0 0 34.4444 27.5556
224 0 0 0 0 16.6723 47.3277
225 0 0 0 0 19.5635 62.4365
226 0 0 0 0 5.64821 45.3518
227 0 0 0 0 51.7276 38.2724
228 0 0 0 0 6.37419 45.6258
229 0 0 0 0 34.8333 28.1667
230 0 0 0 0 16.7194 66.2806
231 0 0 0 0 63.7111 11.2889
232 0 0 0 0 13.4006 58.5994
233 0 0 0 0 25.2272 68.7728
234 0 0 0 0 48.7894 39.2106
235 0 0 0 0 49.3071 43.6929
236 0 0 0 0 26.3265 59.6735
237 0 0 0 0 60.5939 5.40614
238 0 0 0 0 25.0187 67.9813
239 0 0 0 0 19.3309 45.6691
240 0 0 0 0 22.6667 45.3333
241 0 0 0 0 73.8195 7.18054
242 0 0 0 0 27.1968 44.8032
243 0 0 0 0 69.3494 4.65065
244 0 0 0 0 24.8374 40.1626
245 0 0 0 0 70.7601 11.2399
246 0 0 0 0 24.4337 27.5663
247 0 0 0 0 65.3095 25.6905
248 0 0 0 0 11.0236 38.9764
249 0 0 0 0 17.8294 58.1706
250 0 0 0 0 62.5096 21.4904
251 0 0 0 0 25.1282 44.8718
252 0 0 0 0 11.9302 42.0698
253 0 0 0 0 14.3333 85.6667
254 0 0 0 0 56.84 13.16
255 0 0 0 0 46.0526 3.94737
256 0 0 0 0 19.8877 32.1123
257 0 0 0 0 26.6367 29.3633
258 0 0 0 0 13.4775 54.5225
259 0 0 0 0 28.0957 43.9043
260 0 0 0 0 55.0286 7.97143
261 0 0 0 0 60.4196 3.58042
262 0 0 0 0 30.0624 55.9376
263 0 0 0 0 23.0696 30.9304
264 0 0 0 0 34.1341 30.8659
265 0 0 0 0 45.9643 20.0357
266 0 0 0 0 51.3862 9.61376
267 0 0 0 0 12.5895 79.4105
268 0 0 0 0 32.0108 39.9892
269 0 0 0 0 17.0932 34.9068
270 0 0 0 0 37.8138 53.1862
271 0 0 0 0 10.7694 40.2306
272 0 0 0 0 15.3429 53.6571
273 0 0 0 0 47.4153 49.5847
274 0 0 0 0 67.2532 1.74684
275 0 0 0 0 19.832 75.168
276 0 0 0 0 62.5243 0.475728
277 0 0 0 0 14.2535 36.7465
278 0 0 0 0 35.2174 18.7826
279 0 0 0 0 25.4579 27.5421
280 0 0 0 0 35.9179 15.0821
281 0 0 0 0 12.6649 46.3351
282 0 0 0 0 56 28
283 0 0 0 0 12.7068 60.2932
284 0 0 0 0 84.8325 4.16753
285 0 0 0 0 47.4424 28.5576
286 0 0 0 0 52.5154 0.484571
287 0 0 0 0 48.3172 13.6828
288 0 0 0 0 36.811 48.189
289 0 0 0 0 2.3662 53.6338
290 0 0 0 0 21.3533 45.6467
291 0 0 0 0 46.972 19.028
292 0 0 0 0 15.9897 83.0103
293 0 0 0 0 14.6875 35.3125
294 0 0 0 0 59.8 32.2
295 0 0 0 0 38.3294 51.6706
296 0 0 0 0 20.0312 33.9688
297 0 0 0 0 49.0639 14.9361
298 0 0 0 0 14.3956 58.6044
299 0 0 0 0 27.8534 65.1466
300 0 0 0 0 29.2305 36.7695
301 0 0 0 0 21.6947 59.3053
302 0 0 0 0 29.6556 45.3444
303 0 0 0 0 22.8643 67.1357
304 0 0 0 0 15.3803 62.6197
305 0 0 0 0 18.3908 81.6092
306 0 0 0 0 0.128972 68.871
307 0 0 0 0 23.4458 46.5542
308 0 0 0 0 16.7416 45.2584
309 0 0 0 0 58.4456 21.5544
310 0 0 0 0 15.1952 76.8048
311 0 0 0 0 25.4327 50.5673
312 0 0 0 0 56.3697 29.6303
313 0 0 0 0 27.0569 24.9431
314 0 0 0 0 0.380117 64.6199
315 0 0 0 0 85.4646 7.53538
316 0 0 0 0 69.9353 11.0647
317 0 0 0 0 25.7409 66.2591
318 0 0 0 0 23.0772 57.9228
319 0 0 0 0 52.1301 0.869871
320 0 0 0 0 79.9096 10.0904
321 0 0 0 0 54 0
322 0 0 0 0 4.57275 85.4273
323 0 0 0 0 34.0301 20.9699
324 0 0 0 0 15.4034 45.5966
325 0 0 0 0 26.988 43.012
326 0 0 0 0 58.0749 4.92508
327 0 0 0 0 46.8285 42.1715
328 0 0 0 0 24.2846 41.7154
329 0 0 0 0 17.3654 39.6346
330 0 0 0 0 13.7527 46.2473
331 0 0 0 0 43.3043 34.6957
332 0 0 0 0 10.9458 58.0542
333 0 0 0 0 21.2853 75.7147
334 0 0 0 0 17.1542 43.8458
335 0 0 0 0 76.103 10.897
336 0 0 0 0 66.9274 6.07257
337 0 0 0 0 44.773 14.227
338 0 0 0 0 55.4555 4.54446
339 0 0 0 0 74.5718 7.42824
340 0 0 0 0 32.7232 31.2768
341 0 0 0 0 5.57308 57.4269
342 0 0 0 0 2.68215 74.3179
343 0 0 0 0 9.11602 56.884
344 0 0 0 0 5.66722 74.3328
345 0 0 0 0 42.1371 33.8629
346 0 0 0 0 15.7267 52.2733
347 0 0 0 0 44.2232 19.7768
348 0 0 0 0 38.7273 43.2727
349 0 0 0 0 37.2988 55.7012
350 0 0 0 0 41.5556 24.4444
351 0 0 0 0 25.1255 57.8745
352 0 0 0 0 82.1448 10.8552
353 0 0 0 0 45.2385 22.7615
354 0 0 0 0 70.437 3.56296
355 0 0 0 0 22.9429 50.0571
356 0 0 0 0 0.881356 51.1186
357 0 0 0 0 22.8462 43.1538
358 0 0 0 0 59.7053 5.29475
359 0 0 0 0 28.0217 29.9783
360 0 0 0 0 58.25 17.75
361 0 0 0 0 19.966 47.034
362 0 0 0 0 54.9525 7.04748
363 0 0 0 0 45.8257 35.1743
364 0 0 0 0 58.8652 23.1348
365 0 0 0 0 31.2602 62.7398
366 0 0 0 0 22.4804 39.5196
367 0 0 0 0 38.4682 11.5318
368 0 0 0 0 29.2951 49.7049
369 0 0 0 0 43.4007 53.5993
370 0 0 0 0 45.4426 38.5574
371 0 0 0 0 15.7878 47.2122
372 0 0 0 0 29.8373 40.1627
373 0 0 0 0 29.6461 67.3539
374 0 0 0 0 13.0071 60.9929
375 0 0 0 0 21.8427 59.1573
376 0 0 0 0 15.0406 46.9594
377 0 0 0 0 22.8621 28.1379
378 0 0 0 0 24.7168 55.2832
379 0 0 0 0 39.3017 30.6983
380 0 0 0 0 77.0622 16.9378
381 0 0 0 0 63.2964 10.7036
382 0 0 0 0 68.4569 5.54307
383 0 0 0 0 48.6297 9.37028
384 0 0 0 0 0.449842 70.5502
385 0 0 0 0 66.3731 3.62694
386 0 0 0 0 30.6942 27.3058
387 0 0 0 0 19.38 31.62
388 0 0 0 0 39.7016 34.2984
389 0 0 0 0 4.52128 80.4787
390 0 0 0 0 17.032 44.968
391 0 0 0 0 33.4138 23.5862
392 0 0 0 0 20.5875 40.4125
393 0 0 0 0 51.4304 10.5696
394 0 0 0 0 18.4755 49.5245
395 0 0 0 0 80.2778 4.72222
396 0 0 0 0 54.2584 0.741573
397 0 0 0 0 24.4154 44.5846
398 0 0 0 0 29.0092 63.9908
399 0 0 0 0 80.195 9.80505
400 0 0 0 0 69.203 4.79702
401 0 0 0 0 81 0
402 0 0 0 0 20.8421 56.1579
403 0 0 0 0 36.7931 60.2069
404 0 0 0 0 50.4048 31.5952
405 0 0 0 0 26.9231 48.0769
406 0 0 0 0 36.6268 62.3732
407 0 0 0 0 23.5251 54.4749
408 0 0 0 0 3.2342 54.7658
409 0 0 0 0 20.817 77.183
410 0 0 0 0 61.5441 28.4559
411 0 0 0 0 13.7853 78.2147
412 0 0 0 0 57.2869 10.7131
413 0 0 0 0 44.4726 35.5274
414 0 0 0 0 9.5804 58.4196
415 0 0 0 0 25.3381 62.6619
416 0 0 0 0 21.3246 29.6754
417 0 0 0 0 22.2082 57.7918
418 0 0 0 0 35.6114 46.3886
419 0 0 0 0 8.82709 64.1729
420 0 0 0 0 30.5022 45.4978
421 0 0 0 0 33.4286 38.5714
422 0 0 0 0 33.7947 33.2053
423 0 0 0 0 25.8968 68.1032
424 0 0 0 0 84.3373 15.6627
425 0 0 0 0 17.8636 46.1364
426 0 0 0 0 26.2346 41.7654
427 0 0 0 0 38.4841 32.5159
428 0 0 0 0 45.9398 47.0602
429 0 0 0 0 64.6538 3.34622
430 0 0 0 0 25.0882 40.9118
431 0 0 0 0 31.2752 28.7248
432 0 0 0 0 72.876 10.124
433 0 0 0 0 23.3507 59.6493
434 0 0 0 0 18.5417 60.4583
435 0 0 0 0 42.2301 22.7699
436 0 0 0 0 11.4823 38.5177
437 0 0 0 0 88.8305 5.16947
438 0 0 0 0 42.0545 20.9455
439 0 0 0 0 36.7684 29.2316
440 0 0 0 0 1.09195 93.908
441 0 0 0 0 30.1788 54.8212
442 0 0 0 0 48.381 39.619
443 0 0 0 0 24.8015 38.1985
444 0 0 0 0 25.9566 30.0434
445 0 0 0 0 28.5 28.5
446 0 0 0 0 16.0345 45.9655
447 0 0 0 0 49.4 28.6
448 0 0 0 0 48.2727 10.7273
449 0 0 0 0 12.4255 54.5745
450 0 0 0 0 7.70725 77.2927
451 0 0 0 0 15.2207 56.7793
452 0 0 0 0 24.622 37.378
453 0 0 0 0 61.8026 10.1974
454 0 0 0 0 19.2 76.8
455 0 0 0 0 28.0554 45.9446
456 0 0 0 0 54.2621 10.7379
457 0 0 0 0 84.6216 8.37838
458 0 0 0 0 91.0839 8.91608
459 0 0 0 0 58.4502 14.5498
460 0 0 0 0 25.1767 69.8233
461 0 0 0 0 41.7159 43.2841
462 0 0 0 0 32.6667 65.3333
463 0 0 0 0 40.5092 31.4908
464 0 0 0 0 54.8845 29.1155
465 0 0 0 0 24.7942 48.2058
466 0 0 0 0 59.7891 19.2109
467 0 0 0 0 49.2367 1.7633
468 0 0 0 0 33.9755 45.0245
469 0 0 0 0 84.3694 15.6306
470 0 0 0 0 17.1451 65.8549
471 0 0 0 0 18.5687 34.4313
472 0 0 0 0 35.4599 62.5401
473 0 0 0 0 64.1897 20.8103
474 0 0 0 0 18.3502 44.6498
475 0 0 0 0 51.9336 15.0664
476 0 0 0 0 31.8131 27.1869
477 0 0 0 0 26.5453 23.4547
478 0 0 0 0 58.2386 12.7614
479 0 0 0 0 82.316 5.68397
480 0 0 0 0 24.2222 47.7778
481 0 0 0 0 18.1238 33.8762
482 0 0 0 0 51.2048 3.79518
483 0 0 0 0 51.0907 27.9093
484 0 0 0 0 17.8732 64.1268
485 0 0 0 0 23.8411 57.1589
486 0 0 0 0 8.43521 51.5648
487 0 0 0 0 44.4171 11.5829
488 0 0 0 0 18.5487 68.4513
489 0 0 0 0 28.8937 40.1063
490 0 0 0 0 18.9823 33.0177
491 0 0 0 0 73.1468 0.853249
492 0 0 0 0 47.9071 15.0929
493 0 0 0 0 50.283 14.717
494 0 0 0 0 65.0985 34.9015
495 0 0 0 0 45.7791 36.2209
496 0 0 0 0 17.3395 35.6605
497 0 0 0 0 28.9796 42.0204
498 0 0 0 0 23.089 43.911
499 0 0 0 0 17.2341 71.7659
500 0 0 0 0 25.3228 41.6772
501 0 0 0 0 19.2759 66.7241
502 0 0 0 0 44.3285 26.6715
503 0 0 0 0 52.9517 44.0483
504 0 0 0 0 84.2649 9.73514
505 0 0 0 0 62.4 3.6
506 0 0 0 0 52.781 0.219008
507 0 0 0 0 11.7338 74.2662
508 0 0 0 0 49.642 30.358
509 0 0 0 0 32.4 21.6
510 0 0 0 0 15.6225 42.3775
511 0 0 0 0 19.9231 54.0769
512 0 0 0 0 58.2131 8.78689
513 0 0 0 0 26.389 29.611
514 0 0 0 0 25.1513 56.8487
515 0 0 0 0 51.7288 27.2712
516 0 0 0 0 76.985 12.015
517 0 0 0 0 4.22222 89.7778
518 0 0 0 0 23.7421 51.2579
519 0 0 0 0 81.2609 18.7391
520 0 0 0 0 65.3125 24.6875
521 0 0 0 0 45.6226 16.3774
522 0 0 0 0 2.14286 62.8571
523 0 0 0 0 1.07143 55.9286
524 0 0 0 0 35.4957 64.5043
525 0 0 0 0 20.1768 34.8232
526 0 0 0 0 74.4255 13.5745
527 0 0 0 0 34.332 63.668
528 0 0 0 0 29.5884 37.4116
529 0 0 0 0 91.802 7.19799
530 0 0 0 0 71.0558 9.9442
531 0 0 0 0 46.9565 13.0435
532 0 0 0 0 56.9204 10.0796
533 0 0 0 0 27.5749 71.4251
534 0 0 0 0 26.4074 66.5926
535 0 0 0 0 50.4607 3.53933
536 0 0 0 0 17.4915 42.5085
537 0 0 0 0 17.4964 33.5036
538 0 0 0 0 94.0213 4.97872
539 0 0 0 0 45.2175 7.78253
540 0 0 0 0 69.6494 0.350584
541 0 0 0 0 15.9514 50.0486
542 0 0 0 0 89 0
543 0 0 0 0 23.4323 72.5677
544 0 0 0 0 7.22207 61.7779
545 0 0 0 0 78.1633 21.8367
546 0 0 0 0 46.7257 8.27434
547 0 0 0 0 24.3865 28.6135
548 0 0 0 0 5.94745 77.0525
549 0 0 0 0 21.9582 33.0418
550 0 0 0 0 26.4 28.6
551 0 0 0 0 40.382 20.618
552 0 0 0 0 46.7964 4.20364
553 0 0 0 0 92.1124 0.887593
554 0 0 0 0 76.5201 1.47991
555 0 0 0 0 50.6549 3.34513
556 0 0 0 0 43.54 10.46
557 0 0 0 0 7.05375 91.9462
558 0 0 0 0 32.3648 42.6352
559 0 0 0 0 31.8365 45.1635
560 0 0 0 0 43.7873 7.21269
561 0 0 0 0 1.25839 73.7416
562 0 0 0 0 24.8059 35.1941
563 0 0 0 0 8.66809 88.3319
564 0 0 0 0 10.6332 70.3668
565 0 0 0 0 66.215 16.785
566 0 0 0 0 3.05085 56.9492
567 0 0 0 0 66.0583 17.9417
568 0 0 0 0 72.9182 0.0818386
569 0 0 0 0 29.8198 28.1802
570 0 0 0 0 84.6775 3.32255
571 0 0 0 0 29.4067 21.5933
572 0 0 0 0 50.9452 28.0548
573 0 0 0 0 7.26437 71.7356
574 0 0 0 0 0.337331 74.6627
575 0 0 0 0 30.0961 29.9039
576 0 0 0 0 30.7798 24.2202
577 0 0 0 0 39.4176 11.5824
578 0 0 0 0 56.4444 6.55556
579 0 0 0 0 59.9595 27.0405
580 0 0 0 0 65.1724 0.827586
581 0 0 0 0 7.46801 54.532
582 0 0 0 0 15.4217 48.5783
583 0 0 0 0 59.1585 39.8415
584 0 0 0 0 21.4023 76.5977
585 0 0 0 0 72.1067 9.89327
586 0 0 0 0 8.71103 70.289
587 0 0 0 0 52.5306 46.4694
588 0 0 0 0 67.8885 13.1115
589 0 0 0 0 37.6053 55.3947
590 0 0 0 0 75.4321 1.56787
591 0 0 0 0 32.9713 45.0287
592 0 0 0 0 52.9846 31.0154
593 0 0 0 0 64.0735 5.92652
594 0 0 0 0 29.8633 64.1367
595 0 0 0 0 30.4087 52.5913
596 0 0 0 0 7.48766 51.5123
597 0 0 0 0 46.5121 39.4879
598 0 0 0 0 81.1269 7.87308
599 0 0 0 0 12.2368 80.7632
600 0 0 0 0 54.3941 4.60595
601 0 0 0 0 30.838 28.162
602 0 0 0 0 11.6832 48.3168
603 0 0 0 0 15.566 46.434
604 0 0 0 0 15.7096 44.2904
605 0 0 0 0 60.6413 28.3587
606 0 0 0 0 68.4323 13.5677
607 0 0 0 0 48.4072 26.5928
608 0 0 0 0 12.8037 39.1963
609 0 0 0 0 8.68966 75.3103
610 0 0 0 0 12.1885 83.8115
611 0 0 0 0 32.0142 26.9858
612 0 0 0 0 15.9132 75.0868
613 0 0 0 0 53.0108 4.98925
614 0 0 0 0 25.0435 40.9565
615 0 0 0 0 32.0704 36.9296
616 0 0 0 0 3.66667 51.3333
617 0 0 0 0 32.795 67.205
618 0 0 0 0 12.1918 44.8082
619 0 0 0 0 29.5258 42.4742
620 0 0 0 0 76.8 3.2
621 0 0 0 0 29.3966 51.6034
622 0 0 0 0 49.8318 5.16821
623 0 0 0 0 14.5924 43.4076
624 0 0 0 0 58.1621 32.8379
625 0 0 0 0 19.7732 35.2268
626 0 0 0 0 16.3515 54.6485
627 0 0 0 0 12.9629 38.0371
628 0 0 0 0 2.56204 51.438
629 0 0 0 0 58.7269 41.2731
630 0 0 0 0 24.4737 68.5263
631 0 0 0 0 30.3082 59.6918
632 0 0 0 0 90.3396 4.66038
633 0 0 0 0 10.9648 62.0352
634 0 0 0 0 20.8537 33.1463
635 0 0 0 0 22.9449 47.0551
636 0 0 0 0 62.0246 2.97535
637 0 0 0 0 23.4129 68.5871
638 0 0 0 0 24.0118 49.9882
639 0 0 0 0 44.3165 53.6835
640 0 0 0 0 10.3158 77.6842
641 0 0 0 0 65 0
642 0 0 0 0 54 36
643 0 0 0 0 51.0714 3.92857
644 0 0 0 0 6.40583 50.5942
645 0 0 0 0 37.7308 52.2692
646 0 0 0 0 42.0224 32.9776
647 0 0 0 0 24.5893 56.4107
648 0 0 0 0 15.0754 34.9246
649 0 0 0 0 20.0127 44.9873
650 0 0 0 0 39.5417 12.4583
651 0 0 0 0 58.8543 0.145679
652 0 0 0 0 27.5497 24.4503
653 0 0 0 0 26.3646 32.6354
654 0 0 0 0 0.196129 75.8039
655 0 0 0 0 73.2585 2.74148
656 0 0 0 0 24.75 74.25
657 0 0 0 0 37.9943 13.0057
658 0 0 0 0 25.6925 55.3075
659 0 0 0 0 80.4601 3.53986
660 0 0 0 0 43.4444 24.5556
661 0 0 0 0 23.6484 48.3516
662 0 0 0 0 35.7726 49.2274
663 0 0 0 0 26.3826 55.6174
664 0 0 0 0 51.8916 4.10835
665 0 0 0 0 20.9773 50.0227
666 0 0 0 0 60 0
667 0 0 0 0 13.237 43.763
668 0 0 0 0 91.5256 3.4744
669 0 0 0 0 54.5196 28.4804
670 0 0 0 0 58.176 5.824
671 0 0 0 0 16.3899 70.6101
672 0 0 0 0 4.22458 82.7754
673 0 0 0 0 21.5802 44.4198
674 0 0 0 0 38.7211 48.2789
675 0 0 0 0 43.8383 14.1617
676 0 0 0 0 67.5497 0.450331
677 0 0 0 0 2.27609 49.7239
678 0 0 0 0 53.1754 1.82464
679 0 0 0 0 27.9615 65.0385
680 0 0 0 0 44.6904 15.3096
681 0 0 0 0 12.32 87.68
682 0 0 0 0 11.507 40.493
683 0 0 0 0 20.4222 71.5778
684 0 0 0 0 45.3272 5.67285
685 0 0 0 0 67.9715 6.02851
686 0 0 0 0 22.6567 29.3433
687 0 0 0 0 73.1415 15.8585
688 0 0 0 0 8.1751 74.8249
689 0 0 0 0 31.5315 45.4685
690 0 0 0 0 0.719626 62.2804
691 0 0 0 0 16.7489 47.2511
692 0 0 0 0 6.67793 44.3221
693 0 0 0 0 71.9091 26.0909
694 0 0 0 0 63.8964 17.1036
695 0 0 0 0 48.973 29.027
696 0 0 0 0 27.5061 43.4939
697 0 0 0 0 26.1282 46.8718
698 0 0 0 0 18.4186 47.5814
699 0 0 0 0 7.8338 48.1662
700 0 0 0 0 45.2514 4.7486
701 0 0 0 0 7.86352 48.1365
702 0 0 0 0 51.0301 16.9699
703 0 0 0 0 26.5957 23.4043
704 0 0 0 0 72.0626 4.9374
705 0 0 0 0 34.8 23.2
706 0 0 0 0 21.9031 54.0969
707 0 0 0 0 95.2432 4.75676
708 0 0 0 0 33.0709 41.9291
709 0 0 0 0 81.534 8.46599
710 0 0 0 0 63.8213 6.17869
711 0 0 0 0 44.0889 17.9111
712 0 0 0 0 21.7088 39.2912
713 0 0 0 0 13.7806 60.2194
714 0 0 0 0 5.67925 92.3208
715 0 0 0 0 3.25653 49.7435
716 0 0 0 0 23.5668 54.4332
717 0 0 0 0 27.0309 41.9691
718 0 0 0 0 28.1473 71.8527
719 0 0 0 0 33.84 20.16
720 0 0 0 0 15.2958 56.7042
721 0 0 0 0 39.8198 12.1802
722 0 0 0 0 53.1868 1.81319
723 0 0 0 0 13.5048 61.4952
724 0 0 0 0 46.6667 9.33333
725 0 0 0 0 20.9631 51.0369
726 0 0 0 0 29.8397 64.1603
727 0 0 0 0 29.3628 54.6372
728 0 0 0 0 58.6161 6.38393
729 0 0 0 0 79.5869 20.4131
730 0 0 0 0 24.0496 35.9504
731 0 0 0 0 31.2814 68.7186
732 0 0 0 0 71.7154 12.2846
733 0 0 0 0 14.0734 44.9266
734 0 0 0 0 15.0848 83.9152
735 0 0 0 0 30.9412 65.0588
736 0 0 0 0 84 0
737 0 0 0 0 2.89863 58.1014
738 0 0 0 0 26.1444 67.8556
739 0 0 0 0 54.2872 8.71277
740 0 0 0 0 32.3645 46.6355
741 0 0 0 0 97.2574 1.74257
742 0 0 0 0 9.70273 75.2973
743 0 0 0 0 24.0599 71.9401
744 0 0 0 0 12.1163 68.8837
745 0 0 0 0 26.2941 30.7059
746 0 0 0 0 64.1667 12.8333
747 0 0 0 0 10.8571 65.1429
748 0 0 0 0 57.5139 24.4861
749 0 0 0 0 21.0919 68.9081
750 0 0 0 0 63.1776 16.8224
751 0 0 0 0 65.7412 15.2588
752 0 0 0 0 74.4064 17.5936
753 0 0 0 0 82.3183 17.6817
754 0 0 0 0 33.3425 64.6575
755 0 0 0 0 18.3896 81.6104
756 0 0 0 0 68.536 16.464
757 0 0 0 0 15.1599 74.8401
758 0 0 0 0 61.1631 26.8369
759 0 0 0 0 14.3211 44.6789
760 0 0 0 0 43.7778 22.2222
761 0 0 0 0 37.4895 32.5105
762 0 0 0 0 70.7368 13.2632
763 0 0 0 0 36.0108 34.9892
764 0 0 0 0 34.1176 63.8824
765 0 0 0 0 8.98101 77.019
766 0 0 0 0 66.6184 3.38164
767 0 0 0 0 54.6746 25.3254
768 0 0 0 0 82.1429 2.85714
769 0 0 0 0 49.8228 46.1772
770 0 0 0 0 58.1381 23.8619
771 0 0 0 0 26.5152 54.4848
772 0 0 0 0 26.6683 54.3317
773 0 0 0 0 62.4185 11.5815
774 0 0 0 0 47.12 14.88
775 0 0 0 0 37.6316 14.3684
776 0 0 0 0 44.9565 49.0435
777 0 0 0 0 47.3333 23.6667
778 0 0 0 0 0.852901 78.1471
779 0 0 0 0 25.4059 66.5941
780 0 0 0 0 12.1685 54.8315
781 0 0 0 0 57.1831 25.8169
782 0 0 0 0 47.3239 10.6761
783 0 0 0 0 66.6385 8.36149
784 0 0 0 0 27.7508 40.2492
785 0 0 0 0 36.9576 52.0424
786 0 0 0 0 68.0825 9.91753
787 0 0 0 0 9.83585 59.1641
788 0 0 0 0 27.8356 59.1644
789 0 0 0 0 24.4335 72.5665
790 0 0 0 0 22.5231 55.4769
791 0 0 0 0 14.2355 46.7645
792 0 0 0 0 95.0575 3.94248
793 0 0 0 0 56 0
794 0 0 0 0 30.6957 43.3043
795 0 0 0 0 4.15505 48.8449
796 0 0 0 0 32.6627 59.3373
797 0 0 0 0 34.3717 46.6283
798 0 0 0 0 12.4377 83.5623
799 0 0 0 0 18.1578 42.8422
800 0 0 0 0 51.1765 4.82353
801 0 0 0 0 21.4781 59.5219
802 0 0 0 0 52.5739 25.4261
803 0 0 0 0 71.0099 15.9901
804 0 0 0 0 58.0406 24.9594
805 0 0 0 0 58.8536 2.14642
806 0 0 0 0 27.786 39.214
807 0 0 0 0 30.3461 58.6539
808 0 0 0 0 25.5687 51.4313
809 0 0 0 0 26.1259 58.8741
810 0 0 0 0 81.114 11.886
811 0 0 0 0 11.2404 73.7596
812 0 0 0 0 60.806 23.194
813 0 0 0 0 44.9463 48.0537
814 0 0 0 0 1.13793 97.8621
815 0 0 0 0 36.86 60.14
816 0 0 0 0 74.5725 4.42747
817 0 0 0 0 31.1667 56.8333
818 0 0 0 0 20.9964 66.0036
819 0 0 0 0 15.0316 52.9684
