NAME : X-n936-k151
COMMENT : "Generated by Uchoa, Pecin, Pessoa, Poggi, Subramanian, and Vidal (2013)"
TYPE : CVRP
DIMENSION : 936
EDGE_WEIGHT_TYPE : EUC_2D
CAPACITY : 138
NODE_COORD_SECTION
1 500 500
2 971 544
3 564 976
4 266 4
5 395 95
6 316 877
7 963 89
8 496 96
9 274 493
10 516 598
11 338 849
12 58 395
13 923 411
14 670 912
15 576 101
16 902 552
17 888 709
18 703 539
19 10 341
20 55 984
21 420 132
22 870 218
23 933 196
24 123 372
25 973 824
26 253 201
27 84 941
28 792 164
29 702 811
30 263 756
31 161 986
32 322 75
33 969 514
34 140 665
35 313 386
36 53 583
37 836 244
38 450 730
39 642 334
40 907 431
41 570 705
42 587 264
43 703 666
44 877 132
45 138 487
46 275 598
47 2 354
48 538 460
49 716 573
50 65 579
51 505 17
52 544 958
53 175 838
54 838 67
55 122 410
56 126 430
57 598 544
58 299 442
59 224 930
60 593 453
61 764 848
62 485 95
63 130 114
64 832 863
65 659 293
66 259 936
67 615 141
68 808 263
69 970 317
70 815 888
71 405 330
72 64 525
73 588 746
74 170 392
75 681 640
76 223 283
77 109 297
78 675 904
79 576 171
80 484 439
81 329 79
82 504 393
83 676 664
84 124 658
85 749 89
86 162 848
87 521 0
88 1 873
89 72 718
90 983 770
91 104 702
92 47 781
93 706 244
94 626 678
95 370 431
96 776 346
97 259 339
98 579 606
99 719 491
100 777 297
101 45 562
102 662 602
103 502 327
104 218 628
105 581 867
106 517 232
107 524 21
108 348 100
109 84 93
110 118 76
111 544 801
112 990 739
113 980 477
114 267 231
115 774 530
116 45 336
117 390 140
118 93 808
119 377 216
120 998 949
121 645 597
122 554 435
123 973 506
124 405 399
125 778 252
126 935 755
127 130 186
128 405 776
129 20 901
130 349 926
131 874 686
132 212 933
133 313 230
134 239 121
135 180 574
136 620 990
137 797 316
138 876 34
139 481 60
140 501 833
141 315 125
142 856 368
143 158 494
144 304 611
145 916 16
146 606 344
147 48 866
148 557 242
149 348 238
150 881 199
151 942 308
152 367 909
153 567 429
154 263 687
155 80 592
156 917 557
157 229 120
158 663 574
159 661 630
160 969 401
161 193 230
162 820 144
163 330 976
164 363 421
165 24 571
166 799 697
167 693 323
168 519 860
169 487 344
170 497 48
171 803 6
172 933 729
173 50 642
174 137 27
175 668 500
176 679 303
177 387 948
178 770 982
179 751 922
180 911 626
181 874 634
182 775 271
183 464 526
184 358 1
185 87 466
186 360 776
187 678 210
188 831 505
189 310 98
190 60 386
191 211 11
192 717 474
193 27 576
194 239 512
195 339 610
196 480 11
197 427 835
198 590 578
199 288 823
200 164 489
201 900 201
202 632 524
203 738 109
204 893 40
205 540 895
206 212 305
207 323 70
208 363 67
209 646 520
210 9 393
211 128 947
212 353 737
213 216 578
214 25 274
215 195 119
216 221 479
217 456 958
218 94 951
219 14 611
220 398 493
221 271 437
222 376 441
223 33 583
224 899 242
225 773 188
226 860 280
227 149 839
228 813 956
229 773 271
230 863 14
231 216 323
232 808 127
233 287 138
234 529 712
235 538 620
236 631 17
237 35 132
238 332 451
239 373 454
240 607 153
241 941 985
242 573 829
243 434 192
244 138 825
245 627 320
246 883 457
247 383 339
248 206 590
249 924 152
250 717 463
251 340 43
252 870 772
253 363 386
254 862 991
255 375 592
256 766 958
257 679 316
258 931 697
259 11 913
260 611 501
261 310 130
262 867 257
263 728 74
264 698 23
265 898 404
266 438 862
267 452 788
268 397 910
269 786 605
270 745 715
271 69 902
272 660 810
273 521 591
274 713 540
275 916 907
276 513 141
277 354 109
278 596 71
279 280 435
280 563 585
281 740 301
282 476 563
283 906 759
284 494 590
285 834 195
286 765 282
287 488 289
288 568 869
289 997 212
290 702 13
291 175 81
292 125 900
293 290 663
294 852 555
295 71 327
296 84 429
297 982 249
298 611 223
299 731 863
300 442 967
301 40 563
302 703 347
303 661 662
304 773 288
305 638 588
306 678 775
307 824 341
308 729 935
309 650 197
310 415 366
311 134 657
312 542 714
313 154 654
314 624 499
315 960 5
316 522 197
317 935 115
318 338 567
319 621 926
320 554 225
321 976 124
322 422 479
323 892 594
324 605 401
325 963 118
326 68 159
327 499 330
328 218 594
329 790 923
330 296 46
331 623 94
332 14 439
333 49 257
334 454 598
335 398 986
336 195 838
337 540 227
338 718 784
339 409 746
340 35 456
341 762 832
342 592 591
343 196 254
344 394 226
345 418 462
346 409 522
347 753 35
348 202 846
349 916 395
350 830 95
351 24 750
352 976 279
353 865 302
354 343 344
355 409 702
356 301 254
357 578 746
358 767 318
359 259 335
360 349 767
361 571 676
362 744 582
363 380 734
364 366 576
365 64 936
366 248 717
367 531 123
368 176 708
369 479 758
370 82 818
371 922 369
372 684 955
373 942 265
374 374 998
375 717 478
376 367 372
377 781 973
378 81 883
379 536 97
380 787 785
381 26 285
382 491 117
383 949 12
384 80 279
385 916 998
386 715 860
387 978 655
388 463 711
389 385 797
390 196 283
391 602 591
392 728 198
393 577 759
394 204 79
395 251 30
396 746 628
397 334 850
398 338 954
399 308 324
400 969 149
401 705 430
402 22 125
403 610 463
404 922 681
405 439 747
406 13 834
407 946 578
408 713 402
409 491 438
410 893 830
411 558 441
412 525 263
413 517 36
414 571 882
415 643 965
416 120 476
417 377 460
418 787 273
419 849 702
420 340 19
421 635 520
422 607 304
423 779 347
424 603 139
425 55 419
426 928 789
427 487 234
428 404 845
429 108 249
430 971 558
431 983 839
432 820 413
433 466 494
434 788 959
435 726 276
436 0 885
437 504 525
438 759 351
439 132 804
440 680 566
441 801 108
442 90 614
443 69 317
444 666 531
445 638 898
446 319 639
447 358 855
448 345 118
449 501 939
450 809 837
451 271 94
452 184 431
453 577 166
454 249 631
455 37 855
456 225 839
457 257 910
458 163 960
459 336 595
460 591 477
461 638 385
462 398 781
463 801 917
464 980 748
465 13 199
466 629 565
467 518 59
468 171 816
469 386 852
470 861 799
471 527 405
472 520 113
473 959 231
474 927 484
475 320 976
476 460 840
477 638 118
478 987 640
479 343 933
480 4 457
481 535 683
482 30 800
483 496 80
484 243 194
485 461 987
486 374 512
487 630 363
488 845 547
489 434 479
490 162 843
491 50 364
492 555 775
493 171 505
494 869 873
495 15 809
496 700 403
497 597 797
498 795 196
499 237 62
500 682 724
501 335 977
502 569 427
503 379 633
504 481 295
505 215 59
506 651 692
507 560 666
508 157 438
509 769 951
510 824 134
511 850 450
512 348 742
513 730 945
514 703 412
515 773 913
516 769 561
517 538 228
518 229 200
519 806 122
520 711 514
521 834 378
522 173 688
523 879 789
524 548 987
525 961 861
526 634 81
527 876 764
528 230 630
529 466 535
530 536 102
531 133 535
532 784 861
533 602 148
534 134 487
535 940 737
536 815 360
537 821 842
538 512 487
539 38 639
540 8 577
541 278 643
542 79 371
543 126 655
544 627 223
545 336 973
546 74 924
547 350 839
548 9 780
549 57 143
550 66 944
551 814 382
552 74 990
553 707 856
554 447 745
555 71 122
556 820 364
557 254 702
558 943 660
559 632 31
560 820 679
561 873 665
562 101 533
563 456 728
564 726 474
565 436 619
566 806 226
567 458 967
568 771 559
569 24 828
570 761 118
571 7 144
572 263 505
573 419 445
574 3 602
575 423 799
576 89 151
577 604 17
578 397 585
579 480 109
580 215 101
581 269 982
582 134 993
583 905 394
584 185 224
585 304 162
586 234 264
587 878 612
588 620 156
589 303 278
590 44 855
591 533 864
592 718 798
593 64 437
594 743 738
595 455 890
596 760 816
597 87 637
598 834 898
599 185 572
600 599 142
601 76 267
602 648 838
603 715 431
604 170 474
605 439 608
606 847 75
607 991 131
608 987 776
609 783 329
610 921 646
611 411 976
612 638 775
613 423 993
614 684 597
615 329 406
616 293 468
617 875 548
618 784 495
619 549 509
620 197 614
621 357 841
622 191 919
623 829 509
624 176 239
625 292 100
626 710 967
627 381 271
628 133 135
629 807 453
630 467 749
631 369 804
632 549 358
633 228 411
634 422 893
635 412 751
636 982 733
637 589 381
638 860 42
639 78 903
640 569 345
641 122 157
642 894 355
643 395 686
644 527 51
645 769 426
646 966 7
647 336 670
648 648 970
649 669 263
650 345 688
651 334 63
652 804 987
653 665 637
654 632 101
655 772 217
656 445 251
657 807 906
658 251 470
659 484 123
660 98 682
661 843 317
662 959 30
663 262 911
664 871 459
665 728 510
666 334 535
667 348 353
668 946 531
669 118 14
670 291 752
671 938 361
672 85 112
673 874 752
674 566 966
675 680 491
676 130 180
677 558 532
678 228 473
679 177 434
680 499 981
681 937 557
682 170 92
683 484 525
684 689 524
685 479 920
686 617 651
687 609 240
688 773 84
689 857 102
690 619 498
691 13 695
692 905 706
693 446 478
694 555 993
695 112 144
696 815 693
697 826 813
698 634 14
699 774 487
700 313 120
701 277 759
702 391 455
703 817 760
704 787 325
705 286 363
706 189 724
707 517 641
708 701 412
709 39 562
710 722 245
711 100 949
712 98 751
713 928 681
714 508 959
715 247 144
716 101 476
717 46 938
718 395 820
719 592 826
720 410 990
721 693 941
722 60 300
723 220 235
724 801 457
725 868 188
726 509 886
727 171 754
728 631 311
729 773 569
730 572 581
731 938 403
732 334 749
733 317 863
734 410 401
735 967 345
736 923 234
737 609 241
738 13 883
739 155 385
740 486 997
741 463 764
742 698 572
743 356 465
744 694 529
745 893 883
746 608 537
747 876 170
748 293 93
749 620 941
750 217 857
751 971 225
752 607 215
753 566 671
754 829 126
755 353 996
756 38 186
757 356 695
758 68 960
759 688 990
760 569 563
761 819 29
762 397 484
763 91 351
764 258 668
765 486 578
766 599 841
767 637 370
768 743 89
769 93 635
770 287 690
771 846 975
772 738 183
773 78 389
774 404 706
775 195 232
776 537 567
777 81 414
778 721 77
779 618 854
780 512 627
781 448 179
782 334 10
783 995 688
784 613 12
785 725 542
786 171 228
787 663 226
788 867 142
789 161 250
790 485 465
791 913 100
792 880 698
793 213 444
794 360 974
795 485 582
796 336 126
797 35 152
798 205 23
799 77 83
800 498 141
801 990 797
802 261 397
803 838 659
804 706 222
805 136 687
806 92 894
807 869 500
808 878 112
809 744 525
810 96 830
811 725 444
812 10 324
813 781 904
814 995 534
815 915 464
816 679 632
817 419 805
818 338 854
819 400 176
820 536 577
821 535 103
822 8 650
823 94 338
824 812 968
825 206 62
826 711 300
827 367 345
828 817 375
829 215 838
830 482 199
831 538 736
832 437 640
833 546 974
834 185 253
835 381 687
836 639 364
837 888 908
838 12 388
839 624 519
840 965 418
841 130 464
842 985 43
843 445 191
844 36 437
845 869 362
846 449 675
847 980 804
848 54 321
849 901 710
850 582 253
851 813 96
852 295 739
853 726 504
854 888 766
855 485 952
856 617 620
857 47 135
858 699 715
859 990 890
860 951 664
861 274 884
862 677 618
863 270 576
864 812 834
865 13 418
866 309 509
867 727 310
868 788 858
869 580 301
870 414 438
871 712 540
872 48 732
873 490 483
874 636 970
875 30 346
876 841 214
877 962 807
878 947 684
879 440 957
880 990 333
881 417 506
882 149 678
883 153 236
884 396 878
885 984 703
886 373 62
887 334 190
888 543 908
889 988 913
890 575 465
891 600 467
892 989 243
893 463 540
894 40 530
895 522 854
896 870 975
897 643 379
898 884 415
899 124 779
900 402 955
901 466 117
902 547 294
903 383 811
904 380 304
905 73 831
906 299 858
907 730 158
908 674 908
909 309 487
910 739 812
911 546 173
912 734 916
913 220 444
914 293 376
915 670 846
916 87 244
917 559 950
918 716 790
919 891 306
920 842 77
921 277 644
922 589 803
923 450 327
924 179 362
925 31 55
926 824 185
927 545 822
928 863 311
929 683 106
930 158 219
931 823 342
932 733 905
933 794 607
934 661 205
935 888 583
936 208 385
PICKUP_AND_DELIVERY_SECTION
1 0 0 0 0 0 0
2 0 0 0 0 38.6982 49.3018
3 0 0 0 0 41.3689 56.6311
4 0 0 0 0 92.5865 1.41353
5 0 0 0 0 67.5949 21.4051
6 0 0 0 0 53.0935 29.9065
7 0 0 0 0 58.9927 6.00727
8 0 0 0 0 68.5484 16.4516
9 0 0 0 0 29.3185 36.6815
10 0 0 0 0 12.204 76.796
11 0 0 0 0 48.1508 31.8492
12 0 0 0 0 49.4835 8.51646
13 0 0 0 0 29.9545 24.0455
14 0 0 0 0 19.9013 55.0987
15 0 0 0 0 49.4792 10.5208
16 0 0 0 0 29.878 47.122
17 0 0 0 0 13.9088 55.0912
18 0 0 0 0 18.4296 60.5704
19 0 0 0 0 96.0968 2.90323
20 0 0 0 0 81.1931 4.80691
21 0 0 0 0 43.2 19.8
22 0 0 0 0 62.9517 21.0483
23 0 0 0 0 72.6731 19.3269
24 0 0 0 0 58.2339 28.7661
25 0 0 0 0 8.26927 45.7307
26 0 0 0 0 19.1146 73.8854
27 0 0 0 0 52.8225 5.17747
28 0 0 0 0 49.1616 12.8384
29 0 0 0 0 13.1714 84.8286
30 0 0 0 0 32.6058 17.3942
31 0 0 0 0 59.4067 11.5933
32 0 0 0 0 42.1894 12.8106
33 0 0 0 0 28.6429 32.3571
34 0 0 0 0 60 16
35 0 0 0 0 14.3731 61.6269
36 0 0 0 0 80 8
37 0 0 0 0 36.1148 14.8852
38 0 0 0 0 29.9178 48.0822
39 0 0 0 0 34.0623 36.9377
40 0 0 0 0 47.2326 42.7674
41 0 0 0 0 17.234 72.766
42 0 0 0 0 47.8722 39.1278
43 0 0 0 0 4.21053 75.7895
44 0 0 0 0 62.862 11.138
45 0 0 0 0 59.4805 23.5195
46 0 0 0 0 42.6706 36.3294
47 0 0 0 0 76.565 0.435028
48 0 0 0 0 8.40892 49.5911
49 0 0 0 0 10.5852 42.4148
50 0 0 0 0 87.886 11.114
51 0 0 0 0 59.9129 2.08713
52 0 0 0 0 41.0543 53.9457
53 0 0 0 0 48.2613 12.7387
54 0 0 0 0 77.284 6.71599
55 0 0 0 0 60.4098 25.5902
56 0 0 0 0 64.3349 26.6651
57 0 0 0 0 7.13378 71.8662
58 0 0 0 0 30.0882 62.9118
59 0 0 0 0 57.6946 18.3054
60 0 0 0 0 20.7757 67.2243
61 0 0 0 0 6.73585 61.2642
62 0 0 0 0 64.3299 15.6701
63 0 0 0 0 7.26154 51.7385
64 0 0 0 0 2.94554 79.0545
65 0 0 0 0 29.4355 23.5645
66 0 0 0 0 48.4605 18.5395
67 0 0 0 0 69.3659 20.6341
68 0 0 0 0 34.3998 16.6002
69 0 0 0 0 66.6464 32.3536
70 0 0 0 0 5.91892 66.0811
71 0 0 0 0 12.963 57.037
72 0 0 0 0 74.6381 10.3619
73 0 0 0 0 16.9437 63.0563
74 0 0 0 0 45.3061 34.6939
75 0 0 0 0 4.87665 76.1233
76 0 0 0 0 21.2014 78.7986
77 0 0 0 0 37.9798 22.0202
78 0 0 0 0 18.7456 55.2544
79 0 0 0 0 36.5625 15.4375
80 0 0 0 0 6.50826 63.4917
81 0 0 0 0 53.1915 16.8085
82 0 0 0 0 11.6726 41.3274
83 0 0 0 0 1.63314 90.3669
84 0 0 0 0 44.6353 10.3647
85 0 0 0 0 64.3258 8.67423
86 0 0 0 0 50.9646 12.0354
87 0 0 0 0 55 0
88 0 0 0 0 67.9221 0.0778923
89 0 0 0 0 89.9721 10.0279
90 0 0 0 0 14.9512 54.0488
91 0 0 0 0 65.5926 11.4074
92 0 0 0 0 51.6901 3.30986
93 0 0 0 0 44.4986 23.5014
94 0 0 0 0 6.21239 74.7876
95 0 0 0 0 12.5963 76.4037
96 0 0 0 0 38.7887 31.2113
97 0 0 0 0 13.9233 45.0767
98 0 0 0 0 3.38614 72.6139
99 0 0 0 0 16.1725 34.8275
100 0 0 0 0 61.1583 37.8417
101 0 0 0 0 84.6335 7.36655
102 0 0 0 0 7.06949 70.9305
103 0 0 0 0 26.1454 48.8546
104 0 0 0 0 54.8408 29.1592
105 0 0 0 0 32.3276 65.6724
106 0 0 0 0 44.6518 36.3482
107 0 0 0 0 92.1527 3.84733
108 0 0 0 0 70.5517 28.4483
109 0 0 0 0 9.67742 90.3226
110 0 0 0 0 25.2712 45.7288
111 0 0 0 0 16.0424 33.9576
112 0 0 0 0 19.2687 56.7313
113 0 0 0 0 41.0612 38.9388
114 0 0 0 0 7.41573 47.5843
115 0 0 0 0 16.0775 34.9225
116 0 0 0 0 68.4196 10.5804
117 0 0 0 0 39.7436 22.2564
118 0 0 0 0 76.1015 9.89851
119 0 0 0 0 26.4775 35.5225
120 0 0 0 0 3.87876 75.1212
121 0 0 0 0 6.02791 74.9721
122 0 0 0 0 18.0433 65.9567
123 0 0 0 0 34.557 37.443
124 0 0 0 0 1.14074 75.8593
125 0 0 0 0 41.2416 19.7584
126 0 0 0 0 12.3209 51.6791
127 0 0 0 0 21.0753 48.9247
128 0 0 0 0 40.1598 43.8402
129 0 0 0 0 88.0022 1.99778
130 0 0 0 0 39.2559 23.7441
131 0 0 0 0 15.9176 58.0824
132 0 0 0 0 71.0954 20.9046
133 0 0 0 0 24.6613 68.3387
134 0 0 0 0 28.636 29.364
135 0 0 0 0 67.9547 31.0453
136 0 0 0 0 36.6263 61.3737
137 0 0 0 0 34.4003 22.5997
138 0 0 0 0 48.0594 1.94064
139 0 0 0 0 76.1476 10.8524
140 0 0 0 0 33.8776 51.1224
141 0 0 0 0 37.3968 24.6032
142 0 0 0 0 47.3178 35.6822
143 0 0 0 0 55.7733 26.2267
144 0 0 0 0 44.7185 44.2815
145 0 0 0 0 95.3057 1.69432
146 0 0 0 0 29.3993 38.6007
147 0 0 0 0 49.1178 2.88222
148 0 0 0 0 45.8079 35.1921
149 0 0 0 0 28.7644 62.2356
150 0 0 0 0 49.5437 14.4563
151 0 0 0 0 45.7665 22.2335
152 0 0 0 0 51.8746 35.1254
153 0 0 0 0 20.6878 64.3122
154 0 0 0 0 61.7176 38.2824
155 0 0 0 0 64 10
156 0 0 0 0 25.9106 40.0894
157 0 0 0 0 28.083 30.917
158 0 0 0 0 12.7526 82.2474
159 0 0 0 0 3.14221 63.8578
160 0 0 0 0 50.4107 35.5893
161 0 0 0 0 9.33043 48.6696
162 0 0 0 0 75.8439 16.1561
163 0 0 0 0 45.6701 23.3299
164 0 0 0 0 12.6746 79.3254
165 0 0 0 0 61.31 2.69002
166 0 0 0 0 9.57447 65.4255
167 0 0 0 0 27.7633 24.2367
168 0 0 0 0 36.0826 54.9174
169 0 0 0 0 20.5544 49.4456
170 0 0 0 0 46.9779 5.02213
171 0 0 0 0 65.5068 0.493151
172 0 0 0 0 14.8682 53.1318
173 0 0 0 0 56.2492 4.75078
174 0 0 0 0 57.8102 14.1898
175 0 0 0 0 15.0898 44.9102
176 0 0 0 0 38.7629 31.2371
177 0 0 0 0 49.1171 33.8829
178 0 0 0 0 11.442 41.558
179 0 0 0 0 10.5716 46.4284
180 0 0 0 0 21.899 48.101
181 0 0 0 0 19.4966 51.5034
182 0 0 0 0 39.6697 21.3303
183 0 0 0 0 10.1369 75.8631
184 0 0 0 0 53.8492 0.150838
185 0 0 0 0 59.3712 13.6288
186 0 0 0 0 42.3505 36.6495
187 0 0 0 0 66.9558 30.0442
188 0 0 0 0 33.7377 52.2623
189 0 0 0 0 51.2903 23.7097
190 0 0 0 0 70.943 13.057
191 0 0 0 0 87.2038 4.79621
192 0 0 0 0 29.4854 57.5146
193 0 0 0 0 74.3438 3.65625
194 0 0 0 0 39.457 34.543
195 0 0 0 0 22.2131 27.7869
196 0 0 0 0 60.5792 1.42083
197 0 0 0 0 33.715 35.285
198 0 0 0 0 1.87119 90.1288
199 0 0 0 0 32.503 17.497
200 0 0 0 0 48.5174 24.4826
201 0 0 0 0 77.6667 22.3333
202 0 0 0 0 16.9177 82.0823
203 0 0 0 0 83.5257 14.4743
204 0 0 0 0 60.1781 2.82195
205 0 0 0 0 23.4022 35.5978
206 0 0 0 0 15.2459 34.7541
207 0 0 0 0 75.9783 21.0217
208 0 0 0 0 66.865 15.135
209 0 0 0 0 9.75232 40.2477
210 0 0 0 0 72.3053 1.69466
211 0 0 0 0 69.1869 10.8131
212 0 0 0 0 32.3039 29.6961
213 0 0 0 0 41.3356 24.6644
214 0 0 0 0 79.9708 8.0292
215 0 0 0 0 30.7897 48.2103
216 0 0 0 0 50.6305 43.3695
217 0 0 0 0 30.3925 27.6075
218 0 0 0 0 74.796 8.204
219 0 0 0 0 49.8314 1.16858
220 0 0 0 0 18.6917 78.3083
221 0 0 0 0 26.9703 44.0297
222 0 0 0 0 13.8549 80.1451
223 0 0 0 0 53.7736 3.22642
224 0 0 0 0 36.5406 13.4594
225 0 0 0 0 45.4075 14.5925
226 0 0 0 0 49.2326 23.7674
227 0 0 0 0 4.93445 1.06555
228 0 0 0 0 0.598326 3.40167
229 0 0 0 0 2.59767 1.40233
230 0 0 0 0 3.93511 0.0648899
231 0 0 0 0 0.331269 0.668731
232 0 0 0 0 1.68564 0.314356
233 0 0 0 0 1.03833 0.961672
234 0 0 0 0 0.257022 0.742978
235 0 0 0 0 1.19032 7.80968
236 0 0 0 0 6.81141 0.18859
237 0 0 0 0 2.93939 1.06061
238 0 0 0 0 1.84701 5.15299
239 0 0 0 0 0.356828 1.64317
240 0 0 0 0 5.98353 2.01647
241 0 0 0 0 0.13401 2.86599
242 0 0 0 0 2.77925 6.22075
243 0 0 0 0 3.90323 3.09677
244 0 0 0 0 3.33091 0.669091
245 0 0 0 0 3.91707 4.08293
246 0 0 0 0 0.964892 1.03511
247 0 0 0 0 0.229765 1.77023
248 0 0 0 0 2.60339 1.39661
249 0 0 0 0 0.835498 0.164502
250 0 0 0 0 2.12552 3.87448
251 0 0 0 0 0.873529 0.126471
252 0 0 0 0 0.337931 2.66207
253 0 0 0 0 0.119171 1.88083
254 0 0 0 0 1.04137 6.95863
255 0 0 0 0 1.83277 3.16723
256 0 0 0 0 1.60334 6.39666
257 0 0 0 0 2.13844 1.86156
258 0 0 0 0 0.251343 0.748657
259 0 0 0 0 3.95181 0.0481928
260 0 0 0 0 0.540098 2.4599
261 0 0 0 0 3.48387 2.51613
262 0 0 0 0 3.51788 1.48212
263 0 0 0 0 5.39011 0.60989
264 0 0 0 0 2.90115 0.0988539
265 0 0 0 0 1.10022 0.899777
266 0 0 0 0 2.95128 3.04872
267 0 0 0 0 1.27919 1.72081
268 0 0 0 0 4.50989 3.49011
269 0 0 0 0 0.23028 0.76972
270 0 0 0 0 0.241611 5.75839
271 0 0 0 0 9.23503 0.764967
272 0 0 0 0 0.185185 0.814815
273 0 0 0 0 0.829103 6.1709
274 0 0 0 0 1.21318 3.78682
275 0 0 0 0 0.058952 5.94105
276 0 0 0 0 0.725146 0.274854
277 0 0 0 0 6.9209 3.0791
278 0 0 0 0 6.16611 0.833893
279 0 0 0 0 2.85057 5.14943
280 0 0 0 0 0.300855 7.69915
281 0 0 0 0 2.96622 2.03378
282 0 0 0 0 0.772647 4.22735
283 0 0 0 0 0.324503 1.6755
284 0 0 0 0 1.62712 8.37288
285 0 0 0 0 0.766187 0.233813
286 0 0 0 0 3.78824 2.21176
287 0 0 0 0 0.815574 1.18443
288 0 0 0 0 1.3855 2.6145
289 0 0 0 0 2.36209 0.637914
290 0 0 0 0 4.90741 0.0925926
291 0 0 0 0 3.76 3.24
292 0 0 0 0 4.30556 0.694444
293 0 0 0 0 1.12519 0.874811
294 0 0 0 0 1.04577 1.95423
295 0 0 0 0 4.69725 1.30275
296 0 0 0 0 7.23776 1.76224
297 0 0 0 0 1.49287 0.507128
298 0 0 0 0 4.44517 2.55483
299 0 0 0 0 0.764774 4.23523
300 0 0 0 0 4.34333 3.65667
301 0 0 0 0 4.64476 0.35524
302 0 0 0 0 0.506401 0.493599
303 0 0 0 0 0.0120846 7.98792
304 0 0 0 0 4.39198 2.60802
305 0 0 0 0 0.31348 3.68652
306 0 0 0 0 0.625806 4.37419
307 0 0 0 0 2.93083 2.06917
308 0 0 0 0 1.1016 3.8984
309 0 0 0 0 2.09077 0.909231
310 0 0 0 0 0.708434 5.29157
311 0 0 0 0 5.5723 1.4277
312 0 0 0 0 0.963585 3.03641
313 0 0 0 0 3.82263 1.17737
314 0 0 0 0 1.20192 4.79808
315 0 0 0 0 7.95833 0.0416667
316 0 0 0 0 1.24521 0.754789
317 0 0 0 0 2.63102 0.368984
318 0 0 0 0 2.42328 3.57672
319 0 0 0 0 1.31749 2.68251
320 0 0 0 0 5.34477 3.65523
321 0 0 0 0 1.7459 0.254098
322 0 0 0 0 1.07098 7.92902
323 0 0 0 0 2.33857 4.66143
324 0 0 0 0 3.3719 6.6281
325 0 0 0 0 4.38733 0.612669
326 0 0 0 0 5.72327 4.27673
327 0 0 0 0 2.03206 3.96794
328 0 0 0 0 1.89899 1.10101
329 0 0 0 0 0.864572 5.13543
330 0 0 0 0 5.91216 1.08784
331 0 0 0 0 5.94382 1.05618
332 0 0 0 0 0.968109 0.0318907
333 0 0 0 0 6.47471 1.52529
334 0 0 0 0 0.963211 3.03679
335 0 0 0 0 4.77079 3.22921
336 0 0 0 0 6.90573 2.09427
337 0 0 0 0 4.63704 3.36296
338 0 0 0 0 0.168367 1.83163
339 0 0 0 0 3.61394 4.38606
340 0 0 0 0 9.23246 0.767544
341 0 0 0 0 0.757212 8.24279
342 0 0 0 0 0.00168919 0.998311
343 0 0 0 0 2.28346 7.71654
344 0 0 0 0 1.70558 2.29442
345 0 0 0 0 0.47619 4.52381
346 0 0 0 0 0.649425 2.35057
347 0 0 0 0 9.53519 0.464807
348 0 0 0 0 2.28369 0.716312
349 0 0 0 0 1.13755 0.862445
350 0 0 0 0 7.96988 1.03012
351 0 0 0 0 4.84 0.16
352 0 0 0 0 4.99898 2.00102
353 0 0 0 0 2.60347 1.39653
354 0 0 0 0 0.0203488 6.97965
355 0 0 0 0 2.50427 3.49573
356 0 0 0 0 0.312292 1.68771
357 0 0 0 0 1.35121 4.64879
358 0 0 0 0 0.585398 0.414602
359 0 0 0 0 1.36119 4.63881
360 0 0 0 0 4.35984 3.64016
361 0 0 0 0 0.776627 4.22337
362 0 0 0 0 1.74194 6.25806
363 0 0 0 0 0.964578 1.03542
364 0 0 0 0 2.91667 5.08333
365 0 0 0 0 3.7265 0.273504
366 0 0 0 0 4.5788 2.4212
367 0 0 0 0 1.53672 0.463277
368 0 0 0 0 0.751412 0.248588
369 0 0 0 0 0.368074 0.631926
370 0 0 0 0 8.0978 0.9022
371 0 0 0 0 4.19848 2.80152
372 0 0 0 0 1.98639 5.01361
373 0 0 0 0 7.18684 2.81316
374 0 0 0 0 2.501 1.499
375 0 0 0 0 0.333333 0.666667
376 0 0 0 0 0.0268817 1.97312
377 0 0 0 0 1.38129 5.61871
378 0 0 0 0 6.35787 0.642129
379 0 0 0 0 0.81903 0.18097
380 0 0 0 0 0.0127065 4.98729
381 0 0 0 0 7.27018 0.729825
382 0 0 0 0 7.61711 2.38289
383 0 0 0 0 4.93678 0.0632244
384 0 0 0 0 7.13262 2.86738
385 0 0 0 0 0.0821643 0.917836
386 0 0 0 0 0.168605 0.831395
387 0 0 0 0 2.31186 4.68814
388 0 0 0 0 1.04641 1.95359
389 0 0 0 0 5.16939 4.83061
390 0 0 0 0 1.5371 3.4629
391 0 0 0 0 0.182724 9.81728
392 0 0 0 0 4.36813 1.63187
393 0 0 0 0 0.719368 2.28063
394 0 0 0 0 1.83824 1.16176
395 0 0 0 0 1.76096 0.239044
396 0 0 0 0 0.474531 2.52547
397 0 0 0 0 3.03529 1.96471
398 0 0 0 0 1.93711 1.06289
399 0 0 0 0 0.0987654 1.90123
400 0 0 0 0 2.5387 0.4613
401 0 0 0 0 1.95035 3.04965
402 0 0 0 0 6.592 1.408
403 0 0 0 0 0.963934 3.03607
404 0 0 0 0 2.61388 7.38612
405 0 0 0 0 3.71084 5.28916
406 0 0 0 0 8.85971 0.140288
407 0 0 0 0 0.389006 0.610994
408 0 0 0 0 3.48948 4.51052
409 0 0 0 0 0.431772 3.56823
410 0 0 0 0 0.0705487 0.929451
411 0 0 0 0 0.629032 2.37097
412 0 0 0 0 0.499048 0.500952
413 0 0 0 0 5.58221 0.417795
414 0 0 0 0 3.52608 6.47392
415 0 0 0 0 3.00311 5.99689
416 0 0 0 0 7.47899 2.52101
417 0 0 0 0 0.902174 4.09783
418 0 0 0 0 1.95934 1.04066
419 0 0 0 0 0.519435 2.48057
420 0 0 0 0 5.66471 0.335294
421 0 0 0 0 1.26772 5.73228
422 0 0 0 0 3.99341 4.00659
423 0 0 0 0 0.554557 0.445443
424 0 0 0 0 6.92537 2.07463
425 0 0 0 0 0.868735 0.131265
426 0 0 0 0 0.748922 4.25108
427 0 0 0 0 5.19507 4.80493
428 0 0 0 0 3.65325 3.34675
429 0 0 0 0 1.6988 1.3012
430 0 0 0 0 2.12667 2.87333
431 0 0 0 0 0.292981 1.70702
432 0 0 0 0 4.46707 4.53293
433 0 0 0 0 0.17004 2.82996
434 0 0 0 0 0.178311 0.821689
435 0 0 0 0 1.23967 0.760331
436 0 0 0 0 10 0
437 0 0 0 0 0.32 7.68
438 0 0 0 0 3.76285 3.23715
439 0 0 0 0 3.34328 0.656716
440 0 0 0 0 1.17353 5.82647
441 0 0 0 0 6.05618 0.94382
442 0 0 0 0 6.82736 1.17264
443 0 0 0 0 7.82334 2.17666
444 0 0 0 0 0.405405 1.59459
445 0 0 0 0 2.31626 5.68374
446 0 0 0 0 1.00156 0.998435
447 0 0 0 0 5.23158 3.76842
448 0 0 0 0 6.57971 3.42029
449 0 0 0 0 4.66454 5.33546
450 0 0 0 0 0.200717 5.79928
451 0 0 0 0 4.57196 2.42804
452 0 0 0 0 1.71926 1.28074
453 0 0 0 0 1.42461 0.57539
454 0 0 0 0 6.05388 3.94612
455 0 0 0 0 9.56725 0.432749
456 0 0 0 0 0.731824 0.268176
457 0 0 0 0 2.15275 0.847253
458 0 0 0 0 4.98125 1.01875
459 0 0 0 0 3.48235 4.51765
460 0 0 0 0 0.771574 3.22843
461 0 0 0 0 0.396552 0.603448
462 0 0 0 0 1.96159 2.03841
463 0 0 0 0 0.505998 3.494
464 0 0 0 0 0.473469 1.52653
465 0 0 0 0 6.54271 0.457286
466 0 0 0 0 0.203498 1.7965
467 0 0 0 0 2.6583 0.341699
468 0 0 0 0 0.790441 0.209559
469 0 0 0 0 5.46948 4.53052
470 0 0 0 0 0.0720093 0.927991
471 0 0 0 0 0.462998 1.537
472 0 0 0 0 7.82692 2.17308
473 0 0 0 0 7.59124 2.40876
474 0 0 0 0 0.477886 0.522114
475 0 0 0 0 2.01639 0.983607
476 0 0 0 0 0.904762 1.09524
477 0 0 0 0 4.07524 0.924765
478 0 0 0 0 2.46099 4.53901
479 0 0 0 0 3.79421 2.20579
480 0 0 0 0 2.97374 0.0262582
481 0 0 0 0 1.51684 5.48316
482 0 0 0 0 1.925 0.075
483 0 0 0 0 7.54839 1.45161
484 0 0 0 0 1.20988 4.79012
485 0 0 0 0 2.66464 2.33536
486 0 0 0 0 1.07812 2.92188
487 0 0 0 0 4.2381 5.7619
488 0 0 0 0 1.05799 1.94201
489 0 0 0 0 0.939457 9.06054
490 0 0 0 0 6.46263 1.53737
491 0 0 0 0 7.76374 1.23626
492 0 0 0 0 1.41935 3.58065
493 0 0 0 0 0.661386 0.338614
494 0 0 0 0 0.0229095 4.97709
495 0 0 0 0 9.81459 0.185414
496 0 0 0 0 1.27286 1.72714
497 0 0 0 0 0.250941 0.749059
498 0 0 0 0 0.753459 0.246541
499 0 0 0 0 0.738397 0.261603
500 0 0 0 0 0.290055 4.70994
501 0 0 0 0 5.25691 2.74309
502 0 0 0 0 0.998243 3.00176
503 0 0 0 0 3.21011 4.78989
504 0 0 0 0 3.86694 6.13306
505 0 0 0 0 2.90233 1.09767
506 0 0 0 0 0.0592486 0.940751
507 0 0 0 0 0.795796 4.2042
508 0 0 0 0 1.92466 1.07534
509 0 0 0 0 0.191377 0.808623
510 0 0 0 0 8.37379 1.62621
511 0 0 0 0 1.88235 2.11765
512 0 0 0 0 0.530997 0.469003
513 0 0 0 0 2.04762 6.95238
514 0 0 0 0 1.65576 2.34424
515 0 0 0 0 0.613363 3.38664
516 0 0 0 0 2.16385 5.83615
517 0 0 0 0 5.76208 4.23792
518 0 0 0 0 0.50655 3.49345
519 0 0 0 0 3.39454 0.605459
520 0 0 0 0 2.49367 6.50633
521 0 0 0 0 2.73381 2.26619
522 0 0 0 0 2.99419 1.00581
523 0 0 0 0 0.511945 4.48805
524 0 0 0 0 1.77913 2.22087
525 0 0 0 0 0.62435 5.37565
526 0 0 0 0 6.97792 1.02208
527 0 0 0 0 0.383562 2.61644
528 0 0 0 0 3.80952 2.19048
529 0 0 0 0 0.64486 4.35514
530 0 0 0 0 2.4291 0.570896
531 0 0 0 0 4.50841 1.49159
532 0 0 0 0 0.357724 3.64228
533 0 0 0 0 2.26246 0.737542
534 0 0 0 0 5.79877 2.20123
535 0 0 0 0 0.647872 2.35213
536 0 0 0 0 5.02454 3.97546
537 0 0 0 0 0.0997625 3.90024
538 0 0 0 0 0.0488281 0.951172
539 0 0 0 0 7.52426 0.475743
540 0 0 0 0 6.90295 0.0970537
541 0 0 0 0 4.54121 3.45879
542 0 0 0 0 1.57412 0.425876
543 0 0 0 0 4.03817 0.961832
544 0 0 0 0 4.51037 2.48963
545 0 0 0 0 5.89209 3.10791
546 0 0 0 0 3.67965 0.320346
547 0 0 0 0 2.33135 1.66865
548 0 0 0 0 1.97692 0.0230769
549 0 0 0 0 5.41259 3.58741
550 0 0 0 0 9.30085 0.699153
551 0 0 0 0 2.12285 1.87715
552 0 0 0 0 9.25253 0.747475
553 0 0 0 0 0.174065 0.825935
554 0 0 0 0 2.4 3.6
555 0 0 0 0 3.7623 5.2377
556 0 0 0 0 1.1122 0.887805
557 0 0 0 0 5.10541 2.89459
558 0 0 0 0 1.80064 4.19936
559 0 0 0 0 5.7057 0.294304
560 0 0 0 0 0.343902 1.6561
561 0 0 0 0 0.714777 2.28522
562 0 0 0 0 8.10507 1.89493
563 0 0 0 0 1.12088 1.87912
564 0 0 0 0 0.347107 0.652893
565 0 0 0 0 2.66074 6.33926
566 0 0 0 0 3.59801 1.40199
567 0 0 0 0 0.52637 0.47363
568 0 0 0 0 2.74968 7.25032
569 0 0 0 0 9.71014 0.289855
570 0 0 0 0 2.53482 0.465177
571 0 0 0 0 5.70833 0.291667
572 0 0 0 0 3.35446 3.64554
573 0 0 0 0 0.467416 7.53258
574 0 0 0 0 4.97508 0.0249169
575 0 0 0 0 0.941176 1.05882
576 0 0 0 0 0.821192 1.17881
577 0 0 0 0 8.74669 0.253311
578 0 0 0 0 1.60684 3.39316
579 0 0 0 0 7.72917 2.27083
580 0 0 0 0 5.30233 4.69767
581 0 0 0 0 3.63035 1.36965
582 0 0 0 0 6.05539 0.944612
583 0 0 0 0 1.12928 0.870718
584 0 0 0 0 1.56696 7.43304
585 0 0 0 0 0.467105 0.532895
586 0 0 0 0 0.795455 6.20455
587 0 0 0 0 0.908884 2.09112
588 0 0 0 0 1.49677 0.503226
589 0 0 0 0 0.825083 9.17492
590 0 0 0 0 2.84561 0.154386
591 0 0 0 0 3.83102 6.16898
592 0 0 0 0 0.501253 4.49875
593 0 0 0 0 6.82838 1.17162
594 0 0 0 0 0.0269179 3.97308
595 0 0 0 0 1.46629 1.53371
596 0 0 0 0 0.54902 7.45098
597 0 0 0 0 6.90738 1.09262
598 0 0 0 0 0.641425 8.35857
599 0 0 0 0 2.70629 1.29371
600 0 0 0 0 4.57763 1.42237
601 0 0 0 0 4.29213 1.70787
602 0 0 0 0 0.22673 0.77327
603 0 0 0 0 3.57483 5.42517
604 0 0 0 0 3.8481 2.1519
605 0 0 0 0 1.3898 3.6102
606 0 0 0 0 2.73436 0.265643
607 0 0 0 0 5.20686 0.793138
608 0 0 0 0 2.13779 7.86221
609 0 0 0 0 0.579821 0.420179
610 0 0 0 0 2.6873 6.3127
611 0 0 0 0 4.05225 2.94775
612 0 0 0 0 0.883871 4.11613
613 0 0 0 0 5.74018 4.25982
614 0 0 0 0 0.763158 5.23684
615 0 0 0 0 0.37931 1.62069
616 0 0 0 0 3.36538 5.63462
617 0 0 0 0 2.24229 3.75771
618 0 0 0 0 3.68622 6.31378
619 0 0 0 0 0.728597 9.2714
620 0 0 0 0 4.75407 2.24593
621 0 0 0 0 2.30202 1.69798
622 0 0 0 0 7.92165 2.07835
623 0 0 0 0 3.08806 4.91194
624 0 0 0 0 1.58159 4.41841
625 0 0 0 0 0.657534 0.342466
626 0 0 0 0 1.86039 5.13961
627 0 0 0 0 2.59843 6.40157
628 0 0 0 0 0.118519 7.88148
629 0 0 0 0 0.877323 1.12268
630 0 0 0 0 0.376502 0.623498
631 0 0 0 0 2.16418 1.83582
632 0 0 0 0 2.78324 5.21676
633 0 0 0 0 1.33577 1.66423
634 0 0 0 0 3.69205 3.30795
635 0 0 0 0 0.902796 1.0972
636 0 0 0 0 1.26782 3.73218
637 0 0 0 0 3.53141 6.46859
638 0 0 0 0 6.65814 0.34186
639 0 0 0 0 1.82724 0.172757
640 0 0 0 0 1.18102 1.81898
641 0 0 0 0 2.00637 6.99363
642 0 0 0 0 6.02908 3.97092
643 0 0 0 0 2.12099 2.87901
644 0 0 0 0 7.22581 0.774194
645 0 0 0 0 2.6762 3.3238
646 0 0 0 0 8.93478 0.0652174
647 0 0 0 0 2.99104 3.00896
648 0 0 0 0 0.663918 1.33608
649 0 0 0 0 5.46188 3.53812
650 0 0 0 0 2.99128 3.00872
651 0 0 0 0 1.62275 0.377246
652 0 0 0 0 1.66869 7.33131
653 0 0 0 0 0.126316 2.87368
654 0 0 0 0 8.4019 1.5981
655 0 0 0 0 2.15674 0.843264
656 0 0 0 0 3.9236 5.0764
657 0 0 0 0 0.655629 5.34437
658 0 0 0 0 0.931915 1.06809
659 0 0 0 0 2.2376 0.762397
660 0 0 0 0 3.42522 0.57478
661 0 0 0 0 2.49585 1.50415
662 0 0 0 0 3.87487 0.12513
663 0 0 0 0 2.84962 1.15038
664 0 0 0 0 4.7302 5.2698
665 0 0 0 0 1.49725 3.50275
666 0 0 0 0 1.1271 1.8729
667 0 0 0 0 0.0991501 6.90085
668 0 0 0 0 3.50951 4.49049
669 0 0 0 0 5.28814 0.711864
670 0 0 0 0 0.613032 0.386968
671 0 0 0 0 6.15139 3.84861
672 0 0 0 0 0.723214 2.27679
673 0 0 0 0 0.558352 3.44165
674 0 0 0 0 3.31263 4.68737
675 0 0 0 0 2.22353 5.77647
676 0 0 0 0 1.11111 2.88889
677 0 0 0 0 0.326165 6.67384
678 0 0 0 0 5.1797 4.8203
679 0 0 0 0 3.553 2.447
680 0 0 0 0 4.91335 5.08665
681 0 0 0 0 1.21665 1.78335
682 0 0 0 0 4.58824 5.41176
683 0 0 0 0 0.15619 1.84381
684 0 0 0 0 0.239478 0.760522
685 0 0 0 0 4.31413 4.68587
686 0 0 0 0 0.261137 4.73886
687 0 0 0 0 4.84729 3.15271
688 0 0 0 0 4.45666 0.543338
689 0 0 0 0 4.4049 0.595099
690 0 0 0 0 0.390953 1.60905
691 0 0 0 0 7.85036 0.14964
692 0 0 0 0 1.53923 5.46077
693 0 0 0 0 0.468619 6.53138
694 0 0 0 0 0.441088 0.558912
695 0 0 0 0 1.55556 5.44444
696 0 0 0 0 0.44908 2.55092
697 0 0 0 0 0.062954 3.93705
698 0 0 0 0 0.977918 0.022082
699 0 0 0 0 1.85401 3.14599
700 0 0 0 0 4.31629 2.68371
701 0 0 0 0 3.17523 1.82477
702 0 0 0 0 0.984615 6.01538
703 0 0 0 0 0.27907 3.72093
704 0 0 0 0 2.34816 1.65184
705 0 0 0 0 1.90909 7.09091
706 0 0 0 0 5.17265 1.82735
707 0 0 0 0 1.54758 6.45242
708 0 0 0 0 1.2368 1.7632
709 0 0 0 0 3.72242 0.27758
710 0 0 0 0 0.660665 0.339335
711 0 0 0 0 3.5785 0.421496
712 0 0 0 0 6.08655 0.913449
713 0 0 0 0 2.66164 7.33836
714 0 0 0 0 0.470282 0.529718
715 0 0 0 0 0.834008 1.16599
716 0 0 0 0 4.72689 1.27311
717 0 0 0 0 4.7548 0.245203
718 0 0 0 0 4.66463 4.33537
719 0 0 0 0 1.13317 2.86683
720 0 0 0 0 4.68687 3.31313
721 0 0 0 0 2.63549 7.36451
722 0 0 0 0 6.4 1.6
723 0 0 0 0 0.382979 5.61702
724 0 0 0 0 4.29463 5.70537
725 0 0 0 0 1.56682 0.43318
726 0 0 0 0 1.70203 2.29797
727 0 0 0 0 3.09284 0.907162
728 0 0 0 0 0.507132 0.492868
729 0 0 0 0 0.791721 2.20828
730 0 0 0 0 0.0774527 4.92255
731 0 0 0 0 5.70362 4.29638
732 0 0 0 0 2.77036 2.22964
733 0 0 0 0 0.632677 0.367323
734 0 0 0 0 0.131707 5.86829
735 0 0 0 0 3.85936 2.14064
736 0 0 0 0 5.22535 1.77465
737 0 0 0 0 4.22989 2.77011
738 0 0 0 0 9.85277 0.147225
739 0 0 0 0 4.77922 3.22078
740 0 0 0 0 4.61284 4.38716
741 0 0 0 0 0.393979 0.606021
742 0 0 0 0 0.902579 4.09742
743 0 0 0 0 0.937634 3.06237
744 0 0 0 0 1.18876 3.81124
745 0 0 0 0 0.0335946 2.96641
746 0 0 0 0 0.583882 4.41612
747 0 0 0 0 4.02968 0.97032
748 0 0 0 0 2.73038 1.26962
749 0 0 0 0 1.36451 2.63549
750 0 0 0 0 2.24037 0.759627
751 0 0 0 0 3.8414 1.1586
752 0 0 0 0 5.81219 3.18781
753 0 0 0 0 0.625931 3.37407
754 0 0 0 0 4.24005 0.759952
755 0 0 0 0 6.45582 3.54418
756 0 0 0 0 5.56989 1.43011
757 0 0 0 0 1.46331 1.53669
758 0 0 0 0 5.575 0.425
759 0 0 0 0 2.74545 6.25455
760 0 0 0 0 0.0632689 5.93673
761 0 0 0 0 2.89377 0.106227
762 0 0 0 0 1.07851 4.92149
763 0 0 0 0 2.96296 1.03704
764 0 0 0 0 1.84132 1.15868
765 0 0 0 0 0.795848 4.20415
766 0 0 0 0 0.863258 2.13674
767 0 0 0 0 3.35322 4.64678
768 0 0 0 0 4.40108 0.598923
769 0 0 0 0 8.53543 1.46457
770 0 0 0 0 4.67246 3.32754
771 0 0 0 0 1.32308 8.67692
772 0 0 0 0 3.00813 0.99187
773 0 0 0 0 7.19537 1.80463
774 0 0 0 0 1.28329 1.71671
775 0 0 0 0 1.11638 5.88362
776 0 0 0 0 0.26455 4.73545
777 0 0 0 0 3.21739 0.782609
778 0 0 0 0 1.78641 0.213592
779 0 0 0 0 0.82904 2.17096
780 0 0 0 0 1.83413 8.16587
781 0 0 0 0 4.20312 2.79688
782 0 0 0 0 9.7006 0.299401
783 0 0 0 0 0.617085 1.38291
784 0 0 0 0 1.96085 0.0391517
785 0 0 0 0 2.27172 6.72828
786 0 0 0 0 0.75 2.25
787 0 0 0 0 1.97738 1.02262
788 0 0 0 0 6.68973 1.31027
789 0 0 0 0 0.712 1.288
790 0 0 0 0 0.371134 8.62887
791 0 0 0 0 3.56188 0.438116
792 0 0 0 0 0.206818 0.793182
793 0 0 0 0 4.16216 3.83784
794 0 0 0 0 4.41273 2.58727
795 0 0 0 0 1.5 7.5
796 0 0 0 0 3.125 1.875
797 0 0 0 0 7.69737 2.30263
798 0 0 0 0 7.10244 0.897561
799 0 0 0 0 0.289157 3.71084
800 0 0 0 0 7.16867 2.83133
801 0 0 0 0 0.194949 0.805051
802 0 0 0 0 1.37028 2.62972
803 0 0 0 0 1.28162 4.71838
804 0 0 0 0 6.85552 3.14448
805 0 0 0 0 0.802038 0.197962
806 0 0 0 0 7.17673 0.823266
807 0 0 0 0 2.54776 3.45224
808 0 0 0 0 0.872437 0.127563
809 0 0 0 0 1.76613 4.23387
810 0 0 0 0 5.30602 0.693976
811 0 0 0 0 3.48828 5.51172
812 0 0 0 0 5.81481 0.185185
813 0 0 0 0 0.952434 6.04757
814 0 0 0 0 0.926633 1.07337
815 0 0 0 0 4.43607 4.56393
816 0 0 0 0 0.553756 7.44624
817 0 0 0 0 3.83602 4.16398
818 0 0 0 0 3.62529 2.37471
819 0 0 0 0 3.36 2.64
820 0 0 0 0 0.568458 7.43154
821 0 0 0 0 0.807477 0.192523
822 0 0 0 0 4.93846 0.0615385
823 0 0 0 0 0.721893 0.278107
824 0 0 0 0 1.1281 5.8719
825 0 0 0 0 6.99029 3.00971
826 0 0 0 0 0.578059 0.421941
827 0 0 0 0 0.53951 8.46049
828 0 0 0 0 1.62301 1.37699
829 0 0 0 0 6.69093 2.30907
830 0 0 0 0 2.93568 2.06432
831 0 0 0 0 1.34511 3.65489
832 0 0 0 0 1.58594 3.41406
833 0 0 0 0 0.439425 0.560575
834 0 0 0 0 0.537549 1.46245
835 0 0 0 0 4.45415 5.54585
836 0 0 0 0 0.43036 0.56964
837 0 0 0 0 0.220264 9.77974
838 0 0 0 0 3.87629 0.123711
839 0 0 0 0 0.841346 4.15865
840 0 0 0 0 3.40104 2.59896
841 0 0 0 0 0.719828 0.280172
842 0 0 0 0 7.65076 0.349239
843 0 0 0 0 2.85393 2.14607
844 0 0 0 0 3.67048 0.329519
845 0 0 0 0 4.084 2.916
846 0 0 0 0 0.66963 1.33037
847 0 0 0 0 1.43673 6.56327
848 0 0 0 0 0.831776 0.168224
849 0 0 0 0 0.63596 2.36404
850 0 0 0 0 3.39175 2.60825
851 0 0 0 0 2.64576 0.354244
852 0 0 0 0 4.8065 3.1935
853 0 0 0 0 0.917355 2.08264
854 0 0 0 0 1.0991 6.9009
855 0 0 0 0 1.47164 1.52836
856 0 0 0 0 0.033871 6.96613
857 0 0 0 0 1.3037 0.696296
858 0 0 0 0 0.0223776 0.977622
859 0 0 0 0 0.505051 4.49495
860 0 0 0 0 2.71609 6.28391
861 0 0 0 0 2.07014 0.929864
862 0 0 0 0 0.610044 6.38996
863 0 0 0 0 2.125 1.875
864 0 0 0 0 0.0791367 2.92086
865 0 0 0 0 4.8445 0.155502
866 0 0 0 0 0.785855 1.21415
867 0 0 0 0 1.72077 1.27923
868 0 0 0 0 0.652681 7.34732
869 0 0 0 0 4.32931 4.67069
870 0 0 0 0 0.0547945 0.945205
871 0 0 0 0 0.966292 3.03371
872 0 0 0 0 0.934426 0.0655738
873 0 0 0 0 0.0285714 1.97143
874 0 0 0 0 0.68866 1.31134
875 0 0 0 0 3.65318 0.346821
876 0 0 0 0 5.21879 1.78121
877 0 0 0 0 1.4501 7.5499
878 0 0 0 0 0.833157 2.16684
879 0 0 0 0 0.54023 0.45977
880 0 0 0 0 1.32727 0.672727
881 0 0 0 0 1.23123 5.76877
882 0 0 0 0 3.90118 1.09882
883 0 0 0 0 2.11017 3.88983
884 0 0 0 0 5.48975 4.51025
885 0 0 0 0 2.85569 7.14431
886 0 0 0 0 7.50402 1.49598
887 0 0 0 0 1.29341 1.70659
888 0 0 0 0 2.00991 2.99009
889 0 0 0 0 0.379555 4.62045
890 0 0 0 0 1.53043 6.46957
891 0 0 0 0 2.21667 7.78333
892 0 0 0 0 4.52578 1.47422
893 0 0 0 0 0.998148 6.00185
894 0 0 0 0 4.62264 0.377358
895 0 0 0 0 1.55504 2.44496
896 0 0 0 0 0.646154 5.35385
897 0 0 0 0 1.23173 1.76827
898 0 0 0 0 4.77489 4.22511
899 0 0 0 0 6.72657 1.27343
900 0 0 0 0 2.31623 1.68377
901 0 0 0 0 5.99142 2.00858
902 0 0 0 0 1.85009 2.14991
903 0 0 0 0 3.6942 3.3058
904 0 0 0 0 1.8 7.2
905 0 0 0 0 0.912154 0.087846
906 0 0 0 0 6.51515 3.48485
907 0 0 0 0 6.26849 1.73151
908 0 0 0 0 1.54626 4.45374
909 0 0 0 0 2.55852 4.44148
910 0 0 0 0 0.62931 6.37069
911 0 0 0 0 6.8315 3.1685
912 0 0 0 0 0.99345 4.00655
913 0 0 0 0 1.51351 1.48649
914 0 0 0 0 1.54521 5.45479
915 0 0 0 0 1.45626 5.54374
916 0 0 0 0 5.14754 2.85246
917 0 0 0 0 2.05789 2.94211
918 0 0 0 0 0.0936709 0.906329
919 0 0 0 0 1.9697 1.0303
920 0 0 0 0 1.8171 0.182898
921 0 0 0 0 1.70963 1.29037
922 0 0 0 0 1.3325 3.6675
923 0 0 0 0 1.64 4.36
924 0 0 0 0 3.53867 3.46133
925 0 0 0 0 0.436364 0.563636
926 0 0 0 0 2.32646 0.673544
927 0 0 0 0 2.0219 3.9781
928 0 0 0 0 4.4774 2.5226
929 0 0 0 0 7.60322 1.39678
930 0 0 0 0 0.835616 2.16438
931 0 0 0 0 4.67558 3.32442
932 0 0 0 0 0.38011 1.61989
933 0 0 0 0 0.471033 1.52897
934 0 0 0 0 2.75946 1.24054
935 0 0 0 0 2.06081 3.93919
936 0 0 0 0 0.919481 1.08052
