NAME : c101
COMMENT : Converted to TSPLIB by Accorsi & Cavaliere.
TYPE : VRPSPD
DIMENSION : 101
EDGE_WEIGHT_TYPE : EXPLICIT
EDGE_WEIGHT_FORMAT : FULL_MATRIX
CAPACITY : 200
0 18.6815 20.6155 16.1245 18.1108 15.1327 19 16 18.1108 20.0998 16.7631 19.6469 38.0789 30.8058 39.3573 36.0555 40.3113 33.3017 35.3553 39.0512 10 10.198 12.1655 13 15 15.1327 15.8114 17.1172 17.72 20 20.6155 33.541 31.6228 33.5261 32.3883 38.0789 35.3553 39.2938 41.2311 40.3113 20.6155 18.6815 19.3132 16.5529 21.5407 22.3607 20.5913 18.0278 23.3238 19.2094 22.8035 25 21.2132 45.1774 40.05 35.0571 45 35 45.0444 35.0571 45.2769 22.3607 18.0278 14.1421 21.5407 12.8062 16.5529 12.2066 20.6155 15.8114 58.5235 57.0088 23.8537 55.7136 19.8494 15.8114 52.2015 52 50.2892 51.0784 51.4782 47.4342 35.3553 32.3883 31.0483 29.7321 26.4764 25.4951 26.9258 24.3516 20.6155 22.3607 44.2041 43.0116 40.6079 37.2022 36.0555 40.3113 30.8058 33.541 38.0789 
18.6815 0 2 3.6056 3 4.2426 5.099 5.3852 7 7.2801 10.198 10.0499 26.2488 24.0416 28.6007 27.7308 30.2324 27.8927 30.8058 32.311 23.4307 21.9317 23.3452 21.4009 26.9072 25.6125 23.8537 27.2029 25.5539 30.8058 28.178 48.1041 44.8219 46.4004 43.566 51.8556 46.1411 51.3128 53 50.5371 39.2938 37.3631 37.9473 35.1141 40.1622 40.8534 39 36.2491 41.6293 37.1214 40.7063 42.9418 38.5876 63.0079 58.0775 53.0848 63.1981 53.2353 63.3877 53.4603 63.7887 38.3275 33.3766 28.4429 38.1182 28.1603 33.0606 28.0713 38 33 62.8013 59.9083 38.833 60.4401 33.9559 3 55.8032 57.3847 54.2033 56.6392 58.7282 51.8556 32.6956 29.9666 26.9258 24.3516 24.6982 23.8537 21.5407 20.5913 19.8494 17 27.8029 26.2488 24.4131 20.8087 19.2094 22.6716 14.7648 15.6205 19.7231 
20.6155 2 0 5 3.6056 5.8309 5.099 6.4031 7.2801 7 10.7703 10.0499 25 23.5372 27.4591 26.9258 29.1548 27.4591 30.4138 31.6228 25 23.4307 24.7588 22.6716 28.2843 26.9072 25 28.4253 26.6271 32.0156 29.1548 49.4975 46.0977 47.634 44.6542 53.1507 47.1699 52.4309 54.0833 51.4782 41.2311 39.2938 39.8497 37 42.0595 42.72 40.8534 38.0789 43.4626 38.9102 42.4853 44.7214 40.3113 65.0077 60.075 55.0818 65.192 55.2268 65.3758 55.4437 65.7647 40.3113 35.3553 30.4138 40.1123 30.1496 35.0571 30.0666 40 35 64.0312 61.0328 40.7922 61.7171 35.9026 5 57.0088 58.7282 55.4437 58 60.208 53.1507 33.541 30.8869 27.7308 25.0799 25.807 25 22.3607 21.6333 21.2132 18.0278 26.6271 25 23.3238 19.7231 18.0278 21.2132 13.9284 14.1421 18.0278 
16.1245 3.6056 5 0 2 1 3.6056 2 4.4721 5.6569 7 7.6158 25.4951 21.9317 27.5862 26.0768 29.0689 25.632 28.4605 30.4138 20 18.4391 19.799 17.8045 23.3452 22.0227 20.2485 23.6008 21.9545 27.2029 24.5967 44.5533 41.2311 42.8019 39.9625 48.2701 42.5441 47.7074 49.3964 46.9574 36.6742 34.7131 35.171 32.28 37.3631 37.9473 36.0555 33.2415 38.6264 34.0147 37.5766 39.8121 35.3553 61.0328 56 51 61.0328 51.0392 61.131 51.1566 61.4003 36.8782 32.0156 27.2029 36.4966 26.6833 31.4006 26.4764 36.1248 31.1448 64.0703 61.4003 37.6431 61.6117 32.8938 3.1623 57.1402 58.4123 55.4707 57.6281 59.4138 53.0094 34.7851 31.9531 29.1204 26.6833 26.4008 25.4951 23.7697 22.4722 21.095 18.9737 31.4006 29.8329 28.0179 24.4131 22.8035 26.1725 18.3576 19.105 23.0217 
18.1108 3 3.6056 2 0 3 2.2361 2.8284 4 4.4721 7.2801 7.0711 24.0416 21.1896 26.2488 25.0599 27.8029 25 27.8927 29.5466 21.6333 20 21.2603 19.105 24.7588 23.3452 21.4009 24.8395 23.0217 28.4253 25.5539 45.9674 42.5206 44.0454 41.0488 49.5782 43.566 48.8262 50.4777 47.8853 38.6394 36.6742 37.108 34.2053 39.2938 39.8497 37.9473 35.1141 40.4969 35.8469 39.3954 41.6293 37.1214 63.0317 58 53 63.0317 53.0377 63.1269 53.1507 63.3877 38.833 33.9559 29.1204 38.4708 28.6356 33.3766 28.4429 38.1182 33.1361 65.215 62.434 39.5601 62.8013 34.7851 4.2426 58.2495 59.6657 56.6127 58.8982 60.8112 54.2033 35.4683 32.6956 29.7321 27.2029 27.2947 26.4197 24.3516 23.2594 22.2036 19.6977 30.2324 28.6007 26.9258 23.3238 21.6333 24.7588 17.4642 17.6918 21.4009 
15.1327 4.2426 5.8309 1 3 0 4.4721 2.2361 5 6.4031 7.0711 8.0623 26.2488 22.3607 28.2843 26.6271 29.7321 26 28.7924 30.8869 19.2094 17.6918 19.105 17.2047 22.6716 21.4009 19.7231 23.0217 21.4709 26.6271 24.1661 43.8634 40.6079 42.2019 39.4462 47.634 42.0595 47.1699 48.8774 46.5188 35.6931 33.7343 34.2053 31.3209 36.4005 37 35.1141 32.311 37.6962 33.1059 36.6742 38.9102 34.4819 60.0333 55 50 60.0333 50.04 60.1332 50.1597 60.407 35.9026 31.0483 26.2488 35.5106 25.7099 30.4138 25.4951 35.1283 30.1496 63.5138 60.9016 36.6879 61.0328 31.9531 3 56.6039 57.8014 54.9181 57.0088 58.7282 52.4309 34.4819 31.6228 28.8617 26.4764 26 25.0799 23.5372 22.1359 20.5913 18.6815 32.0156 30.4795 28.6007 25 23.4307 26.9072 18.868 19.8494 23.8537 
19 5.099 5.099 3.6056 2.2361 4.4721 0 3 2.2361 2.2361 5.8309 5 21.9317 18.9737 24.0832 22.8254 25.6125 22.8035 25.7099 27.313 21.4709 19.7231 20.8087 18.4391 24.2074 22.6716 20.5183 24.0416 22.0227 27.5862 24.4131 45.3431 41.7253 43.1856 40 48.7955 42.4382 47.8017 49.4065 46.6476 39.3192 37.3363 37.6563 34.7131 39.8121 40.2616 38.3275 35.4401 40.8044 36.0555 39.5601 41.7852 37.1618 64.1249 59.0339 54.037 64 54 64.0312 54.037 64.195 40.2616 35.4401 30.6757 39.8121 30.0832 34.7131 29.8329 39.3192 34.3657 67.424 64.6607 41.1096 65 36.4005 6.4031 60.4649 61.8466 58.8218 61.0737 62.9365 56.4004 37.6962 34.9285 31.9531 29.4109 29.5296 28.6531 26.5707 25.4951 24.4131 21.9317 31.3847 29.6816 28.178 24.5967 22.8254 25.6125 18.9737 18.6011 21.9317 
16 5.3852 6.4031 2 2.8284 2.2361 3 0 2.8284 4.4721 5 5.8309 24.2074 20.1246 26.1725 24.4131 27.5862 23.7697 26.5707 28.6531 18.868 17.2047 18.4391 16.2788 21.9317 20.5183 18.6011 22.0227 20.2485 25.6125 22.8254 43.1393 39.6989 41.2311 38.2753 46.7547 40.8167 46.0435 47.7074 45.1774 36.3456 34.3657 34.7131 31.7805 36.8782 37.3631 35.4401 32.573 37.9473 33.2415 36.7696 39 34.4384 61.131 56.0357 51.0392 61 51 61.0328 51.0392 61.2046 37.3631 32.573 27.8568 36.8782 27.2029 31.7805 26.9258 36.3456 31.4006 65.7343 63.1348 38.2753 63.2456 33.6155 5.099 58.8303 60 57.1402 59.203 60.8769 54.6443 36.6879 33.8378 31.0483 28.6356 28.2312 27.313 25.7099 24.3516 22.8254 20.8806 33.0151 31.4006 29.6816 26.0768 24.4131 27.5862 20.1246 20.5183 24.2074 
18.1108 7 7.2801 4.4721 4 5 2.2361 2.8284 0 2 3.6056 3.1623 21.4009 17.4642 23.3452 21.6333 24.7588 21.1896 24.0416 25.9422 19.6977 17.8885 18.868 16.4012 22.2036 20.6155 18.3848 21.9317 19.8494 25.4558 22.2036 43.2782 39.598 41.0366 37.8021 46.669 40.2244 45.607 47.2017 44.4185 38.1182 36.1248 36.3456 33.3766 38.4708 38.833 36.8782 33.9559 39.2938 34.4819 37.9473 40.1622 35.4683 63.2851 58.1378 53.1507 63.0317 53.0377 63 53 63.0714 39.8497 35.1141 30.4631 39.2938 29.7321 34.2053 29.4109 38.6394 33.7343 68.5055 65.8635 40.8534 66.0303 36.2491 7.6158 61.5873 62.8013 59.9083 62.0081 63.7024 57.4282 39.2173 36.4005 33.5261 31.0483 30.8707 29.9666 28.1603 26.9258 25.5539 23.4094 33.6155 31.9061 30.4138 26.8328 25.0599 27.8029 21.1896 20.8087 24.0416 
20.0998 7.2801 7 5.6569 4.4721 6.4031 2.2361 4.4721 2 0 5 3.1623 19.8494 16.7631 21.9317 20.5913 23.4307 20.6155 23.5372 25.0799 21.5407 19.6977 20.5913 18.0278 23.8537 22.2036 19.8494 23.4307 21.2132 26.9072 23.4307 44.8219 41.0366 42.4264 39.0512 48.1041 41.4005 46.8615 48.4149 45.4863 40.1123 38.1182 38.3275 35.3553 40.4475 40.7922 38.833 35.9026 41.2311 36.4005 39.8497 42.0595 37.3363 65.2763 60.1332 55.1453 65.0308 55.0364 65 55 65.0692 41.7612 37 32.311 41.2311 31.6228 36.1386 31.3209 40.6079 35.6931 69.6348 66.888 42.72 67.2012 38.0789 8.6023 62.6817 64.0312 61.0328 63.2535 65.0692 58.6003 39.9249 37.1618 34.176 31.6228 31.7648 30.8869 28.7924 27.7308 26.6271 24.1661 32.6497 30.8869 29.5466 26 24.1661 26.6271 20.6155 19.7231 22.6716 
16.7631 10.198 10.7703 7 7.2801 7.0711 5.8309 5 3.6056 5 0 3 21.4709 15.8114 23.0217 20.5183 24.2074 19.2354 21.9317 24.4131 16.7631 14.8661 15.6525 13.0384 18.868 17.2047 14.8661 18.4391 16.2788 21.9317 18.6011 39.8246 36.0694 37.4833 34.2053 43.1393 36.6197 42.0119 43.6005 40.8167 36 34 34.0588 31.0644 36.1248 36.3456 34.3657 31.4006 36.6742 31.7805 35.171 37.3631 32.573 61.6604 56.4358 51.4782 61.2046 51.2445 61.0737 51.0882 61 39 34.4384 30.0167 38.2753 29.0689 33.2415 28.6356 37.3631 32.573 69.9714 67.5352 40.2492 67.4166 35.8469 10.0499 63.1348 64.0703 61.4003 63.2456 64.6607 58.8303 41.4849 38.6005 35.9026 33.541 32.8938 31.9531 30.5941 29.1204 27.313 25.7099 37.2156 35.5106 34 30.4138 28.6531 31.4006 24.6982 24.4131 27.5862 
19.6469 10.0499 10.0499 7.6158 7.0711 8.0623 5 5.8309 3.1623 3.1623 3 0 18.868 14.3178 20.6155 18.6011 21.9317 18.0278 20.8806 22.8254 19.6469 17.72 18.3848 15.6525 21.4709 19.7231 17.2047 20.8087 18.4391 24.2074 20.5183 42.2019 38.2884 39.6232 36.1248 45.3431 38.4187 43.9318 45.4533 42.4382 39 37 37.054 34.0588 39.1152 39.3192 37.3363 34.3657 39.6232 34.7131 38.0789 40.2616 35.4401 64.6297 59.4138 54.4518 64.195 54.231 64.0703 54.0833 64 41.7852 37.1618 32.6497 41.1096 31.7805 36.0555 31.3847 40.2616 35.4401 71.5612 68.9638 42.9535 69.0652 38.4708 10.7703 64.6607 65.8027 62.9682 65 66.6033 60.4649 42.3792 39.5601 36.6879 34.2053 34.0147 33.1059 31.3209 30.0832 28.6531 26.5707 35.7771 34 32.6956 29.1548 27.313 29.6816 23.7697 22.8254 25.6125 
38.0789 26.2488 25 25.4951 24.0416 26.2488 21.9317 24.2074 21.4009 19.8494 21.4709 18.868 0 10.4403 3 7.0711 5 12.2066 14.1421 11.1803 35.3553 33.3766 33.1361 30.1496 35 33 30 33.0606 30.0666 35.3553 30.4138 52.2015 47.4342 48.1041 43.4626 53.8516 44.7214 50.5371 51.4782 47.1699 55.9017 53.9351 53.6004 50.636 55.4437 55.2268 53.2353 50.2494 55.0818 50.0899 53.0094 55 50 82.2253 76.9025 72.0347 81.3941 71.5891 81.0494 71.1969 80.6226 60.4152 55.9017 51.4782 59.6154 50.5371 54.626 50.0899 58.5235 53.8516 89.0225 86.0233 61.7171 86.6833 57.3062 28.2843 82.0061 83.6301 80.4301 82.8794 84.8528 78.1025 58.3095 55.7584 52.4786 49.7393 50.8035 50 47.1699 46.6154 46.0977 43.0116 42 40 40.1123 37.3363 35.3553 35 34.4819 30.4138 30 
30.8058 24.0416 23.5372 21.9317 21.1896 22.3607 18.9737 20.1246 17.4642 16.7631 15.8114 14.3178 10.4403 0 10 5.3852 10.198 4 7 8.6023 26.2488 24.3516 23.7697 20.8806 25.1794 23.1948 20.2237 23.0217 20.025 25.0799 20.0998 41.7612 37 37.6962 33.1059 43.4626 34.4819 40.3113 41.3401 37.2022 46.8402 44.9222 44.3847 41.4849 46.0977 45.7056 43.7379 40.7922 45.3982 40.4475 43.1856 45.0999 40.1123 73.3757 68.0074 63.2456 72.2772 62.6418 71.8053 62.0967 71.1969 53 48.8262 44.8219 51.9711 43.6005 47.1699 43.0116 50.5371 46.1411 85.7555 83.2406 54.6443 83.2166 50.6063 25.0799 78.8923 79.8812 77.1751 79.0569 80.4301 74.6257 56.648 53.8516 50.9215 48.3839 48.3322 47.4236 45.5412 44.3847 42.9418 40.8534 46.0977 44.1475 43.566 40.3113 38.3275 39.2938 36 33.3766 34.4819 
39.3573 28.6007 27.4591 27.5862 26.2488 28.2843 24.0832 26.1725 23.3452 21.9317 23.0217 20.6155 3 10 0 5.3852 2 10.7703 12.2066 8.6023 35.9026 33.9559 33.541 30.5941 35.1283 33.1361 30.1496 33.0151 30.0167 35.0571 30.0666 51.4198 46.5725 47.1275 42.3792 52.811 43.4626 49.2443 50.0899 45.6508 56.5155 54.5711 54.1295 51.1957 55.9017 55.5788 53.6004 50.636 55.3263 50.3587 53.1507 55.0818 50.0899 82.9699 77.6209 72.8011 82 72.2772 81.5843 71.8053 81.0494 61.7171 57.3062 53 60.8358 51.9711 55.9017 51.4782 59.6154 55.0364 91.4002 88.4816 63.1348 89.0225 58.8303 30.4795 84.4038 85.9127 82.801 85.1469 87 80.4301 60.9016 58.3095 55.0727 52.3546 53.2541 52.4309 49.7393 49.0918 48.4149 45.4863 45 43 43.1045 40.3113 38.3275 38 37.3631 33.3766 33 
36.0555 27.7308 26.9258 26.0768 25.0599 26.6271 22.8254 24.4131 21.6333 20.5913 20.5183 18.6011 7.0711 5.3852 5.3852 0 5 5.3852 7.0711 5 31.6228 29.7321 29.1204 26.2488 30.4138 28.4429 25.4951 28.1603 25.1794 30 25 46.0977 41.2311 41.7612 37 47.4342 38.0789 43.8634 44.7214 40.3113 52.2015 50.2892 49.7293 46.8402 51.4198 50.9902 49.0306 46.0977 50.636 45.7056 48.3735 50.2494 45.2769 78.7464 73.3757 68.6222 77.6209 68.0074 77.1298 67.4463 76.4853 58.3095 54.0833 50 57.3062 48.8262 52.4786 48.2597 55.9017 51.4782 90.1388 87.4643 59.9083 87.6584 55.8032 29.1548 83.2166 84.4038 81.5414 83.6002 85.1469 79.0569 60.4152 57.6975 54.626 52 52.3546 51.4782 49.2443 48.3011 47.1699 44.7214 47.2652 45.2769 45.0444 42 40 40.3113 38.3275 35 35.3553 
40.3113 30.2324 29.1548 29.0689 27.8029 29.7321 25.6125 27.5862 24.7588 23.4307 24.2074 21.9317 5 10.198 2 5 0 10.198 11.1803 7.0711 36.4005 34.4819 33.9559 31.0483 35.3553 33.3766 30.4138 33.1361 30.1496 35 30 50.9902 46.0977 46.5725 41.7612 52.2015 42.72 48.4665 49.2443 44.7214 57.0088 55.0818 54.5711 51.6624 56.2939 55.9017 53.9351 50.9902 55.5788 50.636 53.3385 55.2268 50.2494 83.5225 78.1601 73.3757 82.4621 72.8011 82 72.2772 81.3941 62.6498 58.3095 54.0833 61.7171 53 56.8243 52.4786 60.4152 55.9017 93.0054 90.1388 64.1405 90.6035 59.9083 32.0156 86.0233 87.4586 84.4038 86.6833 88.459 82.0061 62.6498 60.0333 56.8243 54.1202 54.9181 54.0833 51.4782 50.774 50 47.1699 47 45 45.0999 42.2966 40.3113 40 39.2938 35.3553 35 
33.3017 27.8927 27.4591 25.632 25 26 22.8035 23.7697 21.1896 20.6155 19.2354 18.0278 12.2066 4 10.7703 5.3852 10.198 0 3 5.8309 27.7308 25.9422 25.0799 22.3607 25.9615 24.0416 21.1896 23.5372 20.6155 25.0799 20.0998 40.7922 35.9026 36.4005 31.6228 42.0595 32.6956 38.4838 39.3573 34.9857 48.1041 46.2385 45.5412 42.72 47.1275 46.5725 44.643 41.7612 46.0977 41.2311 43.7379 45.5412 40.6079 74.6726 69.2892 64.622 73.3757 63.9062 72.8011 63.2456 72.0347 55.2178 51.225 47.4236 54.0833 46.0977 49.4065 45.4533 52.4786 48.2597 89.1852 86.7698 57.0088 86.6083 53.1507 28.7924 82.365 83.2166 80.6226 82.3772 83.6002 78.032 60.407 57.5847 54.7083 52.2015 52 51.0784 49.3356 48.1041 46.5188 44.5982 50.01 48.0521 47.5184 44.2832 42.2966 43.1741 40 37.3363 38.3275 
35.3553 30.8058 30.4138 28.4605 27.8927 28.7924 25.7099 26.5707 24.0416 23.5372 21.9317 20.8806 14.1421 7 12.2066 7.0711 11.1803 3 0 5 29.1548 27.4591 26.4197 23.8537 26.9258 25.0799 22.3607 24.3516 21.5407 25.4951 20.6155 40.3113 35.3553 35.6931 30.8058 41.2311 31.6228 37.3363 38.0789 33.541 49.2443 47.4236 46.6154 43.8634 48.1041 47.4342 45.5412 42.72 46.8402 42.0595 44.3847 46.0977 41.2311 75.7694 70.3847 65.7951 74.3303 65 73.6817 64.2573 72.8011 57.0088 53.1507 49.4975 55.8032 48.1041 51.225 47.4236 54.0833 50 91.7878 89.4427 58.8982 89.1852 55.1725 31.6228 85 85.7555 83.2406 84.9058 86.0233 80.6226 63.2456 60.407 57.5674 55.0818 54.7814 53.8516 52.2015 50.9215 49.2443 47.4342 52.9528 50.9902 50.4876 47.2652 45.2769 46.0977 43 40.3113 41.2311 
39.0512 32.311 31.6228 30.4138 29.5466 30.8869 27.313 28.6531 25.9422 25.0799 24.4131 22.8254 11.1803 8.6023 8.6023 5 7.0711 5.8309 5 0 33.541 31.7648 30.8707 28.178 31.6228 29.7321 26.9258 29.1204 26.2488 30.4138 25.4951 45.2769 40.3113 40.6079 35.6931 46.0977 36.4005 42.0595 42.72 38.0789 53.8516 52 51.264 48.4665 52.811 52.2015 50.2892 47.4342 51.6624 46.8402 49.2443 50.9902 46.0977 80.4114 75.0267 70.3847 79.0569 69.6419 78.4474 68.9493 77.6209 61.0328 57.0088 53.1507 59.9083 51.8556 55.2178 51.225 58.3095 54.0833 94.3398 91.7878 62.8013 91.8096 58.8982 33.541 87.4643 88.4816 85.7555 87.6584 89.0225 83.2166 65 62.2415 59.2368 56.648 56.7979 55.9017 53.8516 52.8015 51.4782 49.2443 52.2398 50.2494 50.04 47 45 45.2769 43.2897 40 40.3113 
10 23.4307 25 20 21.6333 19.2094 21.4709 18.868 19.6977 21.5407 16.7631 19.6469 35.3553 26.2488 35.9026 31.6228 36.4005 27.7308 29.1548 33.541 0 2 2.8284 5.3852 5 5.3852 7.0711 7.2801 8.6023 10 11.1803 25 22.3607 24.1661 22.561 29.1548 25.4951 29.7321 31.6228 30.4138 20.6155 18.6815 18.2483 15.2971 20.0998 20 18 15 20.0998 15.1327 18.4391 20.6155 15.8114 47.1275 41.7612 37 46.0977 36.4005 45.7056 35.9026 45.2769 28.2843 25 22.3607 26.9072 20.5913 22.6716 19.7231 25 21.2132 68.0074 66.7083 30.4795 65.146 27.4591 21.2132 61.8466 61.3514 59.9083 60.407 60.4152 57.0088 45.2769 42.2966 40.7922 39.2938 36.3456 35.3553 36.4005 33.9559 30.4138 31.6228 50.9313 49.4975 47.4236 43.8634 42.4264 46.0977 37.5366 39.0512 43.0116 
10.198 21.9317 23.4307 18.4391 20 17.6918 19.7231 17.2047 17.8885 19.6977 14.8661 17.72 33.3766 24.3516 33.9559 29.7321 34.4819 25.9422 27.4591 31.7648 2 0 2 3.6056 5.3852 5 5.8309 7 7.6158 10.198 10.4403 26.2488 23.3238 25.0599 23.0868 30.2324 25.9615 30.4631 32.311 30.8058 22.561 20.6155 20.2237 17.2627 22.0907 22 20 17 22.0907 17.1172 20.3961 22.561 17.72 49.0408 43.6807 38.8973 48.0521 38.3275 47.676 37.855 47.2652 29.7321 26.2488 23.3238 28.4253 21.6333 24.0416 20.8087 26.6271 22.6716 68.6222 67.1863 31.8277 65.7875 28.6007 19.8494 62.3618 62.0322 60.4401 61.0983 61.2699 57.5674 45.0999 42.107 40.4475 38.833 36.1248 35.1283 35.9026 33.541 30.1496 31.0483 49.5782 48.1041 46.0977 42.5206 41.0366 44.5982 36.2353 37.5366 41.4005 
12.1655 23.3452 24.7588 19.799 21.2603 19.105 20.8087 18.4391 18.868 20.5913 15.6525 18.3848 33.1361 23.7697 33.541 29.1204 33.9559 25.0799 26.4197 30.8707 2.8284 2 0 3 3.6056 3 4.2426 5 5.8309 8.2462 8.544 24.7588 21.6333 23.3238 21.1896 28.6007 24.0416 28.6356 30.4631 28.8617 23.0868 21.1896 20.6155 17.72 22.3607 22.0907 20.0998 17.1172 22 17 20.0998 22.2036 17.2627 49.6488 44.2719 39.5601 48.5077 38.8973 48.0521 38.3275 47.5184 31.1127 27.8029 25.0599 29.7321 23.3238 25.4951 22.4722 27.8029 24.0416 70.5195 69.1231 33.3017 67.6757 30.2324 21.4009 64.2884 63.9062 62.3618 62.9682 63.0714 59.4811 47.0956 44.1022 42.4264 40.7922 38.1182 37.1214 37.855 35.5106 32.1403 32.9848 51.0882 49.5782 47.634 44.0454 42.5206 45.9674 37.8021 38.8973 42.638 
13 21.4009 22.6716 17.8045 19.105 17.2047 18.4391 16.2788 16.4012 18.0278 13.0384 15.6525 30.1496 20.8806 30.5941 26.2488 31.0483 22.3607 23.8537 28.178 5.3852 3.6056 3 0 5.8309 4.2426 3 5.8309 5 9.434 8 26.9072 23.4307 25 22.3607 30.4795 25.0799 30.0167 31.7648 29.7321 25.9615 24.0416 23.5372 20.6155 25.318 25.0799 23.0868 20.0998 25 20 23.0868 25.1794 20.2237 52.4976 47.1275 42.3792 51.4198 41.7612 50.9902 41.2311 50.4876 33.3017 29.7321 26.6271 32.0156 25 27.5862 24.2074 30.2324 26.2488 71.5122 69.9214 35.3553 68.7095 32.0156 19.7231 65.146 65 63.2456 64.0781 64.4127 60.407 47 44 42.107 40.3113 38 37 37.3363 35.1283 32 32.3883 49.2037 47.634 45.8039 42.2019 40.6079 43.8634 36.0555 36.7967 40.3609 
15 26.9072 28.2843 23.3452 24.7588 22.6716 24.2074 21.9317 22.2036 23.8537 18.868 21.4709 35 25.1794 35.1283 30.4138 35.3553 25.9615 26.9258 31.6228 5 5.3852 3.6056 5.8309 0 2 5 2.8284 5.3852 5 7.0711 21.2132 18.0278 19.7231 17.72 25 20.6155 25.0799 26.9258 25.4951 22.3607 20.5913 19.6977 17 21.1896 20.6155 18.6815 15.8114 20.2237 15.2971 18.0278 20 15 48.8467 43.4626 38.9102 47.4342 38.0789 46.8402 37.3363 46.0977 32.0156 29.1548 26.9258 30.4795 25.0799 26.6271 24.1661 28.2843 25 72.8011 71.5891 34.4093 69.9214 31.7648 25 66.7083 66.0984 64.7611 65.146 65 61.8466 50.2494 47.2652 45.7056 44.1475 41.3038 40.3113 41.2311 38.833 35.3553 36.4005 54.6717 53.1507 51.225 47.634 46.0977 49.4975 41.4005 42.4264 46.0977 
15.1327 25.6125 26.9072 22.0227 23.3452 21.4009 22.6716 20.5183 20.6155 22.2036 17.2047 19.7231 33 23.1948 33.1361 28.4429 33.3766 24.0416 25.0799 29.7321 5.3852 5 3 4.2426 2 0 3 2 3.6056 5.3852 5.8309 22.6716 19.2094 20.8087 18.3848 26.2488 21.1896 25.9422 27.7308 25.9615 24.1661 22.3607 21.5407 18.7883 23.0868 22.561 20.6155 17.72 22.2036 17.2627 20.025 22 17 50.6952 45.31 40.7185 49.3356 39.9249 48.7647 39.2173 48.0521 33.3017 30.2324 27.7308 31.8277 25.9422 27.8029 25.0599 29.7321 26.2488 73.3757 72.0347 35.609 70.5195 32.7567 23.8537 67.1863 66.7308 65.2534 65.7875 65.7951 62.3618 50.0899 47.0956 45.3982 43.7379 41.1096 40.1123 40.7922 38.4708 35.1283 35.9026 53.4135 51.8556 50 46.4004 44.8219 48.1041 40.2244 41.0366 44.5982 
15.8114 23.8537 25 20.2485 21.4009 19.7231 20.5183 18.6011 18.3848 19.8494 14.8661 17.2047 30 20.2237 30.1496 25.4951 30.4138 21.1896 22.3607 26.9258 7.0711 5.8309 4.2426 3 5 3 0 3.6056 2 7.0711 5 25 21.2132 22.6716 19.7231 28.2843 22.3607 27.4591 29.1548 26.9258 26.9258 25.0799 24.3516 21.5407 25.9615 25.4951 23.5372 20.6155 25.1794 20.2237 23.0217 25 20 53.4883 48.1041 43.4626 52.2015 42.72 51.6624 42.0595 50.9902 35.3553 32.0156 29.1548 33.9706 27.4591 29.7321 26.6271 32.0156 28.2843 74.3303 72.8011 37.5366 71.5122 34.4093 22.3607 68.0074 67.7791 66.0984 66.8506 67.082 63.2456 50 47 45.0999 43.2897 41 40 40.3113 38.1182 35 35.3553 51.614 50 48.2597 44.6542 43.0116 46.0977 38.5876 39.0512 42.4264 
17.1172 27.2029 28.4253 23.6008 24.8395 23.0217 24.0416 22.0227 21.9317 23.4307 18.4391 20.8087 33.0606 23.0217 33.0151 28.1603 33.1361 23.5372 24.3516 29.1204 7.2801 7 5 5.8309 2.8284 2 3.6056 0 3 3.6056 4.2426 21.4009 17.6918 19.2094 16.5529 24.7588 19.3132 24.1868 25.9422 24.0416 25.0599 23.3238 22.3607 19.7231 23.7697 23.0868 21.1896 18.3848 22.561 17.72 20.2237 22.0907 17.1172 51.4782 46.0977 41.5933 49.98 40.7185 49.3356 39.9249 48.5077 34.8281 31.9061 29.5466 33.3017 27.7308 29.4109 26.8328 31.1127 27.8029 75.2861 73.9797 37.2022 72.4224 34.4819 25.5539 69.1231 68.6222 67.1863 67.6757 67.624 64.2884 52.0865 49.0918 47.3814 45.7056 43.1045 42.107 42.7551 40.4475 37.1214 37.855 55 53.4135 51.614 48.0104 46.4004 49.5782 41.8808 42.5206 45.9674 
17.72 25.5539 26.6271 21.9545 23.0217 21.4709 22.0227 20.2485 19.8494 21.2132 16.2788 18.4391 30.0666 20.025 30.0167 25.1794 30.1496 20.6155 21.5407 26.2488 8.6023 7.6158 5.8309 5 5.3852 3.6056 2 3 0 5.8309 3 23.8537 19.8494 21.2132 18.0278 26.9072 20.5913 25.807 27.4591 25.0799 27.7308 25.9422 25.0799 22.3607 26.5707 25.9615 24.0416 21.1896 25.4951 20.6155 23.1948 25.0799 20.0998 54.231 48.8467 44.2832 52.811 43.4626 52.2015 42.72 51.4198 36.7967 33.6006 30.8869 35.3553 29.1548 31.241 28.3019 33.3017 29.7321 76.2168 74.7262 39.0512 73.3894 36.0555 24.1661 69.9214 69.6419 68.0074 68.7095 68.8767 65.146 52 49 47.0956 45.2769 43 42 42.2966 40.1123 37 37.3363 53.2541 51.614 49.93 46.3249 44.6542 47.634 40.3113 40.6079 43.8634 
20 30.8058 32.0156 27.2029 28.4253 26.6271 27.5862 25.6125 25.4558 26.9072 21.9317 24.2074 35.3553 25.0799 35.0571 30 35 25.0799 25.4951 30.4138 10 10.198 8.2462 9.434 5 5.3852 7.0711 3.6056 5.8309 0 5 18.0278 14.1421 15.6205 13 21.2132 15.8114 20.5913 22.3607 20.6155 25 23.4307 22.2036 19.8494 23.3238 22.3607 20.5913 18.0278 21.5407 17 18.9737 20.6155 15.8114 51 45.6508 41.3401 49.2443 40.3113 48.4665 39.3573 47.4342 36.0555 33.541 31.6228 34.4093 29.7321 30.8869 28.7924 32.0156 29.1548 77.6209 76.4853 38.5876 74.7262 36.2491 29.1548 71.5891 70.8802 69.6348 69.9214 69.6419 66.7083 55.2268 52.2398 50.636 49.0306 46.2709 45.2769 46.0977 43.7379 40.3113 41.2311 58.6003 57.0088 55.2178 51.614 50 53.1507 45.4863 46.0977 49.4975 
20.6155 28.178 29.1548 24.5967 25.5539 24.1661 24.4131 22.8254 22.2036 23.4307 18.6011 20.5183 30.4138 20.0998 30.0666 25 30 20.0998 20.6155 25.4951 11.1803 10.4403 8.544 8 7.0711 5.8309 5 4.2426 3 5 0 22.3607 18.0278 19.2094 15.6205 25 18.0278 23.4307 25 22.3607 29.1548 27.4591 26.4197 23.8537 27.7308 26.9258 25.0799 22.3607 26.2488 21.5407 23.7697 25.4951 20.6155 55.4617 50.0899 45.6508 53.8516 44.7214 53.1413 43.8634 52.2015 39.0512 36.0555 33.541 37.5366 31.7648 33.6006 30.8869 35.3553 32.0156 79.0569 77.6209 41.4005 76.2168 38.5876 26.9258 72.8011 72.45 70.8802 71.5122 71.5891 68.0074 55 52 50.0899 48.2597 46 45 45.2769 43.1045 40 40.3113 55.7584 54.0833 52.4786 48.8774 47.1699 50 42.9418 43.0116 46.0977 
33.541 48.1041 49.4975 44.5533 45.9674 43.8634 45.3431 43.1393 43.2782 44.8219 39.8246 42.2019 52.2015 41.7612 51.4198 46.0977 50.9902 40.7922 40.3113 45.2769 25 26.2488 24.7588 26.9072 21.2132 22.6716 25 21.4009 23.8537 18.0278 22.3607 0 5 5.3852 10.198 5 11.1803 9.434 11.1803 14.1421 25.4951 25.1794 23.1948 23 22.561 20.6155 20.2237 20 18.6815 18 16.2788 15.8114 15 45.3431 40.6079 37.7359 42.4264 36.0555 41.0366 34.4093 39.0512 40.3113 40 40.3113 38.3275 38.3275 37 37.3363 35.3553 35 85.1469 85 43.2897 82.1523 43 46.0977 80 78.1601 78 77.1622 75.6637 75 68.0074 65.146 64.2573 63.1585 59.4643 58.5235 60.4152 57.7754 53.8516 55.9017 75.8222 74.3303 72.3464 68.7677 67.2681 70.7107 62.482 63.6396 67.2681 
31.6228 44.8219 46.0977 41.2311 42.5206 40.6079 41.7253 39.6989 39.598 41.0366 36.0694 38.2884 47.4342 37 46.5725 41.2311 46.0977 35.9026 35.3553 40.3113 22.3607 23.3238 21.6333 23.4307 18.0278 19.2094 21.2132 17.6918 19.8494 14.1421 18.0278 5 0 2 5.3852 7.0711 7.0711 8 10 11.1803 26.9258 26.2488 24.3516 23.5372 24.1661 22.3607 21.5407 20.6155 20.5913 18.6815 17.8885 18.0278 15.8114 48.7955 43.8634 40.6079 46.0977 39.0512 44.8219 37.5366 43.0116 41.2311 40.3113 40 39.2938 38 37.3363 37 36.4005 35.3553 85.5862 85.1469 44.1475 82.6075 43.2897 43.0116 80.1561 78.6384 78.1601 77.6466 76.4853 75.1665 66.7083 63.7887 62.6418 61.3514 57.9741 57.0088 58.5235 55.9732 52.2015 53.8516 72.6223 71.0634 69.2026 65.6049 64.0312 67.2681 59.4054 60.208 63.6396 
33.5261 46.4004 47.634 42.8019 44.0454 42.2019 43.1856 41.2311 41.0366 42.4264 37.4833 39.6232 48.1041 37.6962 47.1275 41.7612 46.5725 36.4005 35.6931 40.6079 24.1661 25.0599 23.3238 25 19.7231 20.8087 22.6716 19.2094 21.2132 15.6205 19.2094 5.3852 2 0 5 5.8309 5.8309 6 8 9.434 28.7924 28.1603 26.2488 25.4951 26 24.1661 23.4094 22.561 22.3607 20.6155 19.6977 19.7231 17.72 50.2096 45.3431 42.2019 47.4236 40.6079 46.0977 39.0512 44.2041 43.1741 42.2966 42 41.2311 40 39.3192 39 38.3275 37.3363 87.5728 87.1436 46.0977 84.5931 45.2769 44.6542 82.1523 80.6226 80.1561 79.6304 78.4474 77.1622 68.6586 65.7343 64.56 63.2456 59.9083 58.9406 60.407 57.8705 54.1202 55.7136 74.2024 72.6223 70.8025 67.2012 65.6049 68.7677 61.0328 61.7171 65.0692 
32.3883 43.566 44.6542 39.9625 41.0488 39.4462 40 38.2753 37.8021 39.0512 34.2053 36.1248 43.4626 33.1059 42.3792 37 41.7612 31.6228 30.8058 35.6931 22.561 23.0868 21.1896 22.3607 17.72 18.3848 19.7231 16.5529 18.0278 13 15.6205 10.198 5.3852 5 0 10.4403 3 7.8102 9.434 8 30.8869 29.9666 28.178 26.9258 28.3019 26.6271 25.5539 24.1661 25 22.3607 22.2036 22.6716 19.7231 53.8145 48.7955 45.3431 51.225 43.8634 50 42.4264 48.2597 44.5982 43.1741 42.2966 42.72 40.3113 40.2616 39.3192 39.9249 38.3275 88.2836 87.5728 47.4342 85.3288 46.0977 42.0595 82.6075 81.3941 80.6226 80.4114 79.555 77.6466 67.7422 64.7765 63.3482 61.8466 58.8558 57.8705 58.9406 56.5155 52.9528 54.1202 71.2811 69.6348 67.9559 64.3506 62.6817 65.6049 58.3095 58.6003 61.7171 
38.0789 51.8556 53.1507 48.2701 49.5782 47.634 48.7955 46.7547 46.669 48.1041 43.1393 45.3431 53.8516 43.4626 52.811 47.4342 52.2015 42.0595 41.2311 46.0977 29.1548 30.2324 28.6007 30.4795 25 26.2488 28.2843 24.7588 26.9072 21.2132 25 5 7.0711 5.8309 10.4403 0 10 5.8309 7.0711 11.1803 30.4138 30.1496 28.1603 28 27.4591 25.4951 25.1794 25 23.5372 23 21.2132 20.6155 20 49.2037 44.6542 42.0595 46.0977 40.3113 44.5982 38.5876 42.4264 45.2769 45 45.2769 43.2897 43.2897 42 42.2966 40.3113 40 90.1388 90 48.2597 87.1436 48 50 85 83.1505 83 82.1523 80.6226 80 72.8011 69.9214 68.9493 67.7791 64.195 63.2456 65 62.3939 58.5235 60.4152 79.6492 78.1025 76.2168 72.6223 71.0634 74.3303 66.4003 67.2681 70.7107 
35.3553 46.1411 47.1699 42.5441 43.566 42.0595 42.4382 40.8167 40.2244 41.4005 36.6197 38.4187 44.7214 34.4819 43.4626 38.0789 42.72 32.6956 31.6228 36.4005 25.4951 25.9615 24.0416 25.0799 20.6155 21.1896 22.3607 19.3132 20.5913 15.8114 18.0278 11.1803 7.0711 5.8309 3 10 0 5.8309 7.0711 5 33.541 32.6956 30.8707 29.7321 30.8869 29.1548 28.178 26.9258 27.4591 25.0799 24.6982 25 22.3607 55.8659 50.9313 47.634 53.1507 46.0977 51.8556 44.5982 50 47.4342 46.0977 45.2769 45.5412 43.2897 43.1741 42.2966 42.72 41.2311 91.2414 90.5539 50.2892 88.2836 49.0306 44.7214 85.5862 84.3445 83.6002 83.3607 82.4621 80.6226 70.7107 67.7422 66.2873 64.7611 61.8142 60.8276 61.8466 59.439 55.9017 57.0088 73.7835 72.111 70.4911 66.888 65.192 68.0074 60.9016 61.0328 64.0312 
39.2938 51.3128 52.4309 47.7074 48.8262 47.1699 47.8017 46.0435 45.607 46.8615 42.0119 43.9318 50.5371 40.3113 49.2443 43.8634 48.4665 38.4838 37.3363 42.0595 29.7321 30.4631 28.6356 30.0167 25.0799 25.9422 27.4591 24.1868 25.807 20.5913 23.4307 9.434 8 6 7.8102 5.8309 5.8309 0 2 5.3852 34.4819 33.9559 32.0156 31.4006 31.6228 29.7321 29.1204 28.4429 27.8568 26.4764 25.2982 25.0799 23.5372 54.6717 50 47.1699 51.6624 45.4863 50.2096 43.8292 48.1041 49.0306 48.2597 48 47.0744 46 45.2769 45 44.1475 43.2897 93.5361 93.1343 51.9711 90.5539 51.2445 49.7393 88.1419 86.5794 86.1452 85.5862 84.3445 83.1505 74.5252 71.5891 70.342 68.9638 65.7343 64.7611 66.0984 63.6003 59.9083 61.3514 79.0569 77.4209 75.7166 72.111 70.4557 73.4098 66.0379 66.4003 69.527 
41.2311 53 54.0833 49.3964 50.4777 48.8774 49.4065 47.7074 47.2017 48.4149 43.6005 45.4533 51.4782 41.3401 50.0899 44.7214 49.2443 39.3573 38.0789 42.72 31.6228 32.311 30.4631 31.7648 26.9258 27.7308 29.1548 25.9422 27.4591 22.3607 25 11.1803 10 8 9.434 7.0711 7.0711 2 0 5 36.4005 35.9026 33.9559 33.3766 33.5261 31.6228 31.0483 30.4138 29.7321 28.4429 27.2029 26.9258 25.4951 56.2228 51.614 48.8774 53.1507 47.1699 51.6624 45.4863 49.4975 50.9902 50.2494 50 49.0306 48 47.2652 47 46.0977 45.2769 95.5249 95.1315 53.9351 92.5419 53.2353 51.4782 90.1388 88.5664 88.1419 87.5728 86.3134 85.1469 76.4853 73.5459 72.2772 70.8802 67.6831 66.7083 68.0074 65.521 61.8466 63.2456 80.7094 79.0569 77.3886 73.7835 72.111 75 67.7422 68.0074 71.0634 
40.3113 50.5371 51.4782 46.9574 47.8853 46.5188 46.6476 45.1774 44.4185 45.4863 40.8167 42.4382 47.1699 37.2022 45.6508 40.3113 44.7214 34.9857 33.541 38.0789 30.4138 30.8058 28.8617 29.7321 25.4951 25.9615 26.9258 24.0416 25.0799 20.6155 22.3607 14.1421 11.1803 9.434 8 11.1803 5 5.3852 5 0 38.0789 37.3363 35.4683 34.4819 35.3412 33.541 32.6956 31.6228 31.7648 29.7321 29.0689 29.1548 26.9258 59.4643 54.6717 51.614 56.5685 50 55.1725 48.4149 53.1507 52.2015 50.9902 50.2494 50.2892 48.2597 48.0521 47.2652 47.4342 46.0977 96.1769 95.5249 55.0818 93.2148 53.9351 49.2443 90.5539 89.2693 88.5664 88.2836 87.3212 85.5862 75.6637 72.6911 71.1969 69.6348 66.7533 65.7647 66.7083 64.3273 60.8276 61.8466 78.032 76.3217 74.793 71.1969 69.4622 72.111 65.2993 65.192 68.0074 
20.6155 39.2938 41.2311 36.6742 38.6394 35.6931 39.3192 36.3456 38.1182 40.1123 36 39 55.9017 46.8402 56.5155 52.2015 57.0088 48.1041 49.2443 53.8516 20.6155 22.561 23.0868 25.9615 22.3607 24.1661 26.9258 25.0599 27.7308 25 29.1548 25.4951 26.9258 28.7924 30.8869 30.4138 33.541 34.4819 36.4005 38.0789 0 2 2.8284 5.3852 3 5 5.3852 7.0711 7 8.6023 9.2195 10 11.1803 26.5707 21.1896 16.5529 25.4951 15.8114 25.1794 15.2971 25 15 15.8114 18.0278 13 16.4012 13 15.6205 10 11.1803 60 60.208 18 57 18.6815 36.4005 55.2268 53 53.2353 52 50.2494 50.2494 47.1699 44.6542 44.8219 44.5982 39.8246 39.0512 42.4264 39.598 35.3553 39.0512 63.6318 62.6498 60.0333 56.8243 55.9017 60.4152 50.5371 53.8516 58.5235 
18.6815 37.3631 39.2938 34.7131 36.6742 33.7343 37.3363 34.3657 36.1248 38.1182 34 37 53.9351 44.9222 54.5711 50.2892 55.0818 46.2385 47.4236 52 18.6815 20.6155 21.1896 24.0416 20.5913 22.3607 25.0799 23.3238 25.9422 23.4307 27.4591 25.1794 26.2488 28.1603 29.9666 30.1496 32.6956 33.9559 35.9026 37.3363 2 0 2 3.6056 3.6056 5.3852 5 5.8309 7.2801 7.6158 9 10.198 10.4403 28.4605 23.0868 18.3848 27.4591 17.72 27.1662 17.2627 27 15.1327 15.2971 17 13.1529 15.2643 12.3693 14.4222 10.198 10.4403 60.0333 60.075 18.1108 57.0351 18.2483 34.4819 55.0818 53.0377 53.0848 52.0384 50.4876 50.0899 46.1411 43.566 43.6005 43.2782 38.6005 37.8021 41.0366 38.2099 33.9706 37.5366 61.9112 60.9016 58.3095 55.0727 54.1202 58.6003 48.7647 52 56.648 
19.3132 37.9473 39.8497 35.171 37.108 34.2053 37.6563 34.7131 36.3456 38.3275 34.0588 37.054 53.6004 44.3847 54.1295 49.7293 54.5711 45.5412 46.6154 51.264 18.2483 20.2237 20.6155 23.5372 19.6977 21.5407 24.3516 22.3607 25.0799 22.2036 26.4197 23.1948 24.3516 26.2488 28.178 28.1603 30.8707 32.0156 33.9559 35.4683 2.8284 2 0 3 2.2361 3.6056 3 4.2426 5.3852 5.8309 7 8.2462 8.544 29.1548 23.7697 19.2354 27.8927 18.3848 27.4591 17.72 27.074 17.1172 17.2627 18.7883 15.1327 17 14.3178 16.1245 12.1655 12.3693 62.0322 62.0725 20.0998 59.0339 20.2237 35.1141 57.0789 55.0364 55.0818 54.037 52.469 52.0865 47.8853 45.2769 45.2217 44.8219 40.2244 39.4081 42.5206 39.6989 35.4683 38.8973 62.9682 61.9112 59.3633 56.0803 55.0727 59.4811 49.7393 52.8015 57.3847 
16.5529 35.1141 37 32.28 34.2053 31.3209 34.7131 31.7805 33.3766 35.3553 31.0644 34.0588 50.636 41.4849 51.1957 46.8402 51.6624 42.72 43.8634 48.4665 15.2971 17.2627 17.72 20.6155 17 18.7883 21.5407 19.7231 22.3607 19.8494 23.8537 23 23.5372 25.4951 26.9258 28 29.7321 31.4006 33.3766 34.4819 5.3852 3.6056 3 0 5.099 5.8309 4.2426 3 7.0711 5 7.6158 9.434 8 31.9531 26.5707 21.9317 30.8058 21.1896 30.4138 20.6155 30.0666 17.72 17 17.72 15.8114 15.8114 14 14.8661 13 12 62.2013 62 20.6155 59.2115 20 32.311 57 55.2268 55 54.231 52.9528 52 46.5188 43.8292 43.566 43.0116 38.5876 37.7359 40.6079 37.8021 33.6006 36.7967 60.4649 59.3633 56.8595 53.535 52.4786 56.8243 47.1699 50.0899 54.626 
21.5407 40.1622 42.0595 37.3631 39.2938 36.4005 39.8121 36.8782 38.4708 40.4475 36.1248 39.1152 55.4437 46.0977 55.9017 51.4198 56.2939 47.1275 48.1041 52.811 20.0998 22.0907 22.3607 25.318 21.1896 23.0868 25.9615 23.7697 26.5707 23.3238 27.7308 22.561 24.1661 26 28.3019 27.4591 30.8869 31.6228 33.5261 35.3412 3 3.6056 2.2361 5.099 0 2 2.8284 5.3852 4 6.4031 6.3246 7 8.6023 27.7308 22.3607 18.0278 26.2488 17 25.7099 16.1555 25.1794 18 18.6815 20.5913 16 18.868 15.8114 18.0278 13 13.9284 63 63.1981 21 60 21.587 37.3363 58.2151 56 56.2228 55 53.2353 53.2353 49.7393 47.1699 47.2017 46.8615 42.2019 41.4005 44.5982 41.7732 37.5366 41.0366 65.192 64.1405 61.5873 58.3095 57.3062 61.7171 51.9711 55.0364 59.6154 
22.3607 40.8534 42.72 37.9473 39.8497 37 40.2616 37.3631 38.833 40.7922 36.3456 39.3192 55.2268 45.7056 55.5788 50.9902 55.9017 46.5725 47.4342 52.2015 20 22 22.0907 25.0799 20.6155 22.561 25.4951 23.0868 25.9615 22.3607 26.9258 20.6155 22.3607 24.1661 26.6271 25.4951 29.1548 29.7321 31.6228 33.541 5 5.3852 3.6056 5.8309 2 0 2 5 2 5.3852 4.4721 5 7.0711 28.6531 23.3238 19.2094 26.9258 18.0278 26.2488 17 25.4951 20 20.6155 22.3607 18 20.5913 17.72 19.7231 15 15.8114 65 65.192 23 62 23.5372 38.0789 60.208 58 58.2151 57 55.2268 55.2268 51.4782 48.8774 48.8262 48.4149 43.8292 43.0116 46.0977 43.2782 39.0512 42.4264 66.2873 65.192 62.6817 59.3633 58.3095 62.6498 53 55.9017 60.4152 
20.5913 39 40.8534 36.0555 37.9473 35.1141 38.3275 35.4401 36.8782 38.833 34.3657 37.3363 53.2353 43.7379 53.6004 49.0306 53.9351 44.643 45.5412 50.2892 18 20 20.0998 23.0868 18.6815 20.6155 23.5372 21.1896 24.0416 20.5913 25.0799 20.2237 21.5407 23.4094 25.5539 25.1794 28.178 29.1204 31.0483 32.6956 5.3852 5 3 4.2426 2.8284 2 0 3 2.8284 3.6056 4 5.3852 5.8309 30.4138 25.0599 20.8087 28.7924 19.7231 28.1603 18.7883 27.4591 20.0998 20.2237 21.5407 18.1108 19.6977 17.2627 18.7883 15.1327 15.2971 65.0308 65.0692 23.0868 62.0322 23.1948 36.2491 60.075 58.0345 58.0775 57.0351 55.4437 55.0818 50.5371 47.8853 47.7074 47.2017 42.72 41.8808 44.8219 42.0119 37.8021 41.0366 64.6375 63.5138 61.0328 57.6888 56.6039 60.9016 51.3128 54.1202 58.6003 
18.0278 36.2491 38.0789 33.2415 35.1141 32.311 35.4401 32.573 33.9559 35.9026 31.4006 34.3657 50.2494 40.7922 50.636 46.0977 50.9902 41.7612 42.72 47.4342 15 17 17.1172 20.0998 15.8114 17.72 20.6155 18.3848 21.1896 18.0278 22.3607 20 20.6155 22.561 24.1661 25 26.9258 28.4429 30.4138 31.6228 7.0711 5.8309 4.2426 3 5.3852 5 3 0 5.3852 2 5 7.0711 5 33.1059 27.7308 23.3238 31.6228 22.3607 31.0483 21.5407 30.4138 20.6155 20 20.6155 18.6815 18.6815 17 17.72 15.8114 15 65.192 65 23.5372 62.2013 23 33.541 60 58.2151 58 57.2189 55.9017 55 49.2443 46.5188 46.1411 45.4863 41.1825 40.3113 43.0116 40.2244 36.0555 39.0512 62.2013 61.0328 58.6003 55.2178 54.0833 58.3095 48.8262 51.4782 55.9017 
23.3238 41.6293 43.4626 38.6264 40.4969 37.6962 40.8044 37.9473 39.2938 41.2311 36.6742 39.6232 55.0818 45.3982 55.3263 50.636 55.5788 46.0977 46.8402 51.6624 20.0998 22.0907 22 25 20.2237 22.2036 25.1794 22.561 25.4951 21.5407 26.2488 18.6815 20.5913 22.3607 25 23.5372 27.4591 27.8568 29.7321 31.7648 7 7.2801 5.3852 7.0711 4 2 2.8284 5.3852 0 5 2.8284 3 5.8309 29.6816 24.4131 20.5183 27.7308 19.2094 26.9258 18.0278 25.9615 22 22.561 24.1661 20 22.3607 19.6469 21.4709 17 17.72 67 67.1863 25 64 25.4951 38.9102 62.2013 60 60.208 59 57.2189 57.2189 53.2353 50.6063 50.4777 50 45.4863 44.6542 47.634 44.8219 40.6079 43.8634 67.424 66.2873 63.8201 60.4649 59.3633 63.6318 54.0833 56.8243 61.2699 
19.2094 37.1214 38.9102 34.0147 35.8469 33.1059 36.0555 33.2415 34.4819 36.4005 31.7805 34.7131 50.0899 40.4475 50.3587 45.7056 50.636 41.2311 42.0595 46.8402 15.1327 17.1172 17 20 15.2971 17.2627 20.2237 17.72 20.6155 17 21.5407 18 18.6815 20.6155 22.3607 23 25.0799 26.4764 28.4429 29.7321 8.6023 7.6158 5.8309 5 6.4031 5.3852 3.6056 2 5 0 3.6056 5.8309 3 34 28.6531 24.4131 32.311 23.3238 31.6228 22.3607 30.8058 22.561 22 22.561 20.6155 20.6155 19 19.6469 17.72 17 67.1863 67 25.4951 64.195 25 34.4819 62 60.208 60 59.2115 57.8705 57 51.0784 48.3322 47.8853 47.1699 42.9418 42.0595 44.6542 41.8808 37.7359 40.6079 63.4114 62.2013 59.8164 56.4004 55.2178 59.3633 50 52.4786 56.8243 
22.8035 40.7063 42.4853 37.5766 39.3954 36.6742 39.5601 36.7696 37.9473 39.8497 35.171 38.0789 53.0094 43.1856 53.1507 48.3735 53.3385 43.7379 44.3847 49.2443 18.4391 20.3961 20.0998 23.0868 18.0278 20.025 23.0217 20.2237 23.1948 18.9737 23.7697 16.2788 17.8885 19.6977 22.2036 21.2132 24.6982 25.2982 27.2029 29.0689 9.2195 9 7 7.6158 6.3246 4.4721 4 5 2.8284 3.6056 0 2.2361 3.1623 32.45 27.2029 23.3452 30.4138 22.0227 29.5466 20.8087 28.4605 24.0832 24.1868 25.2982 22.0907 23.4094 21.2132 22.4722 19.105 19.2354 69.029 69.0652 27.074 66.0303 27.1662 38.0789 64.0703 62.0322 62.0725 61.0328 59.4138 59.0762 54.1295 51.4296 51.1077 50.4777 46.1411 45.2769 48.0104 45.2217 41.0488 44.0454 67.0075 65.8027 63.4114 60 58.8218 62.9682 53.6004 56.0803 60.4152 
25 42.9418 44.7214 39.8121 41.6293 38.9102 41.7852 39 40.1622 42.0595 37.3631 40.2616 55 45.0999 55.0818 50.2494 55.2268 45.5412 46.0977 50.9902 20.6155 22.561 22.2036 25.1794 20 22 25 22.0907 25.0799 20.6155 25.4951 15.8114 18.0278 19.7231 22.6716 20.6155 25 25.0799 26.9258 29.1548 10 10.198 8.2462 9.434 7 5 5.3852 7.0711 3 5.8309 2.2361 0 5 31.4006 26.2488 22.6716 29.1548 21.2132 28.178 19.8494 26.9258 25 25.4951 26.9258 23 25.0799 22.561 24.1661 20 20.6155 70 70.1783 28 67 28.4429 40.3113 65.192 63 63.1981 62 60.208 60.208 55.9017 53.2353 53 52.4309 48.0208 47.1699 50 47.2017 43.0116 46.0977 69.2026 68.0074 65.6049 62.2013 61.0328 65.192 55.8032 58.3095 62.6498 
21.2132 38.5876 40.3113 35.3553 37.1214 34.4819 37.1618 34.4384 35.4683 37.3363 32.573 35.4401 50 40.1123 50.0899 45.2769 50.2494 40.6079 41.2311 46.0977 15.8114 17.72 17.2627 20.2237 15 17 20 17.1172 20.0998 15.8114 20.6155 15 15.8114 17.72 19.7231 20 22.3607 23.5372 25.4951 26.9258 11.1803 10.4403 8.544 8 8.6023 7.0711 5.8309 5 5.8309 3 3.1623 5 0 35.5106 30.2324 26.2488 33.541 25 32.6956 23.8537 31.6228 25.4951 25 25.4951 23.5372 23.5372 22 22.561 20.6155 20 70.1783 70 28.4429 67.1863 28 36.0555 65 63.1981 63 62.2013 60.8276 60 53.8516 51.0784 50.5371 49.7393 45.618 44.7214 47.1699 44.4185 40.3113 43.0116 65.2993 64.0312 61.7171 58.258 57.0088 61.0328 51.8556 54.0833 58.3095 
45.1774 63.0079 65.0077 61.0328 63.0317 60.0333 64.1249 61.131 63.2851 65.2763 61.6604 64.6297 82.2253 73.3757 82.9699 78.7464 83.5225 74.6726 75.7694 80.4114 47.1275 49.0408 49.6488 52.4976 48.8467 50.6952 53.4883 51.4782 54.231 51 55.4617 45.3431 48.7955 50.2096 53.8145 49.2037 55.8659 54.6717 56.2228 59.4643 26.5707 28.4605 29.1548 31.9531 27.7308 28.6531 30.4138 33.1059 29.6816 34 32.45 31.4006 35.5106 0 5.3852 10.198 4 10.7703 6 11.6619 9 25.7099 30.5941 35.5106 25.318 35.2278 30.1496 35.1283 25.02 30.0167 56.7979 59.1692 26.5707 54.1202 31.3209 60.0083 54.9181 50.6063 53.2541 49.7393 45.618 50.8035 58.8303 57.3062 59.0339 60.0083 54.626 54.231 58.8727 56.3028 52.4976 57.28 83.2406 82.7103 79.8123 77.1298 76.6877 81.5843 71.3863 75.8024 80.7527 
40.05 58.0775 60.075 56 58 55 59.0339 56.0357 58.1378 60.1332 56.4358 59.4138 76.9025 68.0074 77.6209 73.3757 78.1601 69.2892 70.3847 75.0267 41.7612 43.6807 44.2719 47.1275 43.4626 45.31 48.1041 46.0977 48.8467 45.6508 50.0899 40.6079 43.8634 45.3431 48.7955 44.6542 50.9313 50 51.614 54.6717 21.1896 23.0868 23.7697 26.5707 22.3607 23.3238 25.0599 27.7308 24.4131 28.6531 27.2029 26.2488 30.2324 5.3852 0 5 5.3852 5.3852 6.4031 6.4031 8.6023 21.5407 26.2488 31.0483 20.8806 30.5941 25.4951 30.4138 20.2237 25.1794 56.648 58.6003 22.8254 53.8516 27.313 55.0818 54.1202 50.1597 52.3546 49.2443 45.5412 49.7393 55.8032 54.0833 55.5698 56.356 51 50.5371 55.0364 52.3927 48.4665 53.1413 79.0569 78.4474 75.5844 72.8011 72.2772 77.1298 66.9403 71.1969 76.1183 
35.0571 53.0848 55.0818 51 53 50 54.037 51.0392 53.1507 55.1453 51.4782 54.4518 72.0347 63.2456 72.8011 68.6222 73.3757 64.622 65.7951 70.3847 37 38.8973 39.5601 42.3792 38.9102 40.7185 43.4626 41.5933 44.2832 41.3401 45.6508 37.7359 40.6079 42.2019 45.3431 42.0595 47.634 47.1699 48.8774 51.614 16.5529 18.3848 19.2354 21.9317 18.0278 19.2094 20.8087 23.3238 20.5183 24.4131 23.3452 22.6716 26.2488 10.198 5 0 10.198 2 10.7703 4 12.2066 17 21.5407 26.2488 16.1555 25.7099 20.6155 25.4951 15.2971 20.2237 55.0818 56.648 18.6011 52.2015 22.8254 50.0899 52 48.3839 50.1597 47.4342 44.1475 47.4236 51.8556 50 51.3128 51.9711 46.6476 46.1411 50.5371 47.8539 43.8634 48.4665 74.3303 73.6817 70.8378 68.0074 67.4463 72.2772 62.0967 66.2873 71.1969 
45 63.1981 65.192 61.0328 63.0317 60.0333 64 61 63.0317 65.0308 61.2046 64.195 81.3941 72.2772 82 77.6209 82.4621 73.3757 74.3303 79.0569 46.0977 48.0521 48.5077 51.4198 47.4342 49.3356 52.2015 49.98 52.811 49.2443 53.8516 42.4264 46.0977 47.4236 51.225 46.0977 53.1507 51.6624 53.1507 56.5685 25.4951 27.4591 27.8927 30.8058 26.2488 26.9258 28.7924 31.6228 27.7308 32.311 30.4138 29.1548 33.541 4 5.3852 10.198 0 10 2 10.198 5 26.9258 31.6228 36.4005 26.2488 35.9026 30.8058 35.6931 25.4951 30.4138 60.4152 62.6498 28.178 57.6975 32.6956 60.208 58.3095 54.1202 56.6039 53.2353 49.2443 54.0833 61.0328 59.3633 60.9016 61.7171 56.356 55.9017 60.4152 57.7754 53.8516 58.5235 84.4334 83.8153 80.9568 78.1601 77.6209 82.4621 72.2772 76.4853 81.3941 
35 53.2353 55.2268 51.0392 53.0377 50.04 54 51 53.0377 55.0364 51.2445 54.231 71.5891 62.6418 72.2772 68.0074 72.8011 63.9062 65 69.6419 36.4005 38.3275 38.8973 41.7612 38.0789 39.9249 42.72 40.7185 43.4626 40.3113 44.7214 36.0555 39.0512 40.6079 43.8634 40.3113 46.0977 45.4863 47.1699 50 15.8114 17.72 18.3848 21.1896 17 18.0278 19.7231 22.3607 19.2094 23.3238 22.0227 21.2132 25 10.7703 5.3852 2 10 0 10.198 2 11.1803 18.0278 22.3607 26.9258 17 26.2488 21.1896 25.9615 15.8114 20.6155 57.0088 58.5235 19.8494 54.1202 23.8537 50.2494 53.8516 50.2892 52 49.3356 46.0977 49.2443 53.1507 51.225 52.4309 53 47.7074 47.1699 51.4782 48.7647 44.7214 49.2443 75.0267 74.3303 71.5122 68.6222 68.0074 72.8011 62.6418 66.7083 71.5891 
45.0444 63.3877 65.3758 61.131 63.1269 60.1332 64.0312 61.0328 63 65 61.0737 64.0703 81.0494 71.8053 81.5843 77.1298 82 72.8011 73.6817 78.4474 45.7056 47.676 48.0521 50.9902 46.8402 48.7647 51.6624 49.3356 52.2015 48.4665 53.1413 41.0366 44.8219 46.0977 50 44.5982 51.8556 50.2096 51.6624 55.1725 25.1794 27.1662 27.4591 30.4138 25.7099 26.2488 28.1603 31.0483 26.9258 31.6228 29.5466 28.178 32.6956 6 6.4031 10.7703 2 10.198 0 10 3 27.7308 32.311 37 26.9258 36.4005 31.3209 36.1386 25.9615 30.8058 62.2415 64.4127 29.1548 59.5063 33.541 60.407 60.0333 55.9017 58.3095 55.0091 51.0784 55.7584 62.2013 60.4649 61.9112 62.6498 57.3062 56.8243 61.2699 58.6003 54.626 59.2368 85.0941 84.4334 81.5966 78.7464 78.1601 82.9699 72.8011 76.9025 81.7863 
35.0571 53.4603 55.4437 51.1566 53.1507 50.1597 54.037 51.0392 53 55 51.0882 54.0833 71.1969 62.0967 71.8053 67.4463 72.2772 63.2456 64.2573 68.9493 35.9026 37.855 38.3275 41.2311 37.3363 39.2173 42.0595 39.9249 42.72 39.3573 43.8634 34.4093 37.5366 39.0512 42.4264 38.5876 44.5982 43.8292 45.4863 48.4149 15.2971 17.2627 17.72 20.6155 16.1555 17 18.7883 21.5407 18.0278 22.3607 20.8087 19.8494 23.8537 11.6619 6.4031 4 10.198 2 10 0 10.4403 19.2094 23.3238 27.7308 18.0278 26.9258 21.9317 26.5707 16.5529 21.1896 58.9406 60.407 21.2132 56.0446 25 50.4876 55.7136 52.2015 53.8516 51.2445 48.0521 51.0784 54.4885 52.4976 53.6004 54.0833 48.8262 48.2597 52.4786 49.7393 45.6508 50.0899 75.7694 75.0267 72.2357 69.2892 68.6222 73.3757 63.2456 67.1863 72.0347 
45.2769 63.7887 65.7647 61.4003 63.3877 60.407 64.195 61.2046 63.0714 65.0692 61 64 80.6226 71.1969 81.0494 76.4853 81.3941 72.0347 72.8011 77.6209 45.2769 47.2652 47.5184 50.4876 46.0977 48.0521 50.9902 48.5077 51.4198 47.4342 52.2015 39.0512 43.0116 44.2041 48.2597 42.4264 50 48.1041 49.4975 53.1507 25 27 27.074 30.0666 25.1794 25.4951 27.4591 30.4138 25.9615 30.8058 28.4605 26.9258 31.6228 9 8.6023 12.2066 5 11.1803 3 10.4403 0 29.1548 33.541 38.0789 28.178 37.3363 32.311 37 26.9258 31.6228 65 67.082 30.8058 62.2415 34.9857 60.8276 62.6498 58.6003 60.9016 57.6975 53.8516 58.3095 64.0312 62.2013 63.5138 64.1405 58.8303 58.3095 62.6498 59.9416 55.9017 60.4152 86.1626 85.44 82.6378 79.712 79.0569 83.8153 73.6817 77.6209 82.4621 
22.3607 38.3275 40.3113 36.8782 38.833 35.9026 40.2616 37.3631 39.8497 41.7612 39 41.7852 60.4152 53 61.7171 58.3095 62.6498 55.2178 57.0088 61.0328 28.2843 29.7321 31.1127 33.3017 32.0156 33.3017 35.3553 34.8281 36.7967 36.0555 39.0512 40.3113 41.2311 43.1741 44.5982 45.2769 47.4342 49.0306 50.9902 52.2015 15 15.1327 17.1172 17.72 18 20 20.0998 20.6155 22 22.561 24.0832 25 25.4951 25.7099 21.5407 17 26.9258 18.0278 27.7308 19.2094 29.1548 0 5 10 2 10.198 5.8309 10.4403 5 7.0711 45 45.2769 3 42 5.8309 35.3553 40.3113 38 38.3275 37 35.3553 35.3553 35.3553 33.3017 34.4093 34.9857 29.6816 29.1548 33.541 30.8707 26.9258 31.6228 57.5674 57.0088 54.1202 51.4198 50.9902 55.9017 45.7056 50.2494 55.2268 
18.0278 33.3766 35.3553 32.0156 33.9559 31.0483 35.4401 32.573 35.1141 37 34.4384 37.1618 55.9017 48.8262 57.3062 54.0833 58.3095 51.225 53.1507 57.0088 25 26.2488 27.8029 29.7321 29.1548 30.2324 32.0156 31.9061 33.6006 33.541 36.0555 40 40.3113 42.2966 43.1741 45 46.0977 48.2597 50.2494 50.9902 15.8114 15.2971 17.2627 17 18.6815 20.6155 20.2237 20 22.561 22 24.1868 25.4951 25 30.5941 26.2488 21.5407 31.6228 22.3607 32.311 23.3238 33.541 5 0 5 5.3852 5.3852 3 5.8309 7.0711 5 45.2769 45 5.8309 42.2966 3 30.4138 40 38.3275 38 37.3363 36.4005 35 32.0156 29.7321 30.4795 30.8058 25.6125 25 29.1548 26.4197 22.3607 26.9258 52.811 52.2015 49.3356 46.5725 46.0977 50.9902 40.7922 45.2769 50.2494 
14.1421 28.4429 30.4138 27.2029 29.1204 26.2488 30.6757 27.8568 30.4631 32.311 30.0167 32.6497 51.4782 44.8219 53 50 54.0833 47.4236 49.4975 53.1507 22.3607 23.3238 25.0599 26.6271 26.9258 27.7308 29.1548 29.5466 30.8869 31.6228 33.541 40.3113 40 42 42.2966 45.2769 45.2769 48 50 50.2494 18.0278 17 18.7883 17.72 20.5913 22.3607 21.5407 20.6155 24.1661 22.561 25.2982 26.9258 25.4951 35.5106 31.0483 26.2488 36.4005 26.9258 37 27.7308 38.0789 10 5 0 10.198 2 5.8309 3 11.1803 7.0711 46.0977 45.2769 10.4403 43.1741 5.8309 25.4951 40.3113 39.2938 38.3275 38.3275 38.0789 35.3553 29.1548 26.6271 26.9072 26.9072 21.9317 21.2132 25 22.2036 18.0278 22.3607 48.1041 47.4342 44.5982 41.7612 41.2311 46.0977 35.9026 40.3113 45.2769 
21.5407 38.1182 40.1123 36.4966 38.4708 35.5106 39.8121 36.8782 39.2938 41.2311 38.2753 41.1096 59.6154 51.9711 60.8358 57.3062 61.7171 54.0833 55.8032 59.9083 26.9072 28.4253 29.7321 32.0156 30.4795 31.8277 33.9706 33.3017 35.3553 34.4093 37.5366 38.3275 39.2938 41.2311 42.72 43.2897 45.5412 47.0744 49.0306 50.2892 13 13.1529 15.1327 15.8114 16 18 18.1108 18.6815 20 20.6155 22.0907 23 23.5372 25.318 20.8806 16.1555 26.2488 17 26.9258 18.0278 28.178 2 5.3852 10.198 0 10 5.099 10.0499 3 5.8309 47 47.2652 5 44 7.0711 35.1283 42.2966 40 40.3113 39 37.3363 37.3363 36.7967 34.6554 35.609 36.0555 30.8058 30.2324 34.4819 31.7648 27.7308 32.311 58.1893 57.5674 54.7083 51.923 51.4198 56.2939 46.0977 50.4876 55.4437 
12.8062 28.1603 30.1496 26.6833 28.6356 25.7099 30.0832 27.2029 29.7321 31.6228 29.0689 31.7805 50.5371 43.6005 51.9711 48.8262 53 46.0977 48.1041 51.8556 20.5913 21.6333 23.3238 25 25.0799 25.9422 27.4591 27.7308 29.1548 29.7321 31.7648 38.3275 38 40 40.3113 43.2897 43.2897 46 48 48.2597 16.4012 15.2643 17 15.8114 18.868 20.5913 19.6977 18.6815 22.3607 20.6155 23.4094 25.0799 23.5372 35.2278 30.5941 25.7099 35.9026 26.2488 36.4005 26.9258 37.3363 10.198 5.3852 2 10 0 5.099 1 10.4403 5.8309 48.0521 47.2652 11.1803 45.1221 7.0711 25.1794 42.2966 41.2311 40.3113 40.2616 39.9249 37.3363 30.8869 28.3019 28.4253 28.2843 23.4307 22.6716 26.2488 23.4307 19.2094 23.3238 48.8467 48.1041 45.31 42.3792 41.7612 46.5725 36.4005 40.6079 45.5412 
16.5529 33.0606 35.0571 31.4006 33.3766 30.4138 34.7131 31.7805 34.2053 36.1386 33.2415 36.0555 54.626 47.1699 55.9017 52.4786 56.8243 49.4065 51.225 55.2178 22.6716 24.0416 25.4951 27.5862 26.6271 27.8029 29.7321 29.4109 31.241 30.8869 33.6006 37 37.3363 39.3192 40.2616 42 43.1741 45.2769 47.2652 48.0521 13 12.3693 14.3178 14 15.8114 17.72 17.2627 17 19.6469 19 21.2132 22.561 22 30.1496 25.4951 20.6155 30.8058 21.1896 31.3209 21.9317 32.311 5.8309 3 5.8309 5.099 5.099 0 5 5.3852 2 48.2597 48 7.8102 45.2769 6 30.0666 43 41.3038 41 40.3113 39.2938 38 34.4093 32.0156 32.5269 32.6497 27.5862 26.9072 30.8058 28.0179 23.8537 28.178 53.8516 53.1413 50.3289 47.4342 46.8402 51.6624 41.4849 45.7056 50.636 
12.2066 28.0713 30.0666 26.4764 28.4429 25.4951 29.8329 26.9258 29.4109 31.3209 28.6356 31.3847 50.0899 43.0116 51.4782 48.2597 52.4786 45.4533 47.4236 51.225 19.7231 20.8087 22.4722 24.2074 24.1661 25.0599 26.6271 26.8328 28.3019 28.7924 30.8869 37.3363 37 39 39.3192 42.2966 42.2966 45 47 47.2652 15.6205 14.4222 16.1245 14.8661 18.0278 19.7231 18.7883 17.72 21.4709 19.6469 22.4722 24.1661 22.561 35.1283 30.4138 25.4951 35.6931 25.9615 36.1386 26.5707 37 10.4403 5.8309 3 10.0499 1 5 0 10.198 5.3852 49.0306 48.2597 11.6619 46.0977 7.8102 25.0799 43.2897 42.2019 41.3038 41.2311 40.8534 38.3275 31.7648 29.1548 29.2062 29 24.2074 23.4307 26.9072 24.0832 19.8494 23.8537 49.2443 48.4665 45.6946 42.72 42.0595 46.8402 36.6879 40.7922 45.7056 
20.6155 38 40 36.1248 38.1182 35.1283 39.3192 36.3456 38.6394 40.6079 37.3631 40.2616 58.5235 50.5371 59.6154 55.9017 60.4152 52.4786 54.0833 58.3095 25 26.6271 27.8029 30.2324 28.2843 29.7321 32.0156 31.1127 33.3017 32.0156 35.3553 35.3553 36.4005 38.3275 39.9249 40.3113 42.72 44.1475 46.0977 47.4342 10 10.198 12.1655 13 13 15 15.1327 15.8114 17 17.72 19.105 20 20.6155 25.02 20.2237 15.2971 25.4951 15.8114 25.9615 16.5529 26.9258 5 7.0711 11.1803 3 10.4403 5.3852 10.198 0 5 50 50.2494 8 47 9.434 35 45.2769 43 43.2897 42 40.3113 40.3113 39.0512 36.7967 37.5366 37.8021 32.6497 32.0156 36.0555 33.2866 29.1548 33.541 59.2368 58.5235 55.7136 52.811 52.2015 57.0088 46.8402 50.9902 55.9017 
15.8114 33 35 31.1448 33.1361 30.1496 34.3657 31.4006 33.7343 35.6931 32.573 35.4401 53.8516 46.1411 55.0364 51.4782 55.9017 48.2597 50 54.0833 21.2132 22.6716 24.0416 26.2488 25 26.2488 28.2843 27.8029 29.7321 29.1548 32.0156 35 35.3553 37.3363 38.3275 40 41.2311 43.2897 45.2769 46.0977 11.1803 10.4403 12.3693 12 13.9284 15.8114 15.2971 15 17.72 17 19.2354 20.6155 20 30.0167 25.1794 20.2237 30.4138 20.6155 30.8058 21.1896 31.6228 7.0711 5 7.0711 5.8309 5.8309 2 5.3852 5 0 50.2494 50 9.434 47.2652 8 30 45 43.2897 43 42.2966 41.2311 40 36.0555 33.6006 33.9706 33.9706 29 28.2843 32.0156 29.2062 25 29.1548 54.626 53.8516 51.0784 48.1041 47.4342 52.2015 42.0595 46.0977 50.9902 
58.5235 62.8013 64.0312 64.0703 65.215 63.5138 67.424 65.7343 68.5055 69.6348 69.9714 71.5612 89.0225 85.7555 91.4002 90.1388 93.0054 89.1852 91.7878 94.3398 68.0074 68.6222 70.5195 71.5122 72.8011 73.3757 74.3303 75.2861 76.2168 77.6209 79.0569 85.1469 85.5862 87.5728 88.2836 90.1388 91.2414 93.5361 95.5249 96.1769 60 60.0333 62.0322 62.2013 63 65 65.0308 65.192 67 67.1863 69.029 70 70.1783 56.7979 56.648 55.0818 60.4152 57.0088 62.2415 58.9406 65 45 45.2769 46.0977 47 48.0521 48.2597 49.0306 50 50.2494 0 5 42 3 42.2966 61.0328 7.0711 7 8.6023 8 11.1803 11.1803 32.0156 33.9706 37.5366 40.3609 38.2884 39.0512 42.4264 42.5206 43.0116 46.0977 61.7171 62.6498 60.0333 59.9083 61.0328 65.192 58.258 64.0312 68.0074 
57.0088 59.9083 61.0328 61.4003 62.434 60.9016 64.6607 63.1348 65.8635 66.888 67.5352 68.9638 86.0233 83.2406 88.4816 87.4643 90.1388 86.7698 89.4427 91.7878 66.7083 67.1863 69.1231 69.9214 71.5891 72.0347 72.8011 73.9797 74.7262 76.4853 77.6209 85 85.1469 87.1436 87.5728 90 90.5539 93.1343 95.1315 95.5249 60.208 60.075 62.0725 62 63.1981 65.192 65.0692 65 67.1863 67 69.0652 70.1783 70 59.1692 58.6003 56.648 62.6498 58.5235 64.4127 60.407 67.082 45.2769 45 45.2769 47.2652 47.2652 48 48.2597 50.2494 50 5 0 42.2966 5.8309 42 58.3095 5 8.6023 7 9.434 14.1421 10 28.2843 30.4795 33.9706 36.7967 35.2278 36.0555 39.0512 39.4081 40.3113 43.0116 57.3062 58.3095 55.7584 55.8032 57.0088 61.0328 54.4885 60.208 64.0312 
23.8537 38.833 40.7922 37.6431 39.5601 36.6879 41.1096 38.2753 40.8534 42.72 40.2492 42.9535 61.7171 54.6443 63.1348 59.9083 64.1405 57.0088 58.8982 62.8013 30.4795 31.8277 33.3017 35.3553 34.4093 35.609 37.5366 37.2022 39.0512 38.5876 41.4005 43.2897 44.1475 46.0977 47.4342 48.2597 50.2892 51.9711 53.9351 55.0818 18 18.1108 20.0998 20.6155 21 23 23.0868 23.5372 25 25.4951 27.074 28 28.4429 26.5707 22.8254 18.6011 28.178 19.8494 29.1548 21.2132 30.8058 3 5.8309 10.4403 5 11.1803 7.8102 11.6619 8 9.434 42 42.2966 0 39 5 35.9026 37.3363 35 35.3553 34 32.3883 32.3883 33.3017 31.4006 32.7567 33.541 28.178 27.7308 32.311 29.7321 25.9615 30.8058 56.7539 56.2939 53.3667 50.8035 50.4876 55.4437 45.2769 50.04 55.0364 
55.7136 60.4401 61.7171 61.6117 62.8013 61.0328 65 63.2456 66.0303 67.2012 67.4166 69.0652 86.6833 83.2166 89.0225 87.6584 90.6035 86.6083 89.1852 91.8096 65.146 65.7875 67.6757 68.7095 69.9214 70.5195 71.5122 72.4224 73.3894 74.7262 76.2168 82.1523 82.6075 84.5931 85.3288 87.1436 88.2836 90.5539 92.5419 93.2148 57 57.0351 59.0339 59.2115 60 62 62.0322 62.2013 64 64.195 66.0303 67 67.1863 54.1202 53.8516 52.2015 57.6975 54.1202 59.5063 56.0446 62.2415 42 42.2966 43.1741 44 45.1221 45.2769 46.0977 47 47.2652 3 5.8309 39 0 39.3192 58.6003 5.3852 4 6.4031 5 8.6023 8.6023 30.2324 32.0156 35.609 38.4187 36.0694 36.7967 40.3609 40.3113 40.6079 43.8634 60.4152 61.2699 58.5918 58.3095 59.3633 63.6318 56.4004 62.2013 66.2873 
19.8494 33.9559 35.9026 32.8938 34.7851 31.9531 36.4005 33.6155 36.2491 38.0789 35.8469 38.4708 57.3062 50.6063 58.8303 55.8032 59.9083 53.1507 55.1725 58.8982 27.4591 28.6007 30.2324 32.0156 31.7648 32.7567 34.4093 34.4819 36.0555 36.2491 38.5876 43 43.2897 45.2769 46.0977 48 49.0306 51.2445 53.2353 53.9351 18.6815 18.2483 20.2237 20 21.587 23.5372 23.1948 23 25.4951 25 27.1662 28.4429 28 31.3209 27.313 22.8254 32.6956 23.8537 33.541 25 34.9857 5.8309 3 5.8309 7.0711 7.0711 6 7.8102 9.434 8 42.2966 42 5 39.3192 0 31.0483 37 35.3553 35 34.3657 33.5261 32 29.7321 27.5862 28.6007 29.1548 23.8537 23.3238 27.7308 25.0799 21.1896 25.9615 51.923 51.4198 48.5077 45.8912 45.5412 50.4876 40.3113 45.0444 50.04 
15.8114 3 5 3.1623 4.2426 3 6.4031 5.099 7.6158 8.6023 10.0499 10.7703 28.2843 25.0799 30.4795 29.1548 32.0156 28.7924 31.6228 33.541 21.2132 19.8494 21.4009 19.7231 25 23.8537 22.3607 25.5539 24.1661 29.1548 26.9258 46.0977 43.0116 44.6542 42.0595 50 44.7214 49.7393 51.4782 49.2443 36.4005 34.4819 35.1141 32.311 37.3363 38.0789 36.2491 33.541 38.9102 34.4819 38.0789 40.3113 36.0555 60.0083 55.0818 50.0899 60.208 50.2494 60.407 50.4876 60.8276 35.3553 30.4138 25.4951 35.1283 25.1794 30.0666 25.0799 35 30 61.0328 58.3095 35.9026 58.6003 31.0483 0 54.0833 55.4437 52.4309 54.6717 56.5685 50 31.6228 28.7924 25.9615 23.5372 23.2594 22.3607 20.6155 19.3132 18.0278 15.8114 29.7321 28.2843 26.2488 22.6716 21.2132 25 16.4012 18.0278 22.3607 
52.2015 55.8032 57.0088 57.1402 58.2495 56.6039 60.4649 58.8303 61.5873 62.6817 63.1348 64.6607 82.0061 78.8923 84.4038 83.2166 86.0233 82.365 85 87.4643 61.8466 62.3618 64.2884 65.146 66.7083 67.1863 68.0074 69.1231 69.9214 71.5891 72.8011 80 80.1561 82.1523 82.6075 85 85.5862 88.1419 90.1388 90.5539 55.2268 55.0818 57.0789 57 58.2151 60.208 60.075 60 62.2013 62 64.0703 65.192 65 54.9181 54.1202 52 58.3095 53.8516 60.0333 55.7136 62.6498 40.3113 40 40.3113 42.2966 42.2966 43 43.2897 45.2769 45 7.0711 5 37.3363 5.3852 37 54.0833 0 5.3852 2 5.8309 11.1803 5 25 26.9072 30.4795 33.3017 31.241 32.0156 35.3553 35.4683 36.0555 39.0512 55.0364 55.9017 53.2353 53 54.0833 58.3095 51.225 57.0088 61.0328 
52 57.3847 58.7282 58.4123 59.6657 57.8014 61.8466 60 62.8013 64.0312 64.0703 65.8027 83.6301 79.8812 85.9127 84.4038 87.4586 83.2166 85.7555 88.4816 61.3514 62.0322 63.9062 65 66.0984 66.7308 67.7791 68.6222 69.6419 70.8802 72.45 78.1601 78.6384 80.6226 81.3941 83.1505 84.3445 86.5794 88.5664 89.2693 53 53.0377 55.0364 55.2268 56 58 58.0345 58.2151 60 60.208 62.0322 63 63.1981 50.6063 50.1597 48.3839 54.1202 50.2892 55.9017 52.2015 58.6003 38 38.3275 39.2938 40 41.2311 41.3038 42.2019 43 43.2897 7 8.6023 35 4 35.3553 55.4437 5.3852 0 5 1 5.8309 5.8309 28.178 29.6816 33.2866 36.0555 33.3017 33.9706 37.8021 37.5366 37.5366 41.0366 58.8727 59.6154 56.8595 56.356 57.3062 61.7171 54.0833 59.9083 64.1405 
50.2892 54.2033 55.4437 55.4707 56.6127 54.9181 58.8218 57.1402 59.9083 61.0328 61.4003 62.9682 80.4301 77.1751 82.801 81.5414 84.4038 80.6226 83.2406 85.7555 59.9083 60.4401 62.3618 63.2456 64.7611 65.2534 66.0984 67.1863 68.0074 69.6348 70.8802 78 78.1601 80.1561 80.6226 83 83.6002 86.1452 88.1419 88.5664 53.2353 53.0848 55.0818 55 56.2228 58.2151 58.0775 58 60.208 60 62.0725 63.1981 63 53.2541 52.3546 50.1597 56.6039 52 58.3095 53.8516 60.9016 38.3275 38 38.3275 40.3113 40.3113 41 41.3038 43.2897 43 8.6023 7 35.3553 6.4031 35 52.4309 2 5 0 5.099 10.4403 3 23.8537 25.6125 29.2062 32.0156 29.7321 30.4795 33.9706 33.9706 34.4093 37.5366 54.231 55.0364 52.3259 51.9711 53 57.3062 50 55.8032 59.9083 
51.0784 56.6392 58 57.6281 58.8982 57.0088 61.0737 59.203 62.0081 63.2535 63.2456 65 82.8794 79.0569 85.1469 83.6002 86.6833 82.3772 84.9058 87.6584 60.407 61.0983 62.9682 64.0781 65.146 65.7875 66.8506 67.6757 68.7095 69.9214 71.5122 77.1622 77.6466 79.6304 80.4114 82.1523 83.3607 85.5862 87.5728 88.2836 52 52.0384 54.037 54.231 55 57 57.0351 57.2189 59 59.2115 61.0328 62 62.2013 49.7393 49.2443 47.4342 53.2353 49.3356 55.0091 51.2445 57.6975 37 37.3363 38.3275 39 40.2616 40.3113 41.2311 42 42.2966 8 9.434 34 5 34.3657 54.6717 5.8309 1 5.099 0 5.3852 5.3852 27.7308 29.1548 32.7567 35.5106 32.6497 33.3017 37.2022 36.8782 36.7967 40.3609 58.5235 59.2368 56.4624 55.9017 56.8243 61.2699 53.535 59.3633 63.6318 
51.4782 58.7282 60.208 59.4138 60.8112 58.7282 62.9365 60.8769 63.7024 65.0692 64.6607 66.6033 84.8528 80.4301 87 85.1469 88.459 83.6002 86.0233 89.0225 60.4152 61.2699 63.0714 64.4127 65 65.7951 67.082 67.624 68.8767 69.6419 71.5891 75.6637 76.4853 78.4474 79.555 80.6226 82.4621 84.3445 86.3134 87.3212 50.2494 50.4876 52.469 52.9528 53.2353 55.2268 55.4437 55.9017 57.2189 57.8705 59.4138 60.208 60.8276 45.618 45.5412 44.1475 49.2443 46.0977 51.0784 48.0521 53.8516 35.3553 36.4005 38.0789 37.3363 39.9249 39.2938 40.8534 40.3113 41.2311 11.1803 14.1421 32.3883 8.6023 33.5261 56.5685 11.1803 5.8309 10.4403 5.3852 0 10 31.6228 32.6956 36.2491 38.9102 35.5106 36.0555 40.3113 39.6611 39.0512 43.0116 62.6418 63.2456 60.407 59.6154 60.4152 65 56.8243 62.6498 67.082 
47.4342 51.8556 53.1507 53.0094 54.2033 52.4309 56.4004 54.6443 57.4282 58.6003 58.8303 60.4649 78.1025 74.6257 80.4301 79.0569 82.0061 78.032 80.6226 83.2166 57.0088 57.5674 59.4811 60.407 61.8466 62.3618 63.2456 64.2884 65.146 66.7083 68.0074 75 75.1665 77.1622 77.6466 80 80.6226 83.1505 85.1469 85.5862 50.2494 50.0899 52.0865 52 53.2353 55.2268 55.0818 55 57.2189 57 59.0762 60.208 60 50.8035 49.7393 47.4236 54.0833 49.2443 55.7584 51.0784 58.3095 35.3553 35 35.3553 37.3363 37.3363 38 38.3275 40.3113 40 11.1803 10 32.3883 8.6023 32 50 5 5.8309 3 5.3852 10 0 22.3607 23.8537 27.4591 30.2324 27.5862 28.2843 32.0156 31.8277 32.0156 35.3553 53.1413 53.8516 51.0784 50.5371 51.4782 55.9017 48.2597 54.0833 58.3095 
35.3553 32.6956 33.541 34.7851 35.4683 34.4819 37.6962 36.6879 39.2173 39.9249 41.4849 42.3792 58.3095 56.648 60.9016 60.4152 62.6498 60.407 63.2456 65 45.2769 45.0999 47.0956 47 50.2494 50.0899 50 52.0865 52 55.2268 55 68.0074 66.7083 68.6586 67.7422 72.8011 70.7107 74.5252 76.4853 75.6637 47.1699 46.1411 47.8853 46.5188 49.7393 51.4782 50.5371 49.2443 53.2353 51.0784 54.1295 55.9017 53.8516 58.8303 55.8032 51.8556 61.0328 53.1507 62.2013 54.4885 64.0312 35.3553 32.0156 29.1548 36.7967 30.8869 34.4093 31.7648 39.0512 36.0555 32.0156 28.2843 33.3017 30.2324 29.7321 31.6228 25 28.178 23.8537 27.7308 31.6228 22.3607 0 3 5.8309 8.6023 9 10 11.1803 12.3693 15 15.8114 31.0483 31.6228 28.7924 28.178 29.1548 33.541 26.2488 32.0156 36.0555 
32.3883 29.9666 30.8869 31.9531 32.6956 31.6228 34.9285 33.8378 36.4005 37.1618 38.6005 39.5601 55.7584 53.8516 58.3095 57.6975 60.0333 57.5847 60.407 62.2415 42.2966 42.107 44.1022 44 47.2652 47.0956 47 49.0918 49 52.2398 52 65.146 63.7887 65.7343 64.7765 69.9214 67.7422 71.5891 73.5459 72.6911 44.6542 43.566 45.2769 43.8292 47.1699 48.8774 47.8853 46.5188 50.6063 48.3322 51.4296 53.2353 51.0784 57.3062 54.0833 50 59.3633 51.225 60.4649 52.4976 62.2013 33.3017 29.7321 26.6271 34.6554 28.3019 32.0156 29.1548 36.7967 33.6006 33.9706 30.4795 31.4006 32.0156 27.5862 28.7924 26.9072 29.6816 25.6125 29.1548 32.6956 23.8537 3 0 3.6056 6.4031 6 7 8.6023 9.4868 12 13 30.4138 30.8058 27.8927 26.9258 27.7308 32.311 24.4131 30.2324 34.4819 
31.0483 26.9258 27.7308 29.1204 29.7321 28.8617 31.9531 31.0483 33.5261 34.176 35.9026 36.6879 52.4786 50.9215 55.0727 54.626 56.8243 54.7083 57.5674 59.2368 40.7922 40.4475 42.4264 42.107 45.7056 45.3982 45.0999 47.3814 47.0956 50.636 50.0899 64.2573 62.6418 64.56 63.3482 68.9493 66.2873 70.342 72.2772 71.1969 44.8219 43.6005 45.2217 43.566 47.2017 48.8262 47.7074 46.1411 50.4777 47.8853 51.1077 53 50.5371 59.0339 55.5698 51.3128 60.9016 52.4309 61.9112 53.6004 63.5138 34.4093 30.4795 26.9072 35.609 28.4253 32.5269 29.2062 37.5366 33.9706 37.5366 33.9706 32.7567 35.609 28.6007 25.9615 30.4795 33.2866 29.2062 32.7567 36.2491 27.4591 5.8309 3.6056 0 2.8284 5 5.8309 5.3852 7 10.4403 10.198 27.1662 27.4591 24.5153 23.4094 24.1661 28.7924 20.8087 26.6271 30.8869 
29.7321 24.3516 25.0799 26.6833 27.2029 26.4764 29.4109 28.6356 31.0483 31.6228 33.541 34.2053 49.7393 48.3839 52.3546 52 54.1202 52.2015 55.0818 56.648 39.2938 38.833 40.7922 40.3113 44.1475 43.7379 43.2897 45.7056 45.2769 49.0306 48.2597 63.1585 61.3514 63.2456 61.8466 67.7791 64.7611 68.9638 70.8802 69.6348 44.5982 43.2782 44.8219 43.0116 46.8615 48.4149 47.2017 45.4863 50 47.1699 50.4777 52.4309 49.7393 60.0083 56.356 51.9711 61.7171 53 62.6498 54.0833 64.1405 34.9857 30.8058 26.9072 36.0555 28.2843 32.6497 29 37.8021 33.9706 40.3609 36.7967 33.541 38.4187 29.1548 23.5372 33.3017 36.0555 32.0156 35.5106 38.9102 30.2324 8.6023 6.4031 2.8284 0 5.3852 5.8309 3 5.3852 9.434 8 25.02 25.1794 22.2036 20.8806 21.5407 26.2488 18.0278 23.8537 28.178 
26.4764 24.6982 25.807 26.4008 27.2947 26 29.5296 28.2312 30.8707 31.7648 32.8938 34.0147 50.8035 48.3322 53.2541 52.3546 54.9181 52 54.7814 56.7979 36.3456 36.1248 38.1182 38 41.3038 41.1096 41 43.1045 43 46.2709 46 59.4643 57.9741 59.9083 58.8558 64.195 61.8142 65.7343 67.6831 66.7533 39.8246 38.6005 40.2244 38.5876 42.2019 43.8292 42.72 41.1825 45.4863 42.9418 46.1411 48.0208 45.618 54.626 51 46.6476 56.356 47.7074 57.3062 48.8262 58.8303 29.6816 25.6125 21.9317 30.8058 23.4307 27.5862 24.2074 32.6497 29 38.2884 35.2278 28.178 36.0694 23.8537 23.2594 31.241 33.3017 29.7321 32.6497 35.5106 27.5862 9 6 5 5.3852 0 1 5.099 4.2426 6 7.8102 30.0167 30.0167 27.0185 25.318 25.7099 30.5941 21.5407 27.313 31.9531 
25.4951 23.8537 25 25.4951 26.4197 25.0799 28.6531 27.313 29.9666 30.8869 31.9531 33.1059 50 47.4236 52.4309 51.4782 54.0833 51.0784 53.8516 55.9017 35.3553 35.1283 37.1214 37 40.3113 40.1123 40 42.107 42 45.2769 45 58.5235 57.0088 58.9406 57.8705 63.2456 60.8276 64.7611 66.7083 65.7647 39.0512 37.8021 39.4081 37.7359 41.4005 43.0116 41.8808 40.3113 44.6542 42.0595 45.2769 47.1699 44.7214 54.231 50.5371 46.1411 55.9017 47.1699 56.8243 48.2597 58.3095 29.1548 25 21.2132 30.2324 22.6716 26.9072 23.4307 32.0156 28.2843 39.0512 36.0555 27.7308 36.7967 23.3238 22.3607 32.0156 33.9706 30.4795 33.3017 36.0555 28.2843 10 7 5.8309 5.8309 1 0 5 3.6056 5 7.0711 30.0666 30 27 25.1794 25.4951 30.4138 21.1896 26.9258 31.6228 
26.9258 21.5407 22.3607 23.7697 24.3516 23.5372 26.5707 25.7099 28.1603 28.7924 30.5941 31.3209 47.1699 45.5412 49.7393 49.2443 51.4782 49.3356 52.2015 53.8516 36.4005 35.9026 37.855 37.3363 41.2311 40.7922 40.3113 42.7551 42.2966 46.0977 45.2769 60.4152 58.5235 60.407 58.9406 65 61.8466 66.0984 68.0074 66.7083 42.4264 41.0366 42.5206 40.6079 44.5982 46.0977 44.8219 43.0116 47.634 44.6542 48.0104 50 47.1699 58.8727 55.0364 50.5371 60.4152 51.4782 61.2699 52.4786 62.6498 33.541 29.1548 25 34.4819 26.2488 30.8058 26.9072 36.0555 32.0156 42.4264 39.0512 32.311 40.3609 27.7308 20.6155 35.3553 37.8021 33.9706 37.2022 40.3113 32.0156 11.1803 8.6023 5.3852 3 5.099 5 0 2.8284 7.0711 5 25.0799 25 22 20.2237 20.6155 25.4951 16.5529 22.3607 26.9258 
24.3516 20.5913 21.6333 22.4722 23.2594 22.1359 25.4951 24.3516 26.9258 27.7308 29.1204 30.0832 46.6154 44.3847 49.0918 48.3011 50.774 48.1041 50.9215 52.8015 33.9559 33.541 35.5106 35.1283 38.833 38.4708 38.1182 40.4475 40.1123 43.7379 43.1045 57.7754 55.9732 57.8705 56.5155 62.3939 59.439 63.6003 65.521 64.3273 39.598 38.2099 39.6989 37.8021 41.7732 43.2782 42.0119 40.2244 44.8219 41.8808 45.2217 47.2017 44.4185 56.3028 52.3927 47.8539 57.7754 48.7647 58.6003 49.7393 59.9416 30.8707 26.4197 22.2036 31.7648 23.4307 28.0179 24.0832 33.2866 29.2062 42.5206 39.4081 29.7321 40.3113 25.0799 19.3132 35.4683 37.5366 33.9706 36.8782 39.6611 31.8277 12.3693 9.4868 7 5.3852 4.2426 3.6056 2.8284 0 4.2426 3.6056 27.2947 27.074 24.0832 22.0227 22.2036 27.1662 17.72 23.4094 28.1603 
20.6155 19.8494 21.2132 21.095 22.2036 20.5913 24.4131 22.8254 25.5539 26.6271 27.313 28.6531 46.0977 42.9418 48.4149 47.1699 50 46.5188 49.2443 51.4782 30.4138 30.1496 32.1403 32 35.3553 35.1283 35 37.1214 37 40.3113 40 53.8516 52.2015 54.1202 52.9528 58.5235 55.9017 59.9083 61.8466 60.8276 35.3553 33.9706 35.4683 33.6006 37.5366 39.0512 37.8021 36.0555 40.6079 37.7359 41.0488 43.0116 40.3113 52.4976 48.4665 43.8634 53.8516 44.7214 54.626 45.6508 55.9017 26.9258 22.3607 18.0278 27.7308 19.2094 23.8537 19.8494 29.1548 25 43.0116 40.3113 25.9615 40.6079 21.1896 18.0278 36.0555 37.5366 34.4093 36.7967 39.0512 32.0156 15 12 10.4403 9.434 6 5 7.0711 4.2426 0 5 30.8058 30.4138 27.4591 25.0799 25 30 20.0998 25.4951 30.4138 
22.3607 17 18.0278 18.9737 19.6977 18.6815 21.9317 20.8806 23.4094 24.1661 25.7099 26.5707 43.0116 40.8534 45.4863 44.7214 47.1699 44.5982 47.4342 49.2443 31.6228 31.0483 32.9848 32.3883 36.4005 35.9026 35.3553 37.855 37.3363 41.2311 40.3113 55.9017 53.8516 55.7136 54.1202 60.4152 57.0088 61.3514 63.2456 61.8466 39.0512 37.5366 38.8973 36.7967 41.0366 42.4264 41.0366 39.0512 43.8634 40.6079 44.0454 46.0977 43.0116 57.28 53.1413 48.4665 58.5235 49.2443 59.2368 50.0899 60.4152 31.6228 26.9258 22.3607 32.311 23.3238 28.178 23.8537 33.541 29.1548 46.0977 43.0116 30.8058 43.8634 25.9615 15.8114 39.0512 41.0366 37.5366 40.3609 43.0116 35.3553 15.8114 13 10.198 8 7.8102 7.0711 5 3.6056 5 0 25.9615 25.4951 22.561 20.0998 20 25 15.1327 20.6155 25.4951 
44.2041 27.8029 26.6271 31.4006 30.2324 32.0156 31.3847 33.0151 33.6155 32.6497 37.2156 35.7771 42 46.0977 45 47.2652 47 50.01 52.9528 52.2398 50.9313 49.5782 51.0882 49.2037 54.6717 53.4135 51.614 55 53.2541 58.6003 55.7584 75.8222 72.6223 74.2024 71.2811 79.6492 73.7835 79.0569 80.7094 78.032 63.6318 61.9112 62.9682 60.4649 65.192 66.2873 64.6375 62.2013 67.424 63.4114 67.0075 69.2026 65.2993 83.2406 79.0569 74.3303 84.4334 75.0267 85.0941 75.7694 86.1626 57.5674 52.811 48.1041 58.1893 48.8467 53.8516 49.2443 59.2368 54.626 61.7171 57.3062 56.7539 60.4152 51.923 29.7321 55.0364 58.8727 54.231 58.5235 62.6418 53.1413 31.0483 30.4138 27.1662 25.02 30.0167 30.0666 25.0799 27.2947 30.8058 25.9615 0 2 3.6056 7.0711 8.6023 7 13.4536 13 12 
43.0116 26.2488 25 29.8329 28.6007 30.4795 29.6816 31.4006 31.9061 30.8869 35.5106 34 40 44.1475 43 45.2769 45 48.0521 50.9902 50.2494 49.4975 48.1041 49.5782 47.634 53.1507 51.8556 50 53.4135 51.614 57.0088 54.0833 74.3303 71.0634 72.6223 69.6348 78.1025 72.111 77.4209 79.0569 76.3217 62.6498 60.9016 61.9112 59.3633 64.1405 65.192 63.5138 61.0328 66.2873 62.2013 65.8027 68.0074 64.0312 82.7103 78.4474 73.6817 83.8153 74.3303 84.4334 75.0267 85.44 57.0088 52.2015 47.4342 57.5674 48.1041 53.1413 48.4665 58.5235 53.8516 62.6498 58.3095 56.2939 61.2699 51.4198 28.2843 55.9017 59.6154 55.0364 59.2368 63.2456 53.8516 31.6228 30.8058 27.4591 25.1794 30.0167 30 25 27.074 30.4138 25.4951 2 0 3 5.8309 7.0711 5 12.2066 11.1803 10 
40.6079 24.4131 23.3238 28.0179 26.9258 28.6007 28.178 29.6816 30.4138 29.5466 34 32.6956 40.1123 43.566 43.1045 45.0444 45.0999 47.5184 50.4876 50.04 47.4236 46.0977 47.634 45.8039 51.225 50 48.2597 51.614 49.93 55.2178 52.4786 72.3464 69.2026 70.8025 67.9559 76.2168 70.4911 75.7166 77.3886 74.793 60.0333 58.3095 59.3633 56.8595 61.5873 62.6817 61.0328 58.6003 63.8201 59.8164 63.4114 65.6049 61.7171 79.8123 75.5844 70.8378 80.9568 71.5122 81.5966 72.2357 82.6378 54.1202 49.3356 44.5982 54.7083 45.31 50.3289 45.6946 55.7136 51.0784 60.0333 55.7584 53.3667 58.5918 48.5077 26.2488 53.2353 56.8595 52.3259 56.4624 60.407 51.0784 28.7924 27.8927 24.5153 22.2036 27.0185 27 22 24.0832 27.4591 22.561 3.6056 3 0 3.6056 5.3852 5.8309 9.8995 10.198 10.4403 
37.2022 20.8087 19.7231 24.4131 23.3238 25 24.5967 26.0768 26.8328 26 30.4138 29.1548 37.3363 40.3113 40.3113 42 42.2966 44.2832 47.2652 47 43.8634 42.5206 44.0454 42.2019 47.634 46.4004 44.6542 48.0104 46.3249 51.614 48.8774 68.7677 65.6049 67.2012 64.3506 72.6223 66.888 72.111 73.7835 71.1969 56.8243 55.0727 56.0803 53.535 58.3095 59.3633 57.6888 55.2178 60.4649 56.4004 60 62.2013 58.258 77.1298 72.8011 68.0074 78.1601 68.6222 78.7464 69.2892 79.712 51.4198 46.5725 41.7612 51.923 42.3792 47.4342 42.72 52.811 48.1041 59.9083 55.8032 50.8035 58.3095 45.8912 22.6716 53 56.356 51.9711 55.9017 59.6154 50.5371 28.178 26.9258 23.4094 20.8806 25.318 25.1794 20.2237 22.0227 25.0799 20.0998 7.0711 5.8309 3.6056 0 2 5.3852 6.4031 7 8.6023 
36.0555 19.2094 18.0278 22.8035 21.6333 23.4307 22.8254 24.4131 25.0599 24.1661 28.6531 27.313 35.3553 38.3275 38.3275 40 40.3113 42.2966 45.2769 45 42.4264 41.0366 42.5206 40.6079 46.0977 44.8219 43.0116 46.4004 44.6542 50 47.1699 67.2681 64.0312 65.6049 62.6817 71.0634 65.192 70.4557 72.111 69.4622 55.9017 54.1202 55.0727 52.4786 57.3062 58.3095 56.6039 54.0833 59.3633 55.2178 58.8218 61.0328 57.0088 76.6877 72.2772 67.4463 77.6209 68.0074 78.1601 68.6222 79.0569 50.9902 46.0977 41.2311 51.4198 41.7612 46.8402 42.0595 52.2015 47.4342 61.0328 57.0088 50.4876 59.3633 45.5412 21.2132 54.0833 57.3062 53 56.8243 60.4152 51.4782 29.1548 27.7308 24.1661 21.5407 25.7099 25.4951 20.6155 22.2036 25 20 8.6023 7.0711 5.3852 2 0 5 5.3852 5 7.0711 
40.3113 22.6716 21.2132 26.1725 24.7588 26.9072 25.6125 27.5862 27.8029 26.6271 31.4006 29.6816 35 39.2938 38 40.3113 40 43.1741 46.0977 45.2769 46.0977 44.5982 45.9674 43.8634 49.4975 48.1041 46.0977 49.5782 47.634 53.1507 50 70.7107 67.2681 68.7677 65.6049 74.3303 68.0074 73.4098 75 72.111 60.4152 58.6003 59.4811 56.8243 61.7171 62.6498 60.9016 58.3095 63.6318 59.3633 62.9682 65.192 61.0328 81.5843 77.1298 72.2772 82.4621 72.8011 82.9699 73.3757 83.8153 55.9017 50.9902 46.0977 56.2939 46.5725 51.6624 46.8402 57.0088 52.2015 65.192 61.0328 55.4437 63.6318 50.4876 25 58.3095 61.7171 57.3062 61.2699 65 55.9017 33.541 32.311 28.7924 26.2488 30.5941 30.4138 25.4951 27.1662 30 25 7 5 5.8309 5.3852 5 0 10.198 7.0711 5 
30.8058 14.7648 13.9284 18.3576 17.4642 18.868 18.9737 20.1246 21.1896 20.6155 24.6982 23.7697 34.4819 36 37.3631 38.3275 39.2938 40 43 43.2897 37.5366 36.2353 37.8021 36.0555 41.4005 40.2244 38.5876 41.8808 40.3113 45.4863 42.9418 62.482 59.4054 61.0328 58.3095 66.4003 60.9016 66.0379 67.7422 65.2993 50.5371 48.7647 49.7393 47.1699 51.9711 53 51.3128 48.8262 54.0833 50 53.6004 55.8032 51.8556 71.3863 66.9403 62.0967 72.2772 62.6418 72.8011 63.2456 73.6817 45.7056 40.7922 35.9026 46.0977 36.4005 41.4849 36.6879 46.8402 42.0595 58.258 54.4885 45.2769 56.4004 40.3113 16.4012 51.225 54.0833 50 53.535 56.8243 48.2597 26.2488 24.4131 20.8087 18.0278 21.5407 21.1896 16.5529 17.72 20.0998 15.1327 13.4536 12.2066 9.8995 6.4031 5.3852 10.198 0 5.8309 10.4403 
33.541 15.6205 14.1421 19.105 17.6918 19.8494 18.6011 20.5183 20.8087 19.7231 24.4131 22.8254 30.4138 33.3766 33.3766 35 35.3553 37.3363 40.3113 40 39.0512 37.5366 38.8973 36.7967 42.4264 41.0366 39.0512 42.5206 40.6079 46.0977 43.0116 63.6396 60.208 61.7171 58.6003 67.2681 61.0328 66.4003 68.0074 65.192 53.8516 52 52.8015 50.0899 55.0364 55.9017 54.1202 51.4782 56.8243 52.4786 56.0803 58.3095 54.0833 75.8024 71.1969 66.2873 76.4853 66.7083 76.9025 67.1863 77.6209 50.2494 45.2769 40.3113 50.4876 40.6079 45.7056 40.7922 50.9902 46.0977 64.0312 60.208 50.04 62.2013 45.0444 18.0278 57.0088 59.9083 55.8032 59.3633 62.6498 54.0833 32.0156 30.2324 26.6271 23.8537 27.313 26.9258 22.3607 23.4094 25.4951 20.6155 13 11.1803 10.198 7 5 7.0711 5.8309 0 5 
38.0789 19.7231 18.0278 23.0217 21.4009 23.8537 21.9317 24.2074 24.0416 22.6716 27.5862 25.6125 30 34.4819 33 35.3553 35 38.3275 41.2311 40.3113 43.0116 41.4005 42.638 40.3609 46.0977 44.5982 42.4264 45.9674 43.8634 49.4975 46.0977 67.2681 63.6396 65.0692 61.7171 70.7107 64.0312 69.527 71.0634 68.0074 58.5235 56.648 57.3847 54.626 59.6154 60.4152 58.6003 55.9017 61.2699 56.8243 60.4152 62.6498 58.3095 80.7527 76.1183 71.1969 81.3941 71.5891 81.7863 72.0347 82.4621 55.2268 50.2494 45.2769 55.4437 45.5412 50.636 45.7056 55.9017 50.9902 68.0074 64.0312 55.0364 66.2873 50.04 22.3607 61.0328 64.1405 59.9083 63.6318 67.082 58.3095 36.0555 34.4819 30.8869 28.178 31.9531 31.6228 26.9258 28.1603 30.4138 25.4951 12 10 10.4403 8.6023 7.0711 5 10.4403 5 0 
PICKUP_AND_DELIVERY_SECTION
1 0 0 0 0 0 0
2 0 0 0 0 10 40
3 0 0 0 0 30 20
4 0 0 0 0 10 40
5 0 0 0 0 10 20
6 0 0 0 0 10 20
7 0 0 0 0 20 50
8 0 0 0 0 20 20
9 0 0 0 0 20 10
10 0 0 0 0 10 40
11 0 0 0 0 10 50
12 0 0 0 0 10 50
13 0 0 0 0 20 40
14 0 0 0 0 30 10
15 0 0 0 0 10 20
16 0 0 0 0 40 20
17 0 0 0 0 40 30
18 0 0 0 0 20 40
19 0 0 0 0 20 50
20 0 0 0 0 10 10
21 0 0 0 0 10 20
22 0 0 0 0 20 50
23 0 0 0 0 20 20
24 0 0 0 0 10 20
25 0 0 0 0 10 50
26 0 0 0 0 40 10
27 0 0 0 0 10 50
28 0 0 0 0 10 30
29 0 0 0 0 20 20
30 0 0 0 0 10 30
31 0 0 0 0 10 50
32 0 0 0 0 20 20
33 0 0 0 0 30 40
34 0 0 0 0 40 30
35 0 0 0 0 20 50
36 0 0 0 0 10 30
37 0 0 0 0 10 50
38 0 0 0 0 20 20
39 0 0 0 0 30 20
40 0 0 0 0 20 40
41 0 0 0 0 10 40
42 0 0 0 0 10 30
43 0 0 0 0 20 10
44 0 0 0 0 10 50
45 0 0 0 0 10 50
46 0 0 0 0 10 10
47 0 0 0 0 30 40
48 0 0 0 0 10 20
49 0 0 0 0 10 20
50 0 0 0 0 10 10
51 0 0 0 0 10 20
52 0 0 0 0 10 10
53 0 0 0 0 10 30
54 0 0 0 0 20 40
55 0 0 0 0 40 20
56 0 0 0 0 10 10
57 0 0 0 0 30 20
58 0 0 0 0 40 20
59 0 0 0 0 30 40
60 0 0 0 0 10 50
61 0 0 0 0 20 30
62 0 0 0 0 10 10
63 0 0 0 0 20 40
64 0 0 0 0 50 30
65 0 0 0 0 10 10
66 0 0 0 0 10 40
67 0 0 0 0 10 20
68 0 0 0 0 10 30
69 0 0 0 0 10 50
70 0 0 0 0 10 20
71 0 0 0 0 30 20
72 0 0 0 0 20 30
73 0 0 0 0 10 40
74 0 0 0 0 10 30
75 0 0 0 0 50 50
76 0 0 0 0 20 40
77 0 0 0 0 10 40
78 0 0 0 0 10 40
79 0 0 0 0 20 40
80 0 0 0 0 10 50
81 0 0 0 0 10 20
82 0 0 0 0 30 50
83 0 0 0 0 20 40
84 0 0 0 0 10 20
85 0 0 0 0 20 30
86 0 0 0 0 30 30
87 0 0 0 0 10 30
88 0 0 0 0 20 30
89 0 0 0 0 30 30
90 0 0 0 0 10 40
91 0 0 0 0 10 50
92 0 0 0 0 10 50
93 0 0 0 0 20 30
94 0 0 0 0 40 10
95 0 0 0 0 10 10
96 0 0 0 0 30 20
97 0 0 0 0 10 30
98 0 0 0 0 30 10
99 0 0 0 0 20 30
100 0 0 0 0 10 40
101 0 0 0 0 20 40
