NAME : c201
COMMENT : Converted to TSPLIB by Accorsi & Cavaliere.
TYPE : VRPSPD
DIMENSION : 101
EDGE_WEIGHT_TYPE : EXPLICIT
EDGE_WEIGHT_FORMAT : FULL_MATRIX
CAPACITY : 700
EDGE_WEIGHT_SECTION
0 27.7308 20.6155 29.0689 25.6125 15.1327 25.2982 26.9072 11.6619 23.3238 16.7631 19.6469 38.0789 30.8058 39.3573 36.0555 40.3113 33.3017 35.3553 39.0512 10 11.6619 12.1655 30.5287 15 24.0832 34.176 17.1172 36.3456 20 20.6155 33.541 31.6228 33.5261 32.3883 38.0789 35.3553 39.2938 41.2311 40.3113 32.249 18.6815 19.3132 16.5529 31.0483 22.3607 25.7099 18.0278 10.7703 31.0483 22.8035 25 21.2132 45.1774 40.05 35.0571 45 35.0571 45.0444 40.05 45.2769 22.3607 18.0278 14.1421 21.5407 25.318 16.5529 12.2066 20.0998 15.8114 58.5235 57.0088 23.8537 55.7136 19.8494 15.8114 52.2015 32.3883 39.2938 51.0784 51.4782 47.4342 35.3553 32.3883 31.0483 46.1736 26.4764 24.3311 26.9258 21.2603 20.6155 22.3607 44.2041 8.2462 40.6079 37.2022 24.1661 40.3113 30.8058 33.541 38.0789 
27.7308 0 8.6023 11.6619 12.0416 14.1421 48.8365 7.8102 23.4307 24.5153 19.2354 18.0278 28.7924 30 31.6228 32.3883 33.5261 34 37 37.3363 33.3017 29.0689 33.2415 39.0512 36.7967 31.3209 45.8803 37.0135 52 40.6079 37.7359 58 54.6717 56.2228 53.2541 61.7171 55.7584 61.0328 62.6817 60.0333 59.203 46.2385 47.0106 44.2832 58.5235 50.0899 53.1413 45.6508 38.4838 55.1453 50.2494 52.4786 48.2597 70.4557 65.7647 60.8276 71.0211 61.6117 71.3863 66.4906 72.0347 45.0444 40.05 35.0571 45.1774 50.636 40.3113 35.3553 46.0977 40.6079 62.2415 58.7282 45.0111 60.208 40.0125 12.2066 55.1725 36.0555 43.6005 57.0088 59.9083 51.8556 30.4795 28.2843 24.7588 44.6878 24.4131 31.3847 19.8494 11.7047 21.5407 17 18.0278 19.7231 14.7648 11.1803 36.4005 12.8062 6 5.8309 10.4403 
20.6155 8.6023 0 17.0294 15.5242 5.8309 40.3113 13 14.8661 17 10.7703 10.0499 25 23.5372 27.4591 26.9258 29.1548 27.4591 30.4138 31.6228 25 20.5183 24.7588 31.257 28.2843 23.3452 37.855 28.4253 43.6578 32.0156 29.1548 49.4975 46.0977 47.634 44.6542 53.1507 47.1699 52.4309 54.0833 51.4782 52.7731 39.2938 39.8497 37 51.6624 42.72 46.3249 38.0789 31.3209 50.0899 42.4853 44.7214 40.3113 65.0077 60.075 55.0818 65.192 55.4437 65.3758 60.407 65.7647 40.3113 35.3553 30.4138 40.1123 45.0111 35.0571 30.0666 40.1123 35 64.0312 61.0328 40.7922 61.7171 35.9026 5 57.0088 36.7967 44.5982 58 60.208 53.1507 33.541 30.8869 27.7308 47.5079 25.807 30.6105 22.3607 12.53 21.2132 18.0278 26.6271 12.3693 23.3238 19.7231 34.4819 21.2132 13.9284 14.1421 18.0278 
29.0689 11.6619 17.0294 0 3.6056 20.3961 53.3385 4.1231 29.4109 34.0147 27.1662 27 40.3113 40.4475 43.0813 43.4166 44.9444 44.4072 47.3814 48.2701 37.2156 34.5398 38.0132 48.0937 41.5933 40.1123 54.4518 42.5441 59.6657 46.0977 44.2719 62.1289 59.5399 61.2944 59.0931 66.3702 61.8466 66.6408 68.4471 66.4831 57.2451 45.8039 47.0106 44.6878 57.4543 50.448 52.1536 46.6905 38.9487 50.9608 51.6236 53.7587 50.2494 66.4831 62.2977 57.5847 67.6757 59.0931 68.352 63.6946 69.4622 40.8044 36.0555 31.3847 41.4367 47.5395 37.1618 32.6497 43.8292 38.0132 51.0882 47.3814 40.025 49.2037 35.171 17.4642 44.0454 26 33.121 46.3249 49.6488 41.0488 19.105 17.2047 13.6015 33.2415 14.5602 23.0868 9.4868 7.8102 14.1421 9.2195 16.7631 22.8254 13.3417 11 29 16.1245 7.2111 13.0384 17.4642 
25.6125 12.0416 15.5242 3.6056 0 18.0278 50.1199 4.4721 26.6833 32.249 25 25.1794 39.8246 39.0512 42.4853 42.3792 44.2832 42.9535 45.8912 47.1275 34 31.6228 34.9285 46 38.4838 38 52.1536 39.5601 57.0701 43.0813 41.4849 58.8303 56.356 58.1378 56.0803 63.1348 58.8727 63.561 65.3911 63.5689 53.6656 42.2019 43.4166 41.1096 53.8516 46.8615 48.5489 43.1393 35.3836 47.5395 48.0833 50.2096 46.7547 63.0635 58.8218 54.0833 64.195 55.5428 64.846 60.1664 65.9242 37.3631 32.573 27.8568 37.9473 44.0114 33.6155 29.0689 40.2492 34.4384 50.2096 46.7547 36.6742 48.1664 31.7805 15.0333 43.1393 24.1868 31.6228 45 48.0208 39.8246 18.6011 16.2788 12.8062 32.8024 12.53 20.3961 7.8102 4.4721 11 6 20.2485 19.6977 16.7631 14.1421 26.0768 19 9.2195 14.8661 19.6469 
15.1327 14.1421 5.8309 20.3961 18.0278 0 34.7131 16.7631 9.434 14.8661 7.0711 8.0623 26.2488 22.3607 28.2843 26.6271 29.7321 26 28.7924 30.8869 19.2094 15 19.105 28.0179 22.6716 20.025 34.1321 23.0217 39.2938 26.6271 24.1661 43.8634 40.6079 42.2019 39.4462 47.634 42.0595 47.1699 48.8774 46.5188 47.3814 33.7343 34.2053 31.3209 46.0977 37 40.7922 32.311 25.7099 45.3982 36.6742 38.9102 34.4819 60.0333 55 50 60.0333 50.1597 60.1332 55.1453 60.407 35.9026 31.0483 26.2488 35.5106 40.05 30.4138 25.4951 35 30.1496 63.5138 60.9016 36.6879 61.0328 31.9531 3 56.6039 36.0555 43.8292 57.0088 58.7282 52.4309 34.4819 31.6228 28.8617 47.927 26 29.0689 23.5372 14.0357 20.5913 18.6815 32.0156 7 28.6007 25 32.0156 26.9072 18.868 19.8494 23.8537 
25.2982 48.8365 40.3113 53.3385 50.1199 34.7131 0 50.4777 25.4558 30.4631 30.6105 33.0151 43.9318 33.541 43.4166 38.2099 43.1856 33.0606 33.0151 38.0132 16.1245 19.799 15.6205 24.0832 12.0416 24.7386 21.5407 12.2066 17.6918 8.9443 13.6015 9.2195 6.3246 8.2462 8.544 13.0384 11.4018 14.1421 16.1245 16.2788 31.241 21.4709 19.7231 18.3848 27.2029 18.4391 24.7588 15.6525 20.0998 38.833 14.1421 15 11.4018 46.4004 41.2311 37.4833 44.1022 34.8281 43.0465 38.833 41.5933 36.0555 34.7131 34.0588 34.176 32.7567 31.7805 31.0644 28.6356 29.8329 79.9062 79.3095 38.8973 76.9415 37.6563 37.0135 74.3303 56.0803 62.0322 72.0069 71.0634 69.3542 60.4152 57.4891 56.3205 70.1142 51.6624 48.1664 52.2015 45.6508 45.8803 47.5395 66.7083 30.5287 63.2535 59.6657 46.0435 61.5224 53.4135 54.4518 58.0517 
26.9072 7.8102 13 4.1231 4.4721 16.7631 50.4777 0 26 30 23.3452 23.0217 36.2491 36.3456 39 39.2938 40.8534 40.3113 43.2897 44.1475 34.4093 31.305 34.9857 44.1814 38.5876 36.2215 50.636 39.3573 56.0446 42.9418 40.8534 59.4054 56.6039 58.3095 55.9017 63.5138 58.6003 63.5295 65.2993 63.1585 56.4624 44.4185 45.4863 43.0116 56.356 48.8262 51 44.8219 37.2022 50.9902 49.679 51.8556 48.1041 66.4906 62.0967 57.28 67.4463 58.5235 68.0074 63.2456 68.9493 40.7922 35.9026 31.0483 41.2311 47.1275 36.6879 31.9531 43.0813 37.3363 54.4885 50.9313 40.3113 52.4976 35.3553 13.9284 47.4236 28.6531 36.0555 49.4065 52.4786 44.2041 22.6716 20.5183 16.9706 36.8782 17 24.7386 12.2066 6.3246 15.1327 10.198 17.4929 20 13.8924 10.7703 30.2655 15.1327 5 10.4403 15.2971 
11.6619 23.4307 14.8661 29.4109 26.6833 9.434 25.4558 26 0 11.6619 6.0828 9.0554 26.5707 19.2094 27.7308 24.4131 28.6531 21.9317 24.2074 27.5862 10.7703 5.6569 10 20.8806 13.4536 13.4164 26.0768 13.6015 30.4138 17.2047 14.8661 34.6554 31.241 32.8024 30.0167 38.2884 32.6497 37.7359 39.4462 37.1618 42.0476 28.0179 28.0179 25.02 40.05 30.2655 35 25.318 20.0998 42.3792 29.1204 31.3209 26.5707 55.9017 50.636 45.7056 55.3263 45.1774 55.1453 50.1597 55.0091 34 29.6816 25.6125 33.1059 36.4005 28.178 23.8537 31.0483 27.313 67.9779 65.9242 35.5106 65.2993 31.4006 12.083 61.327 40.8534 48.3322 60.9016 61.8547 56.7979 41.3038 38.3275 36.0555 53.8516 32.3883 33.1059 31 22.3607 26.4764 26 41.4005 8.2462 38.0132 34.4093 34.4093 36.0694 28.3019 29 32.6497 
23.3238 24.5153 17 34.0147 32.249 14.8661 30.4631 30 11.6619 0 8.0623 7.0711 15.2971 7.8102 16.1555 12.8062 17 11.1803 13.9284 16.4012 20.0998 14.1421 18 14.5602 20.2237 7.2111 21.5407 18.6815 28.3019 21.5407 17 39.3573 34.9857 36.0555 32.0156 41.8808 33.9706 39.6989 41.0366 37.5366 52.6118 38.6394 38.3275 35.3553 50.1597 40.05 45.3982 35.0571 31.0483 53.8516 38.0526 40.1123 35.1283 66.9403 61.6117 56.7539 66.0984 55.9017 65.7647 60.8276 65.3758 45.6508 41.3401 37.2022 44.7214 47.7598 39.8246 35.5106 42.3792 38.9102 78.032 75.591 47.1699 75.4718 43.0116 17.72 71.1969 50.6063 58.3095 71.2811 72.6223 66.888 49.3356 46.4866 43.6807 62.7694 40.8534 43.2666 38.3275 28.6356 35.3412 33.5261 41.7852 18.4391 38.8973 35.4401 45.3431 35.3412 30.4138 28.7924 30.8869 
16.7631 19.2354 10.7703 27.1662 25 7.0711 30.6105 23.3452 6.0828 8.0623 0 3 21.4709 15.8114 23.0217 20.5183 24.2074 19.2354 21.9317 24.4131 16.7631 11.1803 15.6525 21 18.868 13 27.2947 18.4391 32.8938 21.9317 18.6011 39.8246 36.0694 37.4833 34.2053 43.1393 36.6197 42.0119 43.6005 40.8167 48.0104 34 34.0588 31.0644 46.0977 36.3456 41.0122 31.4006 26.0192 47.8017 35.171 37.3631 32.573 61.6604 56.4358 51.4782 61.2046 51.0882 61.0737 56.0803 61 39 34.4384 30.0167 38.2753 41.9762 33.2415 28.6356 36.6742 32.573 69.9714 67.5352 40.2492 67.4166 35.8469 10.0499 63.1348 42.5441 50.2494 63.2456 64.6607 58.8303 41.4849 38.6005 35.9026 54.7814 32.8938 35.2278 30.5941 21.095 27.313 25.7099 37.2156 10.6301 34 30.4138 37.4833 31.4006 24.6982 24.4131 27.5862 
19.6469 18.0278 10.0499 27 25.1794 8.0623 33.0151 23.0217 9.0554 7.0711 3 0 18.868 14.3178 20.6155 18.6011 21.9317 18.0278 20.8806 22.8254 19.6469 13.9284 18.3848 21.2132 21.4709 13.3417 27.8927 20.8087 34.0147 24.2074 20.5183 42.2019 38.2884 39.6232 36.1248 45.3431 38.4187 43.9318 45.4533 42.4382 51.0098 37 37.054 34.0588 49.0918 39.3192 44.0114 34.3657 29.0172 50.6952 38.0789 40.2616 35.4401 64.6297 59.4138 54.4518 64.195 54.0833 64.0703 59.0762 64 41.7852 37.1618 32.6497 41.1096 44.911 36.0555 31.3847 39.6232 35.4401 71.5612 68.9638 42.9535 69.0652 38.4708 10.7703 64.6607 44.1022 51.8652 65 66.6033 60.4649 42.3792 39.5601 36.6879 55.9464 34.0147 37.0135 31.3209 21.587 28.6531 26.5707 35.7771 13.0384 32.6956 29.1548 39.6232 29.6816 23.7697 22.8254 25.6125 
38.0789 28.7924 25 40.3113 39.8246 26.2488 43.9318 36.2491 26.5707 15.2971 21.4709 18.868 0 10.4403 3 7.0711 5 12.2066 14.1421 11.1803 35.3553 29.4279 33.1361 21.9545 35 19.2354 28.6007 33.0606 36.6197 35.3553 30.4138 52.2015 47.4342 48.1041 43.4626 53.8516 44.7214 50.5371 51.4782 47.1699 67.897 53.9351 53.6004 50.636 65.3758 55.2268 60.6712 50.2494 46.3249 68.9493 53.0094 55 50 82.2253 76.9025 72.0347 81.3941 71.1969 81.0494 76.1183 80.6226 60.4152 55.9017 51.4782 59.6154 62.9365 54.626 50.0899 57.5674 53.8516 89.0225 86.0233 61.7171 86.6833 57.3062 28.2843 82.0061 61.7171 69.527 82.8794 84.8528 78.1025 58.3095 55.7584 52.4786 72.4017 50.8035 55.1543 47.1699 37.4433 46.0977 43.0116 42 31.9061 40.1123 37.3363 58.258 35 34.4819 30.4138 30 
30.8058 30 23.5372 40.4475 39.0512 22.3607 33.541 36.3456 19.2094 7.8102 15.8114 14.3178 10.4403 0 10 5.3852 10.198 4 7 8.6023 26.2488 20.6155 23.7697 12.0416 25.1794 9 19.105 23.0217 26.9072 25.0799 20.0998 41.7612 37 37.6962 33.1059 43.4626 34.4819 40.3113 41.3401 37.2022 58.6941 44.9222 44.3847 41.4849 55.9017 45.7056 51.4198 40.7922 37.6962 60.8358 43.1856 45.0999 40.1123 73.3757 68.0074 63.2456 72.2772 62.0967 71.8053 66.9403 71.1969 53 48.8262 44.8219 51.9711 54.626 47.1699 43.0116 49.2443 46.1411 85.7555 83.2406 54.6443 83.2166 50.6063 25.0799 78.8923 58.3095 66.0379 79.0569 80.4301 74.6257 56.648 53.8516 50.9215 70.2638 48.3322 51.0392 45.5412 35.7351 42.9418 40.8534 46.0977 26.2488 43.566 40.3113 53.1507 39.2938 36 33.3766 34.4819 
39.3573 31.6228 27.4591 43.0813 42.4853 28.2843 43.4166 39 27.7308 16.1555 23.0217 20.6155 3 10 0 5.3852 2 10.7703 12.2066 8.6023 35.9026 30.0832 33.541 20.6155 35.1283 19 26.9258 33.0151 34.9857 35.0571 30.0666 51.4198 46.5725 47.1275 42.3792 52.811 43.4626 49.2443 50.0899 45.6508 68.4471 54.5711 54.1295 51.1957 65.7647 55.5788 61.1882 50.636 47.1275 70.0071 53.1507 55.0818 50.0899 82.9699 77.6209 72.8011 82 71.8053 81.5843 76.6877 81.0494 61.7171 57.3062 53 60.8358 63.9062 55.9017 51.4782 58.5235 55.0364 91.4002 88.4816 63.1348 89.0225 58.8303 30.4795 84.4038 64.0312 71.8401 85.1469 87 80.4301 60.9016 58.3095 55.0727 74.9466 53.2541 57.3149 49.7393 39.9625 48.4149 45.4863 45 33.6006 43.1045 40.3113 60.208 38 37.3631 33.3766 33 
36.0555 32.3883 26.9258 43.4166 42.3792 26.6271 38.2099 39.2938 24.4131 12.8062 20.5183 18.6011 7.0711 5.3852 5.3852 0 5 5.3852 7.0711 5 31.6228 26 29.1204 15.2315 30.4138 14.1421 21.6333 28.1603 29.6816 30 25 46.0977 41.2311 41.7612 37 47.4342 38.0789 43.8634 44.7214 40.3113 64.0312 50.2892 49.7293 46.8402 61.1882 50.9902 56.7539 46.0977 43.0813 66.2118 48.3735 50.2494 45.2769 78.7464 73.3757 68.6222 77.6209 67.4463 77.1298 72.2772 76.4853 58.3095 54.0833 50 57.3062 60.0083 52.4786 48.2597 54.626 51.4782 90.1388 87.4643 59.9083 87.6584 55.8032 29.1548 83.2166 62.6817 70.4557 83.6002 85.1469 79.0569 60.4152 57.6975 54.626 74.2428 52.3546 55.6058 49.2443 39.3954 47.1699 44.7214 47.2652 31.1127 45.0444 42 58 40.3113 38.3275 35 35.3553 
40.3113 33.5261 29.1548 44.9444 44.2832 29.7321 43.1856 40.8534 28.6531 17 24.2074 21.9317 5 10.198 2 5 0 10.198 11.1803 7.0711 36.4005 30.6757 33.9559 19.9249 35.3553 19.105 25.9422 33.1361 34 35 30 50.9902 46.0977 46.5725 41.7612 52.2015 42.72 48.4665 49.2443 44.7214 68.884 55.0818 54.5711 51.6624 66.0984 55.9017 61.6117 50.9902 47.7598 70.7743 53.3385 55.2268 50.2494 83.5225 78.1601 73.3757 82.4621 72.2772 82 77.1298 81.3941 62.6498 58.3095 54.0833 61.7171 64.622 56.8243 52.4786 59.2368 55.9017 93.0054 90.1388 64.1405 90.6035 59.9083 32.0156 86.0233 65.6049 73.4098 86.6833 88.459 82.0061 62.6498 60.0333 56.8243 76.6616 54.9181 58.7963 51.4782 41.6773 50 47.1699 47 34.8281 45.0999 42.2966 61.5549 40 39.2938 35.3553 35 
33.3017 34 27.4591 44.4072 42.9535 26 33.0606 40.3113 21.9317 11.1803 19.2354 18.0278 12.2066 4 10.7703 5.3852 10.198 0 3 5.8309 27.7308 22.4722 25.0799 9.8489 25.9615 9.8489 16.4012 23.5372 24.4131 25.0799 20.0998 40.7922 35.9026 36.4005 31.6228 42.0595 32.6956 38.4838 39.3573 34.9857 59.7746 46.2385 45.5412 42.72 56.7539 46.5725 52.4976 41.7612 39.3573 62.6498 43.7379 45.5412 40.6079 74.6726 69.2892 64.622 73.3757 63.2456 72.8011 68.0074 72.0347 55.2178 51.225 47.4236 54.0833 56.356 49.4065 45.4533 51 48.2597 89.1852 86.7698 57.0088 86.6083 53.1507 28.7924 82.365 61.7738 69.4622 82.3772 83.6002 78.032 60.407 57.5847 54.7083 73.9256 52 54.3783 49.3356 39.5601 46.5188 44.5982 50.01 29.4109 47.5184 44.2832 56.2228 43.1741 40 37.3363 38.3275 
35.3553 37 30.4138 47.3814 45.8912 28.7924 33.0151 43.2897 24.2074 13.9284 21.9317 20.8806 14.1421 7 12.2066 7.0711 11.1803 3 0 5 29.1548 24.2074 26.4197 9.0554 26.9258 11.4018 14.7648 24.3516 22.8254 25.4951 20.6155 40.3113 35.3553 35.6931 30.8058 41.2311 31.6228 37.3363 38.0789 33.541 60.7454 47.4236 46.6154 43.8634 57.5674 47.4342 53.4883 42.72 40.8167 64.1405 44.3847 46.0977 41.2311 75.7694 70.3847 65.7951 74.3303 64.2573 73.6817 68.9493 72.8011 57.0088 53.1507 49.4975 55.8032 57.8014 51.225 47.4236 52.4786 50 91.7878 89.4427 58.8982 89.1852 55.1725 31.6228 85 64.4127 72.0694 84.9058 86.0233 80.6226 63.2456 60.407 57.5674 76.6942 54.7814 56.9386 52.2015 42.45 49.2443 47.4342 52.9528 31.9061 50.4876 47.2652 58.6003 46.0977 43 40.3113 41.2311 
39.0512 37.3363 31.6228 48.2701 47.1275 30.8869 38.0132 44.1475 27.5862 16.4012 24.4131 22.8254 11.1803 8.6023 8.6023 5 7.0711 5.8309 5 0 33.541 28.3019 30.8707 14.0357 31.6228 15.6525 19.3132 29.1204 27.313 30.4138 25.4951 45.2769 40.3113 40.6079 35.6931 46.0977 36.4005 42.0595 42.72 38.0789 65.4599 52 51.264 48.4665 62.3618 52.2015 58.1893 47.4342 45.1774 68.4763 49.2443 50.9902 46.0977 80.4114 75.0267 70.3847 79.0569 68.9493 78.4474 73.6817 77.6209 61.0328 57.0088 53.1507 59.9083 62.1772 55.2178 51.225 56.8243 54.0833 94.3398 91.7878 62.8013 91.8096 58.8982 33.541 87.4643 66.888 74.6257 87.6584 89.0225 83.2166 65 62.2415 59.2368 78.721 56.7979 59.6406 53.8516 44.0114 51.4782 49.2443 52.2398 34.8281 50.04 47 61.7171 45.2769 43.2897 40 40.3113 
10 33.3017 25 37.2156 34 19.2094 16.1245 34.4093 10.7703 20.0998 16.7631 19.6469 35.3553 26.2488 35.9026 31.6228 36.4005 27.7308 29.1548 33.541 0 6 2.8284 22.6274 5 17.8885 25.0599 7.2801 26.4764 10 11.1803 25 22.3607 24.1661 22.561 29.1548 25.4951 29.7321 31.6228 30.4138 32.5576 18.6815 18.2483 15.2971 30.0666 20 25.318 15 11.6619 34.9857 18.4391 20.6155 15.8114 47.1275 41.7612 37 46.0977 35.9026 45.7056 40.7922 45.2769 28.2843 25 22.3607 26.9072 28.6531 22.6716 19.7231 23.3238 21.2132 68.0074 66.7083 30.4795 65.146 27.4591 21.2132 61.8466 42.2966 49.0306 60.407 60.4152 57.0088 45.2769 42.2966 40.7922 56.1427 36.3456 34.2345 36.4005 29.5296 30.4138 31.6228 50.9313 14.4222 47.4236 43.8634 33.5261 46.0977 37.5366 39.0512 43.0116 
11.6619 29.0689 20.5183 34.5398 31.6228 15 19.799 31.305 5.6569 14.1421 11.1803 13.9284 29.4279 20.6155 30.0832 26 30.6757 22.4722 24.2074 28.3019 6 0 4.4721 18.868 7.8102 12.8062 22.8035 8.0623 26.0192 11.6619 10.0499 29 25.6125 27.2029 24.5967 32.6497 27.313 32.249 34 31.9531 38.4708 24.5153 24.1868 21.2132 36.0555 26 31.257 21 17.088 40.2492 24.3311 26.4764 21.587 52.8867 47.5395 42.72 51.9711 41.7732 51.6236 46.6905 51.2445 32.8024 29 25.6125 31.6228 34.0147 27.0185 23.3452 28.6356 25.807 70.0071 68.3081 34.7131 67.2309 31.1448 17.4929 63.5689 43.4166 50.5964 62.6498 63.1348 58.8727 45.0111 42.0119 40.05 56.8859 36.0139 35.4401 35.2278 27.2029 30.0167 30.2655 47.0106 12.1655 43.6005 40 35.7771 41.7253 33.8378 34.6554 38.2884 
12.1655 33.2415 24.7588 38.0132 34.9285 19.105 15.6205 34.9857 10 18 15.6525 18.3848 33.1361 23.7697 33.541 29.1204 33.9559 25.0799 26.4197 30.8707 2.8284 4.4721 0 19.799 3.6056 15.2315 22.3607 5 24.1868 8.2462 8.544 24.7588 21.6333 23.3238 21.1896 28.6007 24.0416 28.6356 30.4631 28.8617 34.9285 21.1896 20.6155 17.72 32.249 22.0907 27.6586 17.1172 14.4222 37.7359 20.0998 22.2036 17.2627 49.6488 44.2719 39.5601 48.5077 38.3275 48.0521 43.1741 47.5184 31.1127 27.8029 25.0599 29.7321 31.3847 25.4951 22.4722 26.0768 24.0416 70.5195 69.1231 33.3017 67.6757 30.2324 21.4009 64.2884 44.5533 51.4198 62.9682 63.0714 59.4811 47.0956 44.1022 42.4264 58.3095 38.1182 36.4966 37.855 30.4631 32.1403 32.9848 51.0882 15.2315 47.634 44.0454 36.0555 45.9674 37.8021 38.8973 42.638 
30.5287 39.0512 31.257 48.0937 46 28.0179 24.0832 44.1814 20.8806 14.5602 21 21.2132 21.9545 12.0416 20.6155 15.2315 19.9249 9.8489 9.0554 14.0357 22.6274 18.868 19.799 0 19.4165 8 7.2111 16.6433 14.8661 17.088 12.53 31.257 26.3059 26.6833 21.8403 32.28 22.8473 28.6356 29.5296 25.2389 52.8015 39.9625 38.9487 36.3593 49.3964 39.3954 45.618 34.8855 34.0588 57.2014 36.0555 37.6431 32.8938 67.9779 62.6099 58.1808 66.3099 56.3649 65.5515 60.9262 64.5136 50.9117 47.5079 44.4072 49.5177 50.8035 45.2769 42.0119 45.607 43.8406 88.6397 86.7295 53.0754 85.9069 49.8197 31.0161 82.0792 61.6847 69.0797 81.3941 81.9878 77.4726 61.9839 59.0339 56.5685 74.7262 53.1507 53.8516 51.3517 42.0476 47.2969 46.3897 56.3028 29.1204 53.4509 50 54.5894 49.7695 44.911 43.3244 45.1885 
15 36.7967 28.2843 41.5933 38.4838 22.6716 12.0416 38.5876 13.4536 20.2237 18.868 21.4709 35 25.1794 35.1283 30.4138 35.3553 25.9615 26.9258 31.6228 5 7.8102 3.6056 19.4165 0 16.2788 20.8087 2.8284 21.587 5 7.0711 21.2132 18.0278 19.7231 17.72 25 20.6155 25.0799 26.9258 25.4951 33.8378 20.5913 19.6977 17 30.8058 20.6155 26.5707 15.8114 14.8661 37.8021 18.0278 20 15 48.8467 43.4626 38.9102 47.4342 37.3363 46.8402 42.0595 46.0977 32.0156 29.1548 26.9258 30.4795 31.4006 26.6271 24.1661 26.2488 25 72.8011 71.5891 34.4093 69.9214 31.7648 25 66.7083 47.2652 53.9351 65.146 65 61.8466 50.2494 47.2652 45.7056 61.131 41.3038 39.2046 41.2311 34.0147 35.3553 36.4005 54.6717 18.7883 51.225 47.634 38.3275 49.4975 41.4005 42.4264 46.0977 
24.0832 31.3209 23.3452 40.1123 38 20.025 24.7386 36.2215 13.4164 7.2111 13 13.3417 19.2354 9 19 14.1421 19.105 9.8489 11.4018 15.6525 17.8885 12.8062 15.2315 8 16.2788 0 14.5602 14.0357 21.095 16.1245 11.1803 33.2415 28.6356 29.5296 25.2389 35.3553 27.0185 32.8024 34.0588 30.4138 50 36.4005 35.7351 32.8938 47.0744 36.8782 42.72 32.0156 29.5296 52.8394 34.2345 36.1248 31.1448 64.846 59.4643 54.7814 63.6003 53.4509 63.0635 58.2409 62.3699 45.607 41.7732 38.2099 44.4072 46.5296 39.8246 36.0694 41.1825 38.6005 81.3941 79.3095 47.5079 78.7147 43.8406 23.0217 74.7329 54.231 61.7414 74.3034 75.1665 70.214 54.1295 51.1957 48.6621 67.0522 45.3542 46.5188 43.4166 34.0588 39.5601 38.4708 48.8467 21.5407 45.8803 42.3792 47.7074 42.4853 37.108 35.8469 38.0789 
34.176 45.8803 37.855 54.4518 52.1536 34.1321 21.5407 50.636 26.0768 21.5407 27.2947 27.8927 28.6007 19.105 26.9258 21.6333 25.9422 16.4012 14.7648 19.3132 25.0599 22.8035 22.3607 7.2111 20.8087 14.5602 0 18.0278 8.0623 16.9706 13.8924 27.074 22.0907 22 17 27.1662 17.2627 22.8035 23.4094 18.7883 52.1536 40.3609 39.0512 36.7967 48.3735 38.833 45.2217 34.8281 35.609 58 34.9857 36.2353 31.9061 67.4166 62.1289 58.0086 65.3682 55.7584 64.4127 60.0333 63.0714 52.8015 49.93 47.4131 51.225 51.6236 47.4342 44.7772 46.6905 45.8039 92.6984 91.0934 55.2178 89.8888 52.4786 37.1214 86.3308 66.2193 73.3757 85.235 85.4283 81.5966 67.3647 64.3817 62.1289 79.6241 58.4209 58.2409 57.0351 48.0416 52.469 52.0384 63.3246 34.2345 60.407 56.921 58.3095 56.8595 51.6624 50.3289 52.3259 
17.1172 37.0135 28.4253 42.5441 39.5601 23.0217 12.2066 39.3573 13.6015 18.6815 18.4391 20.8087 33.0606 23.0217 33.0151 28.1603 33.1361 23.5372 24.3516 29.1204 7.2801 8.0623 5 16.6433 2.8284 14.0357 18.0278 0 19.2354 3.6056 4.2426 21.4009 17.6918 19.2094 16.5529 24.7588 19.3132 24.1868 25.9422 24.0416 36.4005 23.3238 22.3607 19.7231 33.2415 23.0868 29.1548 18.3848 17.6918 40.6079 20.2237 22.0907 17.1172 51.4782 46.0977 41.5933 49.98 39.9249 49.3356 44.5982 48.5077 34.8281 31.9061 29.5466 33.3017 34.2053 29.4109 26.8328 29.0689 27.8029 75.2861 73.9797 37.2022 72.4224 34.4819 25.5539 69.1231 49.4975 56.2939 67.6757 67.624 64.2884 52.0865 49.0918 47.3814 63.2851 43.1045 41.4367 42.7551 35.1141 37.1214 37.855 55 19.9249 51.614 48.0104 40.8044 49.5782 41.8808 42.5206 45.9674 
36.3456 52 43.6578 59.6657 57.0701 39.2938 17.6918 56.0446 30.4138 28.3019 32.8938 34.0147 36.6197 26.9072 34.9857 29.6816 34 24.4131 22.8254 27.313 26.4764 26.0192 24.1868 14.8661 21.587 21.095 8.0623 19.2354 0 16.7631 16 20.8806 16.1555 15.5242 10.7703 20.025 10.0499 15.1327 15.5242 10.7703 48.9183 38.6005 37.0135 35.2278 44.8219 36.0694 42.4264 32.8024 35.3412 56.2228 31.8277 32.6497 29 64.0312 58.8982 55.1725 61.6117 52.4976 60.4649 56.4004 58.8303 52.3546 50.1597 48.3839 50.6063 50 47.4236 45.5412 45.4863 45.618 94.3716 93.1719 55.0091 91.4822 52.9245 42.2019 88.295 68.7314 75.505 86.6833 86.3771 83.4326 71 68 66.0681 82.4924 62 60.6712 61.2046 52.7731 56 56.2228 69.7782 38.1182 66.7083 63.1585 59.9083 63.5295 57.5847 56.7979 59.1692 
20 40.6079 32.0156 46.0977 43.0813 26.6271 8.9443 42.9418 17.2047 21.5407 21.9317 24.2074 35.3553 25.0799 35.0571 30 35 25.0799 25.4951 30.4138 10 11.6619 8.2462 17.088 5 16.1245 16.9706 3.6056 16.7631 0 5 18.0278 14.1421 15.6205 13 21.2132 15.8114 20.5913 22.3607 20.6155 35.7771 23.4307 22.2036 19.8494 32.311 22.3607 28.6531 18.0278 18.868 41.0366 18.9737 20.6155 15.8114 51 45.6508 41.3401 49.2443 39.3573 48.4665 43.8634 47.4342 36.0555 33.541 31.6228 34.4093 34.6554 30.8869 28.7924 29.7321 29.1548 77.6209 76.4853 38.5876 74.7262 36.2491 29.1548 71.5891 52.2398 58.8558 69.9214 69.6419 66.7083 55.2268 52.2398 50.636 66.1211 46.2709 44.1814 46.0977 38.6264 40.3113 41.2311 58.6003 23.4094 55.2178 51.614 43.1741 53.1507 45.4863 46.0977 49.4975 
20.6155 37.7359 29.1548 44.2719 41.4849 24.1661 13.6015 40.8534 14.8661 17 18.6011 20.5183 30.4138 20.0998 30.0666 25 30 20.0998 20.6155 25.4951 11.1803 10.0499 8.544 12.53 7.0711 11.1803 13.8924 4.2426 16 5 0 22.3607 18.0278 19.2094 15.6205 25 18.0278 23.4307 25 22.3607 40.3113 27.4591 26.4197 23.8537 37 26.9258 33.1059 22.3607 21.9317 44.8219 23.7697 25.4951 20.6155 55.4617 50.0899 45.6508 53.8516 43.8634 53.1413 48.4665 52.2015 39.0512 36.0555 33.541 37.5366 38.4187 33.6006 30.8869 33.3017 32.0156 79.0569 77.6209 41.4005 76.2168 38.5876 26.9258 72.8011 52.9528 59.9083 71.5122 71.5891 68.0074 55 52 50.0899 66.6108 46 44.911 45.2769 37.108 40 40.3113 55.7584 22.2036 52.4786 48.8774 44.5982 50 42.9418 43.0116 46.0977 
33.541 58 49.4975 62.1289 58.8303 43.8634 9.2195 59.4054 34.6554 39.3573 39.8246 42.2019 52.2015 41.7612 51.4198 46.0977 50.9902 40.7922 40.3113 45.2769 25 29 24.7588 31.257 21.2132 33.2415 27.074 21.4009 20.8806 18.0278 22.3607 0 5 5.3852 10.198 5 11.1803 9.434 11.1803 14.1421 31.0644 25.1794 23.1948 23 26.6271 20.6155 26 20 26.4764 40.8534 16.2788 15.8114 15 45.3431 40.6079 37.7359 42.4264 34.4093 41.0366 37.5366 39.0512 40.3113 40 40.3113 38.3275 35.4401 37 37.3363 32.3883 35 85.1469 85 43.2897 82.1523 43 46.0977 80 62.8013 68.1836 77.1622 75.6637 75 68.0074 65.146 64.2573 76.7919 59.4643 55.109 60.4152 54.3783 53.8516 55.9017 75.8222 39.4081 72.3464 68.7677 52.2398 70.7107 62.482 63.6396 67.2681 
31.6228 54.6717 46.0977 59.5399 56.356 40.6079 6.3246 56.6039 31.241 34.9857 36.0694 38.2884 47.4342 37 46.5725 41.2311 46.0977 35.9026 35.3553 40.3113 22.3607 25.6125 21.6333 26.3059 18.0278 28.6356 22.0907 17.6918 16.1555 14.1421 18.0278 5 0 2 5.3852 7.0711 7.0711 8 10 11.1803 34.0588 26.2488 24.3516 23.5372 29.7321 22.3607 28.3019 20.6155 26 42.9418 17.8885 18.0278 15.8114 48.7955 43.8634 40.6079 46.0977 37.5366 44.8219 41.0366 43.0116 41.2311 40.3113 40 39.2938 37.1618 37.3363 37 33.5261 35.3553 85.5862 85.1469 44.1475 82.6075 43.2897 43.0116 80.1561 62.2013 68 77.6466 76.4853 75.1665 66.7083 63.7887 62.6418 76.2365 57.9741 54.3323 58.5235 51.8845 52.2015 53.8516 72.6223 36.7151 69.2026 65.6049 52 67.2681 59.4054 60.208 63.6396 
33.5261 56.2228 47.634 61.2944 58.1378 42.2019 8.2462 58.3095 32.8024 36.0555 37.4833 39.6232 48.1041 37.6962 47.1275 41.7612 46.5725 36.4005 35.6931 40.6079 24.1661 27.2029 23.3238 26.6833 19.7231 29.5296 22 19.2094 15.5242 15.6205 19.2094 5.3852 2 0 5 5.8309 5.8309 6 8 9.434 35.609 28.1603 26.2488 25.4951 31.241 24.1661 30.0167 22.561 28 44.7214 19.6977 19.7231 17.72 50.2096 45.3431 42.2019 47.4236 39.0512 46.0977 42.4264 44.2041 43.1741 42.2966 42 41.2311 39 39.3192 39 35.4401 37.3363 87.5728 87.1436 46.0977 84.5931 45.2769 44.6542 82.1523 64.195 70 79.6304 78.4474 77.1622 68.6586 65.7343 64.56 78.2304 59.9083 56.3205 60.407 53.6656 54.1202 55.7136 74.2024 38.4708 70.8025 67.2012 54 68.7677 61.0328 61.7171 65.0692 
32.3883 53.2541 44.6542 59.0931 56.0803 39.4462 8.544 55.9017 30.0167 32.0156 34.2053 36.1248 43.4626 33.1059 42.3792 37 41.7612 31.6228 30.8058 35.6931 22.561 24.5967 21.1896 21.8403 17.72 25.2389 17 16.5529 10.7703 13 15.6205 10.198 5.3852 5 0 10.4403 3 7.8102 9.434 8 38.8973 29.9666 28.178 26.9258 34.6554 26.6271 32.8024 24.1661 28.4429 47.1699 22.2036 22.6716 19.7231 53.8145 48.7955 45.3431 51.225 42.4264 50 46.0977 48.2597 44.5982 43.1741 42.2966 42.72 41.1825 40.2616 39.3192 37.1618 38.3275 88.2836 87.5728 47.4342 85.3288 46.0977 42.0595 82.6075 64 70.1783 80.4114 79.555 77.6466 67.7422 64.7765 63.3482 78.0064 58.8558 56.0089 58.9406 51.6236 52.9528 54.1202 71.2811 36.4005 67.9559 64.3506 54.231 65.6049 58.3095 58.6003 61.7171 
38.0789 61.7171 53.1507 66.3702 63.1348 47.634 13.0384 63.5138 38.2884 41.8808 43.1393 45.3431 53.8516 43.4626 52.811 47.4342 52.2015 42.0595 41.2311 46.0977 29.1548 32.6497 28.6007 32.28 25 35.3553 27.1662 24.7588 20.025 21.2132 25 5 7.0711 5.8309 10.4403 0 10 5.8309 7.0711 11.1803 35.3553 30.1496 28.1603 28 30.8869 25.4951 30.6757 25 31.4006 45.5412 21.2132 20.6155 20 49.2037 44.6542 42.0595 46.0977 38.5876 44.5982 41.4005 42.4264 45.2769 45 45.2769 43.2897 40.2616 42 42.2966 37.3363 40 90.1388 90 48.2597 87.1436 48 50 85 67.7422 73.171 82.1523 80.6226 80 72.8011 69.9214 68.9493 81.7435 64.195 60.0167 65 58.6686 58.5235 60.4152 79.6492 43.566 76.2168 72.6223 57.2189 74.3303 66.4003 67.2681 70.7107 
35.3553 55.7584 47.1699 61.8466 58.8727 42.0595 11.4018 58.6003 32.6497 33.9706 36.6197 38.4187 44.7214 34.4819 43.4626 38.0789 42.72 32.6956 31.6228 36.4005 25.4951 27.313 24.0416 22.8473 20.6155 27.0185 17.2627 19.3132 10.0499 15.8114 18.0278 11.1803 7.0711 5.8309 3 10 0 5.8309 7.0711 5 41.1096 32.6956 30.8707 29.7321 36.7967 29.1548 35.2278 26.9258 31.4006 49.7393 24.6982 25 22.3607 55.8659 50.9313 47.634 53.1507 44.5982 51.8556 48.1041 50 47.4342 46.0977 45.2769 45.5412 43.8292 43.1741 42.2966 39.9249 41.2311 91.2414 90.5539 50.2892 88.2836 49.0306 44.7214 85.5862 67 73.171 83.3607 82.4621 80.6226 70.7107 67.7422 66.2873 81.0062 61.8142 59.0085 61.8466 54.4243 55.9017 57.0088 73.7835 39.2173 70.4911 66.888 57.2189 68.0074 60.9016 61.0328 64.0312 
39.2938 61.0328 52.4309 66.6408 63.561 47.1699 14.1421 63.5295 37.7359 39.6989 42.0119 43.9318 50.5371 40.3113 49.2443 43.8634 48.4665 38.4838 37.3363 42.0595 29.7321 32.249 28.6356 28.6356 25.0799 32.8024 22.8035 24.1868 15.1327 20.5913 23.4307 9.434 8 6 7.8102 5.8309 5.8309 0 2 5.3852 40.4969 33.9559 32.0156 31.4006 36.0555 29.7321 35.3412 28.4429 34 50.1597 25.2982 25.0799 23.5372 54.6717 50 47.1699 51.6624 43.8292 50.2096 46.8615 48.1041 49.0306 48.2597 48 47.0744 44.5982 45.2769 45 41.2311 43.2897 93.5361 93.1343 51.9711 90.5539 51.2445 49.7393 88.1419 70.1783 76 85.5862 84.3445 83.1505 74.5252 71.5891 70.342 84.214 65.7343 62.2896 66.0984 59.0931 59.9083 61.3514 79.0569 43.8634 75.7166 72.111 60 73.4098 66.0379 66.4003 69.527 
41.2311 62.6817 54.0833 68.4471 65.3911 48.8774 16.1245 65.2993 39.4462 41.0366 43.6005 45.4533 51.4782 41.3401 50.0899 44.7214 49.2443 39.3573 38.0789 42.72 31.6228 34 30.4631 29.5296 26.9258 34.0588 23.4094 25.9422 15.5242 22.3607 25 11.1803 10 8 9.434 7.0711 7.0711 2 0 5 42.19 35.9026 33.9559 33.3766 37.7359 31.6228 37.1618 30.4138 36 52 27.2029 26.9258 25.4951 56.2228 51.614 48.8774 53.1507 45.4863 51.6624 48.4149 49.4975 50.9902 50.2494 50 49.0306 46.4866 47.2652 47 43.1741 45.2769 95.5249 95.1315 53.9351 92.5419 53.2353 51.4782 90.1388 72.1734 78 87.5728 86.3134 85.1469 76.4853 73.5459 72.2772 86.209 67.6831 64.2806 68.0074 60.9262 61.8466 63.2456 80.7094 45.6946 77.3886 73.7835 62 75 67.7422 68.0074 71.0634 
40.3113 60.0333 51.4782 66.4831 63.5689 46.5188 16.2788 63.1585 37.1618 37.5366 40.8167 42.4382 47.1699 37.2022 45.6508 40.3113 44.7214 34.9857 33.541 38.0789 30.4138 31.9531 28.8617 25.2389 25.4951 30.4138 18.7883 24.0416 10.7703 20.6155 22.3607 14.1421 11.1803 9.434 8 11.1803 5 5.3852 5 0 45 37.3363 35.4683 34.4819 40.6079 33.541 39.4462 31.6228 36.3456 54.1202 29.0689 29.1548 26.9258 59.4643 54.6717 51.614 56.5685 48.4149 55.1725 51.6624 53.1507 52.2015 50.9902 50.2494 50.2892 48.3322 48.0521 47.2652 44.5982 46.0977 96.1769 95.5249 55.0818 93.2148 53.9351 49.2443 90.5539 72 78.1601 88.2836 87.3212 85.5862 75.6637 72.6911 71.1969 86.0058 66.7533 64.0078 66.7083 59.1354 60.8276 61.8466 78.032 43.9659 74.793 71.1969 62.2013 72.111 65.2993 65.192 68.0074 
32.249 59.203 52.7731 57.2451 53.6656 47.3814 31.241 56.4624 42.0476 52.6118 48.0104 51.0098 67.897 58.6941 68.4471 64.0312 68.884 59.7746 60.7454 65.4599 32.5576 38.4708 34.9285 52.8015 33.8378 50 52.1536 36.4005 48.9183 35.7771 40.3113 31.0644 34.0588 35.609 38.8973 35.3553 41.1096 40.4969 42.19 45 0 14.0357 14.3178 17.2627 4.4721 13.4164 7.2801 18.0278 22 12.1655 17.2047 16.2788 20.2485 15.2643 10 6.7082 13.6015 3.6056 13.1529 8.2462 13.0384 18.4391 22.0227 26.0768 16.9706 10.6301 20.2485 24.5967 13.4164 19.2354 60.208 61.4003 20.8087 57.2713 24.0416 47.8539 56.6127 45 47.4131 52.3927 49.4975 51.8652 53.7587 51.6236 52.4976 57.3062 47.634 39.598 51.0392 50.1597 44.1022 48.3735 73.8241 40.4475 70.2638 67.2309 34.0588 71.1688 61.0983 64.846 69.6419 
18.6815 46.2385 39.2938 45.8039 42.2019 33.7343 21.4709 44.4185 28.0179 38.6394 34 37 53.9351 44.9222 54.5711 50.2892 55.0818 46.2385 47.4236 52 18.6815 24.5153 21.1896 39.9625 20.5913 36.4005 40.3609 23.3238 38.6005 23.4307 27.4591 25.1794 26.2488 28.1603 29.9666 30.1496 32.6956 33.9559 35.9026 37.3363 14.0357 0 2 3.6056 12.3693 5.3852 7.0711 5.8309 8.0623 17.6918 9 10.198 10.4403 28.4605 23.0868 18.3848 27.4591 17.2627 27.1662 22.2036 27 15.1327 15.2971 17 13.1529 11.4018 12.3693 14.4222 7.2801 10.4403 60.0333 60.075 18.1108 57.0351 18.2483 34.4819 55.0818 39.2173 43.7379 52.0384 50.4876 50.0899 46.1411 43.566 43.6005 52.8867 38.6005 32.2025 41.0366 38.2753 33.9706 37.5366 61.9112 26.9258 58.3095 55.0727 28.1603 58.6003 48.7647 52 56.648 
19.3132 47.0106 39.8497 47.0106 43.4166 34.2053 19.7231 45.4863 28.0179 38.3275 34.0588 37.054 53.6004 44.3847 54.1295 49.7293 54.5711 45.5412 46.6154 51.264 18.2483 24.1868 20.6155 38.9487 19.6977 35.7351 39.0512 22.3607 37.0135 22.2036 26.4197 23.1948 24.3516 26.2488 28.178 28.1603 30.8707 32.0156 33.9559 35.4683 14.3178 2 0 3 12.0416 3.6056 7.0711 4.2426 8.544 19.2094 7 8.2462 8.544 29.1548 23.7697 19.2354 27.8927 17.72 27.4591 22.561 27.074 17.1172 17.2627 18.7883 15.1327 13.0384 14.3178 16.1245 9.2195 12.3693 62.0322 62.0725 20.0998 59.0339 20.2237 35.1141 57.0789 41.1096 45.7056 54.037 52.469 52.0865 47.8853 45.2769 45.2217 54.8179 40.2244 34.0147 42.5206 39.4081 35.4683 38.8973 62.9682 27.5136 59.3633 56.0803 30.0832 59.4811 49.7393 52.8015 57.3847 
16.5529 44.2832 37 44.6878 41.1096 31.3209 18.3848 43.0116 25.02 35.3553 31.0644 34.0588 50.636 41.4849 51.1957 46.8402 51.6624 42.72 43.8634 48.4665 15.2971 21.2132 17.72 36.3593 17 32.8938 36.7967 19.7231 35.2278 19.8494 23.8537 23 23.5372 25.4951 26.9258 28 29.7321 31.4006 33.3766 34.4819 17.2627 3.6056 3 0 15.0333 5.8309 10.0499 3 5.8309 21.2132 7.6158 9.434 8 31.9531 26.5707 21.9317 30.8058 20.6155 30.4138 25.4951 30.0666 17.72 17 17.72 15.8114 14.8661 14 14.8661 10.2956 12 62.2013 62 20.6155 59.2115 20 32.311 57 40.2616 45.2769 54.231 52.9528 52 46.5188 43.8292 43.566 54.1295 38.5876 32.8938 40.6079 37.0135 33.6006 36.7967 60.4649 24.6982 56.8595 53.535 29.4279 56.8243 47.1699 50.0899 54.626 
31.0483 58.5235 51.6624 57.4543 53.8516 46.0977 27.2029 56.356 40.05 50.1597 46.0977 49.0918 65.3758 55.9017 65.7647 61.1882 66.0984 56.7539 57.5674 62.3618 30.0666 36.0555 32.249 49.3964 30.8058 47.0744 48.3735 33.2415 44.8219 32.311 37 26.6271 29.7321 31.241 34.6554 30.8869 36.7967 36.0555 37.7359 40.6079 4.4721 12.3693 12.0416 15.0333 0 10.198 5.3852 15.1327 20.3961 16 13.4164 12.2066 16.5529 19.2094 14.1421 11.1803 17 7.8102 16.1555 11.6619 15.2971 20.5913 23.4307 26.9072 18.868 13 21.2132 25 14.1421 19.8494 63.7887 64.7611 23.2594 60.8276 25.807 46.8402 59.9083 47.1699 50.1597 55.9017 53.2353 55.0818 55.4437 53.1507 53.7401 59.9333 48.7955 41.2311 51.8556 50.1199 44.8219 48.8262 73.8241 39.2938 70.2353 67.082 36.0555 70.7743 60.8358 64.2573 68.9493 
22.3607 50.0899 42.72 50.448 46.8615 37 18.4391 48.8262 30.2655 40.05 36.3456 39.3192 55.2268 45.7056 55.5788 50.9902 55.9017 46.5725 47.4342 52.2015 20 26 22.0907 39.3954 20.6155 36.8782 38.833 23.0868 36.0694 22.3607 26.9258 20.6155 22.3607 24.1661 26.6271 25.4951 29.1548 29.7321 31.6228 33.541 13.4164 5.3852 3.6056 5.8309 10.198 0 6.4031 5 11.6619 20.5913 4.4721 5 7.0711 28.6531 23.3238 19.2094 26.9258 17 26.2488 21.5407 25.4951 20 20.6155 22.3607 18 14.8661 17.72 19.7231 12 15.8114 65 65.192 23 62 23.5372 38.0789 60.208 44.5982 49.0306 57 55.2268 55.2268 51.4782 48.8774 48.8262 58.2409 43.8292 37.5766 46.0977 42.8019 39.0512 42.4264 66.2873 30.4631 62.6817 59.3633 33.5261 62.6498 53 55.9017 60.4152 
25.7099 53.1413 46.3249 52.1536 48.5489 40.7922 24.7588 51 35 45.3982 41.0122 44.0114 60.6712 51.4198 61.1882 56.7539 61.6117 52.4976 53.4883 58.1893 25.318 31.257 27.6586 45.618 26.5707 42.72 45.2217 29.1548 42.4264 28.6531 33.1059 26 28.3019 30.0167 32.8024 30.6757 35.2278 35.3412 37.1618 39.4462 7.2801 7.0711 7.0711 10.0499 5.3852 6.4031 0 10.7703 15.1327 14.8661 10.6301 10.2956 13.4536 22.3607 17 12.8062 20.8806 10.7703 20.3961 15.5242 20.025 16.7631 18.868 21.9317 14.8661 10 16.4012 19.8494 9.434 14.8661 61.2046 61.8142 19.6469 58.2151 21.4709 41.4849 56.8859 42.9418 46.4866 53.2353 51 51.9711 50.8035 48.4149 48.8365 56.0803 43.8634 36.6197 46.7547 44.7772 39.6989 43.6005 68.4763 33.9559 64.8845 61.7171 31.7648 65.3911 55.4617 58.8727 63.5689 
18.0278 45.6508 38.0789 46.6905 43.1393 32.311 15.6525 44.8219 25.318 35.0571 31.4006 34.3657 50.2494 40.7922 50.636 46.0977 50.9902 41.7612 42.72 47.4342 15 21 17.1172 34.8855 15.8114 32.0156 34.8281 18.3848 32.8024 18.0278 22.3607 20 20.6155 22.561 24.1661 25 26.9258 28.4429 30.4138 31.6228 18.0278 5.8309 4.2426 3 15.1327 5 10.7703 0 7.8102 23.4307 5 7.0711 5 33.1059 27.7308 23.3238 31.6228 21.5407 31.0483 26.2488 30.4138 20.6155 20 20.6155 18.6815 17.2047 17 17.72 13 15 65.192 65 23.5372 62.2013 23 33.541 60 43.1741 48.2597 57.2189 55.9017 55 49.2443 46.5188 46.1411 57.0701 41.1825 35.7351 43.0116 38.9487 36.0555 39.0512 62.2013 25.9422 58.6003 55.2178 32.3883 58.3095 48.8262 51.4782 55.9017 
10.7703 38.4838 31.3209 38.9487 35.3836 25.7099 20.0998 37.2022 20.0998 31.0483 26.0192 29.0172 46.3249 37.6962 47.1275 43.0813 47.7598 39.3573 40.8167 45.1774 11.6619 17.088 14.4222 34.0588 14.8661 29.5296 35.609 17.6918 35.3412 18.868 21.9317 26.4764 26 28 28.4429 31.4006 31.4006 34 36 36.3456 22 8.0623 8.544 5.8309 20.3961 11.6619 15.1327 7.8102 0 23.3238 12.8062 14.8661 12.083 35.9026 30.5941 25.7099 35.2278 25.0799 35.0571 30.0666 35.0143 17.2047 14.8661 14 15.6205 17 12.083 11 11.6619 10.2956 59.8415 59.2115 19.7231 56.8859 17.72 26.5707 54.231 36.3456 42 51.9711 51.2445 49.2544 41.7852 39 38.4708 50.3587 33.541 28.6356 35.2278 31.241 28.3019 31.241 54.6443 18.9737 51.0392 47.7074 26 51 41.3401 44.2832 48.8467 
31.0483 55.1453 50.0899 50.9608 47.5395 45.3982 38.833 50.9902 42.3792 53.8516 47.8017 50.6952 68.9493 60.8358 70.0071 66.2118 70.7743 62.6498 64.1405 68.4763 34.9857 40.2492 37.7359 57.2014 37.8021 52.8394 58 40.6079 56.2228 41.0366 44.8219 40.8534 42.9418 44.7214 47.1699 45.5412 49.7393 50.1597 52 54.1202 12.1655 17.6918 19.2094 21.2132 16 20.5913 14.8661 23.4307 23.3238 0 25.0599 25.0799 27.4591 15.5242 11.6619 7.8102 17 11.1803 18.0278 14.1421 19.8494 10.198 15.1327 20.0998 10 6.4031 15.0333 20.025 11.6619 15.2971 48.0521 49.3356 11.1803 45.1221 15.8114 45.0999 44.5982 34.6554 36.0555 40.2616 37.3363 39.9249 44.2041 42.4382 43.909 46.0435 39.3573 30.5287 43.4626 44.7214 37 41.7612 67.72 38.4708 64.2884 61.6117 24.4131 66.0984 55.9017 60.407 65.3758 
22.8035 50.2494 42.4853 51.6236 48.0833 36.6742 14.1421 49.679 29.1204 38.0526 35.171 38.0789 53.0094 43.1856 53.1507 48.3735 53.3385 43.7379 44.3847 49.2443 18.4391 24.3311 20.0998 36.0555 18.0278 34.2345 34.9857 20.2237 31.8277 18.9737 23.7697 16.2788 17.8885 19.6977 22.2036 21.2132 24.6982 25.2982 27.2029 29.0689 17.2047 9 7 7.6158 13.4164 4.4721 10.6301 5 12.8062 25.0599 0 2.2361 3.1623 32.45 27.2029 23.3452 30.4138 20.8087 29.5466 25.0599 28.4605 24.0832 24.1868 25.2982 22.0907 19.3132 21.2132 22.4722 16.1245 19.2354 69.029 69.0652 27.074 66.0303 27.1662 38.0789 64.0703 47.8017 52.6118 61.0328 59.4138 59.0762 54.1295 51.4296 51.1077 61.6117 46.1411 40.4969 48.0104 43.8634 41.0488 44.0454 67.0075 30.5287 63.4114 60 36.8782 62.9682 53.6004 56.0803 60.4152 
25 52.4786 44.7214 53.7587 50.2096 38.9102 15 51.8556 31.3209 40.1123 37.3631 40.2616 55 45.0999 55.0818 50.2494 55.2268 45.5412 46.0977 50.9902 20.6155 26.4764 22.2036 37.6431 20 36.1248 36.2353 22.0907 32.6497 20.6155 25.4951 15.8114 18.0278 19.7231 22.6716 20.6155 25 25.0799 26.9258 29.1548 16.2788 10.198 8.2462 9.434 12.2066 5 10.2956 7.0711 14.8661 25.0799 2.2361 0 5 31.4006 26.2488 22.6716 29.1548 19.8494 28.178 23.8537 26.9258 25 25.4951 26.9258 23 19.6469 22.561 24.1661 17 20.6155 70 70.1783 28 67 28.4429 40.3113 65.192 49.3356 53.9351 62 60.208 60.208 55.9017 53.2353 53 63.0635 48.0208 42.1545 50 46.0109 43.0116 46.0977 69.2026 32.7567 65.6049 62.2013 38.3275 65.192 55.8032 58.3095 62.6498 
21.2132 48.2597 40.3113 50.2494 46.7547 34.4819 11.4018 48.1041 26.5707 35.1283 32.573 35.4401 50 40.1123 50.0899 45.2769 50.2494 40.6079 41.2311 46.0977 15.8114 21.587 17.2627 32.8938 15 31.1448 31.9061 17.1172 29 15.8114 20.6155 15 15.8114 17.72 19.7231 20 22.3607 23.5372 25.4951 26.9258 20.2485 10.4403 8.544 8 16.5529 7.0711 13.4536 5 12.083 27.4591 3.1623 5 0 35.5106 30.2324 26.2488 33.541 23.8537 32.6956 28.178 31.6228 25.4951 25 25.4951 23.5372 21.4709 22 22.561 17.72 20 70.1783 70 28.4429 67.1863 28 36.0555 65 48.0521 53.2353 62.2013 60.8276 60 53.8516 51.0784 50.5371 61.9839 45.618 40.5216 47.1699 42.45 40.3113 43.0116 65.2993 28.6007 61.7171 58.258 37.3363 61.0328 51.8556 54.0833 58.3095 
45.1774 70.4557 65.0077 66.4831 63.0635 60.0333 46.4004 66.4906 55.9017 66.9403 61.6604 64.6297 82.2253 73.3757 82.9699 78.7464 83.5225 74.6726 75.7694 80.4114 47.1275 52.8867 49.6488 67.9779 48.8467 64.846 67.4166 51.4782 64.0312 51 55.4617 45.3431 48.7955 50.2096 53.8145 49.2037 55.8659 54.6717 56.2228 59.4643 15.2643 28.4605 29.1548 31.9531 19.2094 28.6531 22.3607 33.1059 35.9026 15.5242 32.45 31.4006 35.5106 0 5.3852 10.198 4 11.6619 6 7.8102 9 25.7099 30.5941 35.5106 25.318 20 30.1496 35.1283 25.0799 30.0167 56.7979 59.1692 26.5707 54.1202 31.3209 60.0083 54.9181 48.8262 48.7955 49.7393 45.618 50.8035 58.8303 57.3062 59.0339 58.6941 54.626 45.618 58.8727 60.208 52.4976 57.28 83.2406 53.0377 79.8123 77.1298 39.3573 81.5843 71.3863 75.8024 80.7527 
40.05 65.7647 60.075 62.2977 58.8218 55 41.2311 62.0967 50.636 61.6117 56.4358 59.4138 76.9025 68.0074 77.6209 73.3757 78.1601 69.2892 70.3847 75.0267 41.7612 47.5395 44.2719 62.6099 43.4626 59.4643 62.1289 46.0977 58.8982 45.6508 50.0899 40.6079 43.8634 45.3431 48.7955 44.6542 50.9313 50 51.614 54.6717 10 23.0868 23.7697 26.5707 14.1421 23.3238 17 27.7308 30.5941 11.6619 27.2029 26.2488 30.2324 5.3852 0 5 5.3852 6.4031 6.4031 4 8.6023 21.5407 26.2488 31.0483 20.8806 15.1327 25.4951 30.4138 20 25.1794 56.648 58.6003 22.8254 53.8516 27.313 55.0818 54.1202 46.0977 46.8615 49.2443 45.5412 49.7393 55.8032 54.0833 55.5698 56.8507 51 42.19 55.0364 55.7853 48.4665 53.1413 79.0569 48 75.5844 72.8011 36.0555 77.1298 66.9403 71.1969 76.1183 
35.0571 60.8276 55.0818 57.5847 54.0833 50 37.4833 57.28 45.7056 56.7539 51.4782 54.4518 72.0347 63.2456 72.8011 68.6222 73.3757 64.622 65.7951 70.3847 37 42.72 39.5601 58.1808 38.9102 54.7814 58.0086 41.5933 55.1725 41.3401 45.6508 37.7359 40.6079 42.2019 45.3431 42.0595 47.634 47.1699 48.8774 51.614 6.7082 18.3848 19.2354 21.9317 11.1803 19.2094 12.8062 23.3238 25.7099 7.8102 23.3452 22.6716 26.2488 10.198 5 0 10.198 4 10.7703 6.4031 12.2066 17 21.5407 26.2488 16.1555 10.198 20.6155 25.4951 15 20.2237 55.0818 56.648 18.6011 52.2015 22.8254 50.0899 52 42.4264 43.8292 47.4342 44.1475 47.4236 51.8556 50 51.3128 53.8238 46.6476 38.0132 50.5371 50.9608 43.8634 48.4665 74.3303 43 70.8378 68.0074 32.0156 72.2772 62.0967 66.2873 71.1969 
45 71.0211 65.192 67.6757 64.195 60.0333 44.1022 67.4463 55.3263 66.0984 61.2046 64.195 81.3941 72.2772 82 77.6209 82.4621 73.3757 74.3303 79.0569 46.0977 51.9711 48.5077 66.3099 47.4342 63.6003 65.3682 49.98 61.6117 49.2443 53.8516 42.4264 46.0977 47.4236 51.225 46.0977 53.1507 51.6624 53.1507 56.5685 13.6015 27.4591 27.8927 30.8058 17 26.9258 20.8806 31.6228 35.2278 17 30.4138 29.1548 33.541 4 5.3852 10.198 0 10.198 2 5.3852 5 26.9258 31.6228 36.4005 26.2488 20.3961 30.8058 35.6931 25.0799 30.4138 60.4152 62.6498 28.178 57.6975 32.6956 60.208 58.3095 51.225 51.6624 53.2353 49.2443 54.0833 61.0328 59.3633 60.9016 61.6198 56.356 47.5079 60.4152 61.131 53.8516 58.5235 84.4334 53.0377 80.9568 78.1601 41.3401 82.4621 72.2772 76.4853 81.3941 
35.0571 61.6117 55.4437 59.0931 55.5428 50.1597 34.8281 58.5235 45.1774 55.9017 51.0882 54.0833 71.1969 62.0967 71.8053 67.4463 72.2772 63.2456 64.2573 68.9493 35.9026 41.7732 38.3275 56.3649 37.3363 53.4509 55.7584 39.9249 52.4976 39.3573 43.8634 34.4093 37.5366 39.0512 42.4264 38.5876 44.5982 43.8292 45.4863 48.4149 3.6056 17.2627 17.72 20.6155 7.8102 17 10.7703 21.5407 25.0799 11.1803 20.8087 19.8494 23.8537 11.6619 6.4031 4 10.198 0 10 5 10.4403 19.2094 23.3238 27.7308 18.0278 11.6619 21.9317 26.5707 15.5242 21.1896 58.9406 60.407 21.2132 56.0446 25 50.4876 55.7136 45.3431 47.1699 51.2445 48.0521 51.0784 54.4885 52.4976 53.6004 57.1402 48.8262 40.4599 52.4786 52.2015 45.6508 50.0899 75.7694 43.1856 72.2357 69.2892 34.6554 73.3757 63.2456 67.1863 72.0347 
45.0444 71.3863 65.3758 68.352 64.846 60.1332 43.0465 68.0074 55.1453 65.7647 61.0737 64.0703 81.0494 71.8053 81.5843 77.1298 82 72.8011 73.6817 78.4474 45.7056 51.6236 48.0521 65.5515 46.8402 63.0635 64.4127 49.3356 60.4649 48.4665 53.1413 41.0366 44.8219 46.0977 50 44.5982 51.8556 50.2096 51.6624 55.1725 13.1529 27.1662 27.4591 30.4138 16.1555 26.2488 20.3961 31.0483 35.0571 18.0278 29.5466 28.178 32.6956 6 6.4031 10.7703 2 10 0 5 3 27.7308 32.311 37 26.9258 20.8806 31.3209 36.1386 25.318 30.8058 62.2415 64.4127 29.1548 59.5063 33.541 60.407 60.0333 52.4976 53.1507 55.0091 51.0784 55.7584 62.2013 60.4649 61.9112 63.1269 57.3062 48.5489 61.2699 61.6847 54.626 59.2368 85.0941 53.1507 81.5966 78.7464 42.4382 82.9699 72.8011 76.9025 81.7863 
40.05 66.4906 60.407 63.6946 60.1664 55.1453 38.833 63.2456 50.1597 60.8276 56.0803 59.0762 76.1183 66.9403 76.6877 72.2772 77.1298 68.0074 68.9493 73.6817 40.7922 46.6905 43.1741 60.9262 42.0595 58.2409 60.0333 44.5982 56.4004 43.8634 48.4665 37.5366 41.0366 42.4264 46.0977 41.4005 48.1041 46.8615 48.4149 51.6624 8.2462 22.2036 22.561 25.4951 11.6619 21.5407 15.5242 26.2488 30.0666 14.1421 25.0599 23.8537 28.178 7.8102 4 6.4031 5.3852 5 5 0 5.8309 23.3238 27.7308 32.311 22.3607 16.1555 26.5707 31.3209 20.3961 25.9615 60.407 62.2415 25 57.5847 29.1548 55.4437 57.6975 48.7955 50 52.9245 49.3356 53.2353 58.258 56.4004 57.6888 60 53 44.4072 56.8243 56.921 50.0899 54.626 80.4114 48.1664 76.896 74 38.4187 78.1601 68.0074 72.0347 76.9025 
45.2769 72.0347 65.7647 69.4622 65.9242 60.407 41.5933 68.9493 55.0091 65.3758 61 64 80.6226 71.1969 81.0494 76.4853 81.3941 72.0347 72.8011 77.6209 45.2769 51.2445 47.5184 64.5136 46.0977 62.3699 63.0714 48.5077 58.8303 47.4342 52.2015 39.0512 43.0116 44.2041 48.2597 42.4264 50 48.1041 49.4975 53.1507 13.0384 27 27.074 30.0666 15.2971 25.4951 20.025 30.4138 35.0143 19.8494 28.4605 26.9258 31.6228 9 8.6023 12.2066 5 10.4403 3 5.8309 0 29.1548 33.541 38.0789 28.178 21.9317 32.311 37 25.9615 31.6228 65 67.082 30.8058 62.2415 34.9857 60.8276 62.6498 54.4885 55.4437 57.6975 53.8516 58.3095 64.0312 62.2013 63.5138 65.437 58.8303 50.2195 62.6498 62.6259 55.9017 60.4152 86.1626 53.4603 82.6378 79.712 44.2041 83.8153 73.6817 77.6209 82.4621 
22.3607 45.0444 40.3113 40.8044 37.3631 35.9026 36.0555 40.7922 34 45.6508 39 41.7852 60.4152 53 61.7171 58.3095 62.6498 55.2178 57.0088 61.0328 28.2843 32.8024 31.1127 50.9117 32.0156 45.607 52.8015 34.8281 52.3546 36.0555 39.0512 40.3113 41.2311 43.1741 44.5982 45.2769 47.4342 49.0306 50.9902 52.2015 18.4391 15.1327 17.1172 17.72 20.5913 20 16.7631 20.6155 17.2047 10.198 24.0832 25 25.4951 25.7099 21.5407 17 26.9258 19.2094 27.7308 23.3238 29.1548 0 5 10 2 7.8102 5.8309 10.4403 8 7.0711 45 45.2769 3 42 5.8309 35.3553 40.3113 26.6271 29.7321 37 35.3553 35.3553 35.3553 33.3017 34.4093 39.3954 29.6816 21.2603 33.541 34.5254 26.9258 31.6228 57.5674 29.1204 54.1202 51.4198 15.6205 55.9017 45.7056 50.2494 55.2268 
18.0278 40.05 35.3553 36.0555 32.573 31.0483 34.7131 35.9026 29.6816 41.3401 34.4384 37.1618 55.9017 48.8262 57.3062 54.0833 58.3095 51.225 53.1507 57.0088 25 29 27.8029 47.5079 29.1548 41.7732 49.93 31.9061 50.1597 33.541 36.0555 40 40.3113 42.2966 43.1741 45 46.0977 48.2597 50.2494 50.9902 22.0227 15.2971 17.2627 17 23.4307 20.6155 18.868 20 14.8661 15.1327 24.1868 25.4951 25 30.5941 26.2488 21.5407 31.6228 23.3238 32.311 27.7308 33.541 5 0 5 5.3852 11.6619 3 5.8309 9.434 5 45.2769 45 5.8309 42.2966 3 30.4138 40 24.1661 28.4429 37.3363 36.4005 35 32.0156 29.7321 30.4795 37.6431 25.6125 17.8045 29.1548 29.6142 22.3607 26.9258 52.811 24.3516 49.3356 46.5725 13 50.9902 40.7922 45.2769 50.2494 
14.1421 35.0571 30.4138 31.3847 27.8568 26.2488 34.0588 31.0483 25.6125 37.2022 30.0167 32.6497 51.4782 44.8219 53 50 54.0833 47.4236 49.4975 53.1507 22.3607 25.6125 25.0599 44.4072 26.9258 38.2099 47.4131 29.5466 48.3839 31.6228 33.541 40.3113 40 42 42.2966 45.2769 45.2769 48 50 50.2494 26.0768 17 18.7883 17.72 26.9072 22.3607 21.9317 20.6155 14 20.0998 25.2982 26.9258 25.4951 35.5106 31.0483 26.2488 36.4005 27.7308 37 32.311 38.0789 10 5 0 10.198 16.1555 5.8309 3 12.8062 7.0711 46.0977 45.2769 10.4403 43.1741 5.8309 25.4951 40.3113 22.561 28 38.3275 38.0789 35.3553 29.1548 26.6271 26.9072 36.4966 21.9317 15.2315 25 24.7386 18.0278 22.3607 48.1041 19.6977 44.5982 41.7612 12 46.0977 35.9026 40.3113 45.2769 
21.5407 45.1774 40.1123 41.4367 37.9473 35.5106 34.176 41.2311 33.1059 44.7214 38.2753 41.1096 59.6154 51.9711 60.8358 57.3062 61.7171 54.0833 55.8032 59.9083 26.9072 31.6228 29.7321 49.5177 30.4795 44.4072 51.225 33.3017 50.6063 34.4093 37.5366 38.3275 39.2938 41.2311 42.72 43.2897 45.5412 47.0744 49.0306 50.2892 16.9706 13.1529 15.1327 15.8114 18.868 18 14.8661 18.6815 15.6205 10 22.0907 23 23.5372 25.318 20.8806 16.1555 26.2488 18.0278 26.9258 22.3607 28.178 2 5.3852 10.198 0 6.4031 5.099 10.0499 6 5.8309 47 47.2652 5 44 7.0711 35.1283 42.2966 28.3019 31.6228 39 37.3363 37.3363 36.7967 34.6554 35.609 41.2311 30.8058 22.6274 34.4819 34.9285 27.7308 32.311 58.1893 28.6356 54.7083 51.923 17.2047 56.2939 46.0977 50.4876 55.4437 
25.318 50.636 45.0111 47.5395 44.0114 40.05 32.7567 47.1275 36.4005 47.7598 41.9762 44.911 62.9365 54.626 63.9062 60.0083 64.622 56.356 57.8014 62.1772 28.6531 34.0147 31.3847 50.8035 31.4006 46.5296 51.6236 34.2053 50 34.6554 38.4187 35.4401 37.1618 39 41.1825 40.2616 43.8292 44.5982 46.4866 48.3322 10.6301 11.4018 13.0384 14.8661 13 14.8661 10 17.2047 17 6.4031 19.3132 19.6469 21.4709 20 15.1327 10.198 20.3961 11.6619 20.8806 16.1555 21.9317 7.8102 11.6619 16.1555 6.4031 0 10.4403 15.2971 5.3852 10.0499 51.2445 51.9711 10.2956 48.2597 13.4536 40.0125 47.0744 34.4093 37.1618 43.2897 41 42.2019 43.1393 41.0366 42.0119 46.9574 37.2022 29 40.8167 40.8044 34 38.4838 64.2573 33.0606 60.7454 57.8705 23.4307 62.0967 51.923 56.0892 61 
16.5529 40.3113 35.0571 37.1618 33.6155 30.4138 31.7805 36.6879 28.178 39.8246 33.2415 36.0555 54.626 47.1699 55.9017 52.4786 56.8243 49.4065 51.225 55.2178 22.6716 27.0185 25.4951 45.2769 26.6271 39.8246 47.4342 29.4109 47.4236 30.8869 33.6006 37 37.3363 39.3192 40.2616 42 43.1741 45.2769 47.2652 48.0521 20.2485 12.3693 14.3178 14 21.2132 17.72 16.4012 17 12.083 15.0333 21.2132 22.561 22 30.1496 25.4951 20.6155 30.8058 21.9317 31.3209 26.5707 32.311 5.8309 3 5.8309 5.099 10.4403 0 5 7.0711 2 48.2597 48 7.8102 45.2769 6 30.0666 43 26.9258 31.4006 40.3113 39.2938 38 34.4093 32.0156 32.5269 40.5216 27.5862 20.2485 30.8058 30.3645 23.8537 28.178 53.8516 23.5372 50.3289 47.4342 15.8114 51.6624 41.4849 45.7056 50.636 
12.2066 35.3553 30.0666 32.6497 29.0689 25.4951 31.0644 31.9531 23.8537 35.5106 28.6356 31.3847 50.0899 43.0116 51.4782 48.2597 52.4786 45.4533 47.4236 51.225 19.7231 23.3452 22.4722 42.0119 24.1661 36.0694 44.7772 26.8328 45.5412 28.7924 30.8869 37.3363 37 39 39.3192 42.2966 42.2966 45 47 47.2652 24.5967 14.4222 16.1245 14.8661 25 19.7231 19.8494 17.72 11 20.025 22.4722 24.1661 22.561 35.1283 30.4138 25.4951 35.6931 26.5707 36.1386 31.3209 37 10.4403 5.8309 3 10.0499 15.2971 5 0 11.1803 5.3852 49.0306 48.2597 11.6619 46.0977 7.8102 25.0799 43.2897 25.4951 31 41.2311 40.8534 38.3275 31.7648 29.1548 29.2062 39.4588 24.2074 18.0278 26.9072 25.632 19.8494 23.8537 49.2443 18.6815 45.6946 42.72 15 46.8402 36.6879 40.7922 45.7056 
20.0998 46.0977 40.1123 43.8292 40.2492 35 28.6356 43.0813 31.0483 42.3792 36.6742 39.6232 57.5674 49.2443 58.5235 54.626 59.2368 51 52.4786 56.8243 23.3238 28.6356 26.0768 45.607 26.2488 41.1825 46.6905 29.0689 45.4863 29.7321 33.3017 32.3883 33.5261 35.4401 37.1618 37.3363 39.9249 41.2311 43.1741 44.5982 13.4164 7.2801 9.2195 10.2956 14.1421 12 9.434 13 11.6619 11.6619 16.1245 17 17.72 25.0799 20 15 25.0799 15.5242 25.318 20.3961 25.9615 8 9.434 12.8062 6 5.3852 7.0711 11.1803 0 5.8309 53 53.2353 11 50 12.083 35.1283 48.2597 33.541 37.3631 45 43.2897 43.2897 41.4005 39.0512 39.598 46.8188 34.6554 27.2029 37.8021 36.7696 30.8058 34.9857 60.4152 28 56.8595 53.8516 22.3607 57.8705 47.7598 51.6624 56.5155 
15.8114 40.6079 35 38.0132 34.4384 30.1496 29.8329 37.3363 27.313 38.9102 32.573 35.4401 53.8516 46.1411 55.0364 51.4782 55.9017 48.2597 50 54.0833 21.2132 25.807 24.0416 43.8406 25 38.6005 45.8039 27.8029 45.618 29.1548 32.0156 35 35.3553 37.3363 38.3275 40 41.2311 43.2897 45.2769 46.0977 19.2354 10.4403 12.3693 12 19.8494 15.8114 14.8661 15 10.2956 15.2971 19.2354 20.6155 20 30.0167 25.1794 20.2237 30.4138 21.1896 30.8058 25.9615 31.6228 7.0711 5 7.0711 5.8309 10.0499 2 5.3852 5.8309 0 50.2494 50 9.434 47.2652 8 30 45 28.7924 33.3766 42.2966 41.2311 40 36.0555 33.6006 33.9706 42.45 29 21.9545 32.0156 31.0161 25 29.1548 54.626 23.1948 51.0784 48.1041 17.72 52.2015 42.0595 46.0977 50.9902 
58.5235 62.2415 64.0312 51.0882 50.2096 63.5138 79.9062 54.4885 67.9779 78.032 69.9714 71.5612 89.0225 85.7555 91.4002 90.1388 93.0054 89.1852 91.7878 94.3398 68.0074 70.0071 70.5195 88.6397 72.8011 81.3941 92.6984 75.2861 94.3716 77.6209 79.0569 85.1469 85.5862 87.5728 88.2836 90.1388 91.2414 93.5361 95.5249 96.1769 60.208 60.0333 62.0322 62.2013 63.7887 65 61.2046 65.192 59.8415 48.0521 69.029 70 70.1783 56.7979 56.648 55.0818 60.4152 58.9406 62.2415 60.407 65 45 45.2769 46.0977 47 51.2445 48.2597 49.0306 53 50.2494 0 5 42 3 42.2966 61.0328 7.0711 27.4591 19.7231 8 11.1803 11.1803 32.0156 33.9706 37.5366 18.3576 38.2884 34.8855 42.4264 51.7397 43.0116 46.0977 61.7171 59.9416 60.0333 59.9083 34.4819 65.192 58.258 64.0312 68.0074 
57.0088 58.7282 61.0328 47.3814 46.7547 60.9016 79.3095 50.9313 65.9242 75.591 67.5352 68.9638 86.0233 83.2406 88.4816 87.4643 90.1388 86.7698 89.4427 91.7878 66.7083 68.3081 69.1231 86.7295 71.5891 79.3095 91.0934 73.9797 93.1719 76.4853 77.6209 85 85.1469 87.1436 87.5728 90 90.5539 93.1343 95.1315 95.5249 61.4003 60.075 62.0725 62 64.7611 65.192 61.8142 65 59.2115 49.3356 69.0652 70.1783 70 59.1692 58.6003 56.648 62.6498 60.407 64.4127 62.2415 67.082 45.2769 45 45.2769 47.2652 51.9711 48 48.2597 53.2353 50 5 0 42.2966 5.8309 42 58.3095 5 25.0799 17.72 9.434 14.1421 10 28.2843 30.4795 33.9706 14.2127 35.2278 32.8938 39.0512 48.6004 40.3113 43.0116 57.3062 57.7754 55.7584 55.8032 33.3766 61.0328 54.4885 60.208 64.0312 
23.8537 45.0111 40.7922 40.025 36.6742 36.6879 38.8973 40.3113 35.5106 47.1699 40.2492 42.9535 61.7171 54.6443 63.1348 59.9083 64.1405 57.0088 58.8982 62.8013 30.4795 34.7131 33.3017 53.0754 34.4093 47.5079 55.2178 37.2022 55.0091 38.5876 41.4005 43.2897 44.1475 46.0977 47.4342 48.2597 50.2892 51.9711 53.9351 55.0818 20.8087 18.1108 20.0998 20.6155 23.2594 23 19.6469 23.5372 19.7231 11.1803 27.074 28 28.4429 26.5707 22.8254 18.6011 28.178 21.2132 29.1548 25 30.8058 3 5.8309 10.4403 5 10.2956 7.8102 11.6619 11 9.434 42 42.2966 0 39 5 35.9026 37.3363 24.2074 26.9258 34 32.3883 32.3883 33.3017 31.4006 32.7567 36.6742 28.178 19.4165 32.311 34.1321 25.9615 30.8058 56.7539 30.0832 53.3667 50.8035 13.4536 55.4437 45.2769 50.04 55.0364 
55.7136 60.208 61.7171 49.2037 48.1664 61.0328 76.9415 52.4976 65.2993 75.4718 67.4166 69.0652 86.6833 83.2166 89.0225 87.6584 90.6035 86.6083 89.1852 91.8096 65.146 67.2309 67.6757 85.9069 69.9214 78.7147 89.8888 72.4224 91.4822 74.7262 76.2168 82.1523 82.6075 84.5931 85.3288 87.1436 88.2836 90.5539 92.5419 93.2148 57.2713 57.0351 59.0339 59.2115 60.8276 62 58.2151 62.2013 56.8859 45.1221 66.0303 67 67.1863 54.1202 53.8516 52.2015 57.6975 56.0446 59.5063 57.5847 62.2415 42 42.2966 43.1741 44 48.2597 45.2769 46.0977 50 47.2652 3 5.8309 39 0 39.3192 58.6003 5.3852 25 17.2047 5 8.6023 8.6023 30.2324 32.0156 35.609 17.088 36.0694 32.249 40.3609 49.5177 40.6079 43.8634 60.4152 57.3062 58.5918 58.3095 31.6228 63.6318 56.4004 62.2013 66.2873 
19.8494 40.0125 35.9026 35.171 31.7805 31.9531 37.6563 35.3553 31.4006 43.0116 35.8469 38.4708 57.3062 50.6063 58.8303 55.8032 59.9083 53.1507 55.1725 58.8982 27.4591 31.1448 30.2324 49.8197 31.7648 43.8406 52.4786 34.4819 52.9245 36.2491 38.5876 43 43.2897 45.2769 46.0977 48 49.0306 51.2445 53.2353 53.9351 24.0416 18.2483 20.2237 20 25.807 23.5372 21.4709 23 17.72 15.8114 27.1662 28.4429 28 31.3209 27.313 22.8254 32.6956 25 33.541 29.1548 34.9857 5.8309 3 5.8309 7.0711 13.4536 6 7.8102 12.083 8 42.2966 42 5 39.3192 0 31.0483 37 21.4709 25.4951 34.3657 33.5261 32 29.7321 27.5862 28.6007 34.7851 23.8537 15.5563 27.7308 29.1548 21.1896 25.9615 51.923 25.4951 48.5077 45.8912 10.2956 50.4876 40.3113 45.0444 50.04 
15.8114 12.2066 5 17.4642 15.0333 3 37.0135 13.9284 12.083 17.72 10.0499 10.7703 28.2843 25.0799 30.4795 29.1548 32.0156 28.7924 31.6228 33.541 21.2132 17.4929 21.4009 31.0161 25 23.0217 37.1214 25.5539 42.2019 29.1548 26.9258 46.0977 43.0116 44.6542 42.0595 50 44.7214 49.7393 51.4782 49.2443 47.8539 34.4819 35.1141 32.311 46.8402 38.0789 41.4849 33.541 26.5707 45.0999 38.0789 40.3113 36.0555 60.0083 55.0818 50.0899 60.208 50.4876 60.407 55.4437 60.8276 35.3553 30.4138 25.4951 35.1283 40.0125 30.0666 25.0799 35.1283 30 61.0328 58.3095 35.9026 58.6003 31.0483 0 54.0833 33.6006 41.4005 54.6717 56.5685 50 31.6228 28.7924 25.9615 45.1885 23.2594 26.8701 20.6155 11.0454 18.0278 15.8114 29.7321 7.6158 26.2488 22.6716 30.2324 25 16.4012 18.0278 22.3607 
52.2015 55.1725 57.0088 44.0454 43.1393 56.6039 74.3303 47.4236 61.327 71.1969 63.1348 64.6607 82.0061 78.8923 84.4038 83.2166 86.0233 82.365 85 87.4643 61.8466 63.5689 64.2884 82.0792 66.7083 74.7329 86.3308 69.1231 88.295 71.5891 72.8011 80 80.1561 82.1523 82.6075 85 85.5862 88.1419 90.1388 90.5539 56.6127 55.0818 57.0789 57 59.9083 60.208 56.8859 60 54.231 44.5982 64.0703 65.192 65 54.9181 54.1202 52 58.3095 55.7136 60.0333 57.6975 62.6498 40.3113 40 40.3113 42.2966 47.0744 43 43.2897 48.2597 45 7.0711 5 37.3363 5.3852 37 54.0833 0 20.5913 13 5.8309 11.1803 5 25 26.9072 30.4795 11.7047 31.241 28.2312 35.3553 44.6878 36.0555 39.0512 55.0364 53.2259 53.2353 53 28.4429 58.3095 51.225 57.0088 61.0328 
32.3883 36.0555 36.7967 26 24.1868 36.0555 56.0803 28.6531 40.8534 50.6063 42.5441 44.1022 61.7171 58.3095 64.0312 62.6817 65.6049 61.7738 64.4127 66.888 42.2966 43.4166 44.5533 61.6847 47.2652 54.231 66.2193 49.4975 68.7314 52.2398 52.9528 62.8013 62.2013 64.195 64 67.7422 67 70.1783 72.1734 72 45 39.2173 41.1096 40.2616 47.1699 44.5982 42.9418 43.1741 36.3456 34.6554 47.8017 49.3356 48.0521 48.8262 46.0977 42.4264 51.225 45.3431 52.4976 48.7955 54.4885 26.6271 24.1661 22.561 28.3019 34.4093 26.9258 25.4951 33.541 28.7924 27.4591 25.0799 24.2074 25 21.4709 33.6006 20.5913 0 7.8102 21.2132 23.8537 16.4012 10.4403 10 13.1529 14.0357 11.6619 8.0623 16.5529 24.8395 15.6205 19.2094 40.3113 32.6956 37.6563 36.4005 11.1803 41.7612 33.1059 38.9102 43.4626 
39.2938 43.6005 44.5982 33.121 31.6228 43.8292 62.0322 36.0555 48.3322 58.3095 50.2494 51.8652 69.527 66.0379 71.8401 70.4557 73.4098 69.4622 72.0694 74.6257 49.0306 50.5964 51.4198 69.0797 53.9351 61.7414 73.3757 56.2939 75.505 58.8558 59.9083 68.1836 68 70 70.1783 73.171 73.171 76 78 78.1601 47.4131 43.7379 45.7056 45.2769 50.1597 49.0306 46.4866 48.2597 42 36.0555 52.6118 53.9351 53.2353 48.7955 46.8615 43.8292 51.6624 47.1699 53.1507 50 55.4437 29.7321 28.4429 28 31.6228 37.1618 31.4006 31 37.3631 33.3766 19.7231 17.72 26.9258 17.2047 25.4951 41.4005 13 7.8102 0 13.4536 16.5529 8.6023 15.2971 16.1555 19.6977 10 19.2094 15.2315 23.8537 32.5576 23.4307 26.9072 46.3249 40.2492 43.9659 43.0813 16 48.4665 40.3113 46.1411 50.5371 
51.0784 57.0088 58 46.3249 45 57.0088 72.0069 49.4065 60.9016 71.2811 63.2456 65 82.8794 79.0569 85.1469 83.6002 86.6833 82.3772 84.9058 87.6584 60.407 62.6498 62.9682 81.3941 65.146 74.3034 85.235 67.6757 86.6833 69.9214 71.5122 77.1622 77.6466 79.6304 80.4114 82.1523 83.3607 85.5862 87.5728 88.2836 52.3927 52.0384 54.037 54.231 55.9017 57 53.2353 57.2189 51.9711 40.2616 61.0328 62 62.2013 49.7393 49.2443 47.4342 53.2353 51.2445 55.0091 52.9245 57.6975 37 37.3363 38.3275 39 43.2897 40.3113 41.2311 45 42.2966 8 9.434 34 5 34.3657 54.6717 5.8309 21.2132 13.4536 0 5.3852 5.3852 27.7308 29.1548 32.7567 16.0312 32.6497 28.0179 37.2022 46.0109 36.7967 40.3609 58.5235 53 56.4624 55.9017 26.9258 61.2699 53.535 59.3633 63.6318 
51.4782 59.9083 60.208 49.6488 48.0208 58.7282 71.0634 52.4786 61.8547 72.6223 64.6607 66.6033 84.8528 80.4301 87 85.1469 88.459 83.6002 86.0233 89.0225 60.4152 63.1348 63.0714 81.9878 65 75.1665 85.4283 67.624 86.3771 69.6419 71.5891 75.6637 76.4853 78.4474 79.555 80.6226 82.4621 84.3445 86.3134 87.3212 49.4975 50.4876 52.469 52.9528 53.2353 55.2268 51 55.9017 51.2445 37.3363 59.4138 60.208 60.8276 45.618 45.5412 44.1475 49.2443 48.0521 51.0784 49.3356 53.8516 35.3553 36.4005 38.0789 37.3363 41 39.2938 40.8534 43.2897 41.2311 11.1803 14.1421 32.3883 8.6023 33.5261 56.5685 11.1803 23.8537 16.5529 5.3852 0 10 31.6228 32.6956 36.2491 21.0238 35.5106 29.6985 40.3113 48.6004 39.0512 43.0116 62.6418 54.2033 60.407 59.6154 27.4591 65 56.8243 62.6498 67.082 
47.4342 51.8556 53.1507 41.0488 39.8246 52.4309 69.3542 44.2041 56.7979 66.888 58.8303 60.4649 78.1025 74.6257 80.4301 79.0569 82.0061 78.032 80.6226 83.2166 57.0088 58.8727 59.4811 77.4726 61.8466 70.214 81.5966 64.2884 83.4326 66.7083 68.0074 75 75.1665 77.1622 77.6466 80 80.6226 83.1505 85.1469 85.5862 51.8652 50.0899 52.0865 52 55.0818 55.2268 51.9711 55 49.2544 39.9249 59.0762 60.208 60 50.8035 49.7393 47.4236 54.0833 51.0784 55.7584 53.2353 58.3095 35.3553 35 35.3553 37.3363 42.2019 38 38.3275 43.2897 40 11.1803 10 32.3883 8.6023 32 50 5 16.4012 8.6023 5.3852 10 0 22.3607 23.8537 27.4591 11.0454 27.5862 23.7065 32.0156 41.0122 32.0156 35.3553 53.1413 48.7647 51.0784 50.5371 23.5372 55.9017 48.2597 54.0833 58.3095 
35.3553 30.4795 33.541 19.105 18.6011 34.4819 60.4152 22.6716 41.3038 49.3356 41.4849 42.3792 58.3095 56.648 60.9016 60.4152 62.6498 60.407 63.2456 65 45.2769 45.0111 47.0956 61.9839 50.2494 54.1295 67.3647 52.0865 71 55.2268 55 68.0074 66.7083 68.6586 67.7422 72.8011 70.7107 74.5252 76.4853 75.6637 53.7587 46.1411 47.8853 46.5188 55.4437 51.4782 50.8035 49.2443 41.7852 44.2041 54.1295 55.9017 53.8516 58.8303 55.8032 51.8556 61.0328 54.4885 62.2013 58.258 64.0312 35.3553 32.0156 29.1548 36.7967 43.1393 34.4093 31.7648 41.4005 36.0555 32.0156 28.2843 33.3017 30.2324 29.7321 31.6228 25 10.4403 15.2971 27.7308 31.6228 22.3607 0 3 5.8309 14.2127 9 14.2127 11.1803 21.0238 15 15.8114 31.0483 33.1361 28.7924 28.178 19.8494 33.541 26.2488 32.0156 36.0555 
32.3883 28.2843 30.8869 17.2047 16.2788 31.6228 57.4891 20.5183 38.3275 46.4866 38.6005 39.5601 55.7584 53.8516 58.3095 57.6975 60.0333 57.5847 60.407 62.2415 42.2966 42.0119 44.1022 59.0339 47.2652 51.1957 64.3817 49.0918 68 52.2398 52 65.146 63.7887 65.7343 64.7765 69.9214 67.7422 71.5891 73.5459 72.6911 51.6236 43.566 45.2769 43.8292 53.1507 48.8774 48.4149 46.5188 39 42.4382 51.4296 53.2353 51.0784 57.3062 54.0833 50 59.3633 52.4976 60.4649 56.4004 62.2013 33.3017 29.7321 26.6271 34.6554 41.0366 32.0156 29.1548 39.0512 33.6006 33.9706 30.4795 31.4006 32.0156 27.5862 28.7924 26.9072 10 16.1555 29.1548 32.6956 23.8537 3 0 3.6056 16.6433 6 12.0416 8.6023 18.3576 12 13 30.4138 30.1496 27.8927 26.9258 18.0278 32.311 24.4131 30.2324 34.4819 
31.0483 24.7588 27.7308 13.6015 12.8062 28.8617 56.3205 16.9706 36.0555 43.6807 35.9026 36.6879 52.4786 50.9215 55.0727 54.626 56.8243 54.7083 57.5674 59.2368 40.7922 40.05 42.4264 56.5685 45.7056 48.6621 62.1289 47.3814 66.0681 50.636 50.0899 64.2573 62.6418 64.56 63.3482 68.9493 66.2873 70.342 72.2772 71.1969 52.4976 43.6005 45.2217 43.566 53.7401 48.8262 48.8365 46.1411 38.4708 43.909 51.1077 53 50.5371 59.0339 55.5698 51.3128 60.9016 53.6004 61.9112 57.6888 63.5138 34.4093 30.4795 26.9072 35.609 42.0119 32.5269 29.2062 39.598 33.9706 37.5366 33.9706 32.7567 35.609 28.6007 25.9615 30.4795 13.1529 19.6977 32.7567 36.2491 27.4591 5.8309 3.6056 0 20 5 13.4164 5.3852 15.2315 10.4403 10.198 27.1662 28 24.5153 23.4094 19.6977 28.7924 20.8087 26.6271 30.8869 
46.1736 44.6878 47.5079 33.2415 32.8024 47.927 70.1142 36.8782 53.8516 62.7694 54.7814 55.9464 72.4017 70.2638 74.9466 74.2428 76.6616 73.9256 76.6942 78.721 56.1427 56.8859 58.3095 74.7262 61.131 67.0522 79.6241 63.2851 82.4924 66.1211 66.6108 76.7919 76.2365 78.2304 78.0064 81.7435 81.0062 84.214 86.209 86.0058 57.3062 52.8867 54.8179 54.1295 59.9333 58.2409 56.0803 57.0701 50.3587 46.0435 61.6117 63.0635 61.9839 58.6941 56.8507 53.8238 61.6198 57.1402 63.1269 60 65.437 39.3954 37.6431 36.4966 41.2311 46.9574 40.5216 39.4588 46.8188 42.45 18.3576 14.2127 36.6742 17.088 34.7851 45.1885 11.7047 14.0357 10 16.0312 21.0238 11.0454 14.2127 16.6433 20 0 21.9317 22 25.2389 34.9857 27.5136 29.5296 43.382 45.607 41.6773 41.6173 24.7386 46.8722 40.3113 46.0109 49.8197 
26.4764 24.4131 25.807 14.5602 12.53 26 51.6624 17 32.3883 40.8534 32.8938 34.0147 50.8035 48.3322 53.2541 52.3546 54.9181 52 54.7814 56.7979 36.3456 36.0139 38.1182 53.1507 41.3038 45.3542 58.4209 43.1045 62 46.2709 46 59.4643 57.9741 59.9083 58.8558 64.195 61.8142 65.7343 67.6831 66.7533 47.634 38.6005 40.2244 38.5876 48.7955 43.8292 43.8634 41.1825 33.541 39.3573 46.1411 48.0208 45.618 54.626 51 46.6476 56.356 48.8262 57.3062 53 58.8303 29.6816 25.6125 21.9317 30.8058 37.2022 27.5862 24.2074 34.6554 29 38.2884 35.2278 28.178 36.0694 23.8537 23.2594 31.241 11.6619 19.2094 32.6497 35.5106 27.5862 9 6 5 21.9317 0 9.2195 5.099 13.4536 6 7.8102 30.0167 24.1868 27.0185 25.318 15.5242 30.5941 21.5407 27.313 31.9531 
24.3311 31.3847 30.6105 23.0868 20.3961 29.0689 48.1664 24.7386 33.1059 43.2666 35.2278 37.0135 55.1543 51.0392 57.3149 55.6058 58.7963 54.3783 56.9386 59.6406 34.2345 35.4401 36.4966 53.8516 39.2046 46.5188 58.2409 41.4367 60.6712 44.1814 44.911 55.109 54.3323 56.3205 56.0089 60.0167 59.0085 62.2896 64.2806 64.0078 39.598 32.2025 34.0147 32.8938 41.2311 37.5766 36.6197 35.7351 28.6356 30.5287 40.4969 42.1545 40.5216 45.618 42.19 38.0132 47.5079 40.4599 48.5489 44.4072 50.2195 21.2603 17.8045 15.2315 22.6274 29 20.2485 18.0278 27.2029 21.9545 34.8855 32.8938 19.4165 32.249 15.5563 26.8701 28.2312 8.0623 15.2315 28.0179 29.6985 23.7065 14.2127 12.0416 13.4164 22 9.2195 0 14.0357 19.6977 9.8489 14.5602 39.1152 25.0599 36.0139 34.0588 6.3246 39.2046 29.6142 35.171 40.025 
26.9258 19.8494 22.3607 9.4868 7.8102 23.5372 52.2015 12.2066 31 38.3275 30.5941 31.3209 47.1699 45.5412 49.7393 49.2443 51.4782 49.3356 52.2015 53.8516 36.4005 35.2278 37.855 51.3517 41.2311 43.4166 57.0351 42.7551 61.2046 46.0977 45.2769 60.4152 58.5235 60.407 58.9406 65 61.8466 66.0984 68.0074 66.7083 51.0392 41.0366 42.5206 40.6079 51.8556 46.0977 46.7547 43.0116 35.2278 43.4626 48.0104 50 47.1699 58.8727 55.0364 50.5371 60.4152 52.4786 61.2699 56.8243 62.6498 33.541 29.1548 25 34.4819 40.8167 30.8058 26.9072 37.8021 32.0156 42.4264 39.0512 32.311 40.3609 27.7308 20.6155 35.3553 16.5529 23.8537 37.2022 40.3113 32.0156 11.1803 8.6023 5.3852 25.2389 5.099 14.0357 0 9.8489 7.0711 5 25.0799 23.0868 22 20.2237 20.2237 25.4951 16.5529 22.3607 26.9258 
21.2603 11.7047 12.53 7.8102 4.4721 14.0357 45.6508 6.3246 22.3607 28.6356 21.095 21.587 37.4433 35.7351 39.9625 39.3954 41.6773 39.5601 42.45 44.0114 29.5296 27.2029 30.4631 42.0476 34.0147 34.0588 48.0416 35.1141 52.7731 38.6264 37.108 54.3783 51.8845 53.6656 51.6236 58.6686 54.4243 59.0931 60.9262 59.1354 50.1597 38.2753 39.4081 37.0135 50.1199 42.8019 44.7772 38.9487 31.241 44.7214 43.8634 46.0109 42.45 60.208 55.7853 50.9608 61.131 52.2015 61.6847 56.921 62.6259 34.5254 29.6142 24.7386 34.9285 40.8044 30.3645 25.632 36.7696 31.0161 51.7397 48.6004 34.1321 49.5177 29.1548 11.0454 44.6878 24.8395 32.5576 46.0109 48.6004 41.0122 21.0238 18.3576 15.2315 34.9857 13.4536 19.6977 9.8489 0 9.8489 5.6569 23.7065 15.2315 20.1246 17.088 24.7386 21.3776 11.1803 16.0312 21.0238 
20.6155 21.5407 21.2132 14.1421 11 20.5913 45.8803 15.1327 26.4764 35.3412 27.313 28.6531 46.0977 42.9418 48.4149 47.1699 50 46.5188 49.2443 51.4782 30.4138 30.0167 32.1403 47.2969 35.3553 39.5601 52.469 37.1214 56 40.3113 40 53.8516 52.2015 54.1202 52.9528 58.5235 55.9017 59.9083 61.8466 60.8276 44.1022 33.9706 35.4683 33.6006 44.8219 39.0512 39.6989 36.0555 28.3019 37 41.0488 43.0116 40.3113 52.4976 48.4665 43.8634 53.8516 45.6508 54.626 50.0899 55.9017 26.9258 22.3607 18.0278 27.7308 34 23.8537 19.8494 30.8058 25 43.0116 40.3113 25.9615 40.6079 21.1896 18.0278 36.0555 15.6205 23.4307 36.7967 39.0512 32.0156 15 12 10.4403 27.5136 6 9.8489 7.0711 9.8489 0 5 30.8058 18.2483 27.4591 25.0799 15.1327 30 20.0998 25.4951 30.4138 
22.3607 17 18.0278 9.2195 6 18.6815 47.5395 10.198 26 33.5261 25.7099 26.5707 43.0116 40.8534 45.4863 44.7214 47.1699 44.5982 47.4342 49.2443 31.6228 30.2655 32.9848 46.3897 36.4005 38.4708 52.0384 37.855 56.2228 41.2311 40.3113 55.9017 53.8516 55.7136 54.1202 60.4152 57.0088 61.3514 63.2456 61.8466 48.3735 37.5366 38.8973 36.7967 48.8262 42.4264 43.6005 39.0512 31.241 41.7612 44.0454 46.0977 43.0116 57.28 53.1413 48.4665 58.5235 50.0899 59.2368 54.626 60.4152 31.6228 26.9258 22.3607 32.311 38.4838 28.178 23.8537 34.9857 29.1548 46.0977 43.0116 30.8058 43.8634 25.9615 15.8114 39.0512 19.2094 26.9072 40.3609 43.0116 35.3553 15.8114 13 10.198 29.5296 7.8102 14.5602 5 5.6569 5 0 25.9615 18.1108 22.561 20.0998 20.0998 25 15.1327 20.6155 25.4951 
44.2041 18.0278 26.6271 16.7631 20.2485 32.0156 66.7083 17.4929 41.4005 41.7852 37.2156 35.7771 42 46.0977 45 47.2652 47 50.01 52.9528 52.2398 50.9313 47.0106 51.0882 56.3028 54.6717 48.8467 63.3246 55 69.7782 58.6003 55.7584 75.8222 72.6223 74.2024 71.2811 79.6492 73.7835 79.0569 80.7094 78.032 73.8241 61.9112 62.9682 60.4649 73.8241 66.2873 68.4763 62.2013 54.6443 67.72 67.0075 69.2026 65.2993 83.2406 79.0569 74.3303 84.4334 75.7694 85.0941 80.4114 86.1626 57.5674 52.811 48.1041 58.1893 64.2573 53.8516 49.2443 60.4152 54.626 61.7171 57.3062 56.7539 60.4152 51.923 29.7321 55.0364 40.3113 46.3249 58.5235 62.6418 53.1413 31.0483 30.4138 27.1662 43.382 30.0167 39.1152 25.0799 23.7065 30.8058 25.9615 0 36.7967 3.6056 7.0711 45.2769 7 13.4536 13 12 
8.2462 19.7231 12.3693 22.8254 19.6977 7 30.5287 20 8.2462 18.4391 10.6301 13.0384 31.9061 26.2488 33.6006 31.1127 34.8281 29.4109 31.9061 34.8281 14.4222 12.1655 15.2315 29.1204 18.7883 21.5407 34.2345 19.9249 38.1182 23.4094 22.2036 39.4081 36.7151 38.4708 36.4005 43.566 39.2173 43.8634 45.6946 43.9659 40.4475 26.9258 27.5136 24.6982 39.2938 30.4631 33.9559 25.9422 18.9737 38.4708 30.5287 32.7567 28.6007 53.0377 48 43 53.0377 43.1856 53.1507 48.1664 53.4603 29.1204 24.3516 19.6977 28.6356 33.0606 23.5372 18.6815 28 23.1948 59.9416 57.7754 30.0832 57.3062 25.4951 7.6158 53.2259 32.6956 40.2492 53 54.2033 48.7647 33.1361 30.1496 28 45.607 24.1868 25.0599 23.0868 15.2315 18.2483 18.1108 36.7967 0 33.2415 29.7321 26.9072 32.45 23.3452 25.5539 29.9666 
40.6079 14.7648 23.3238 13.3417 16.7631 28.6007 63.2535 13.8924 38.0132 38.8973 34 32.6956 40.1123 43.566 43.1045 45.0444 45.0999 47.5184 50.4876 50.04 47.4236 43.6005 47.634 53.4509 51.225 45.8803 60.407 51.614 66.7083 55.2178 52.4786 72.3464 69.2026 70.8025 67.9559 76.2168 70.4911 75.7166 77.3886 74.793 70.2638 58.3095 59.3633 56.8595 70.2353 62.6817 64.8845 58.6003 51.0392 64.2884 63.4114 65.6049 61.7171 79.8123 75.5844 70.8378 80.9568 72.2357 81.5966 76.896 82.6378 54.1202 49.3356 44.5982 54.7083 60.7454 50.3289 45.6946 56.8595 51.0784 60.0333 55.7584 53.3667 58.5918 48.5077 26.2488 53.2353 37.6563 43.9659 56.4624 60.407 51.0784 28.7924 27.8927 24.5153 41.6773 27.0185 36.0139 22 20.1246 27.4591 22.561 3.6056 33.2415 0 3.6056 42.107 5.8309 9.8995 10.198 10.4403 
37.2022 11.1803 19.7231 11 14.1421 25 59.6657 10.7703 34.4093 35.4401 30.4138 29.1548 37.3363 40.3113 40.3113 42 42.2966 44.2832 47.2652 47 43.8634 40 44.0454 50 47.634 42.3792 56.921 48.0104 63.1585 51.614 48.8774 68.7677 65.6049 67.2012 64.3506 72.6223 66.888 72.111 73.7835 71.1969 67.2309 55.0727 56.0803 53.535 67.082 59.3633 61.7171 55.2178 47.7074 61.6117 60 62.2013 58.258 77.1298 72.8011 68.0074 78.1601 69.2892 78.7464 74 79.712 51.4198 46.5725 41.7612 51.923 57.8705 47.4342 42.72 53.8516 48.1041 59.9083 55.8032 50.8035 58.3095 45.8912 22.6716 53 36.4005 43.0813 55.9017 59.6154 50.5371 28.178 26.9258 23.4094 41.6173 25.318 34.0588 20.2237 17.088 25.0799 20.0998 7.0711 29.7321 3.6056 0 40 5.3852 6.4031 7 8.6023 
24.1661 36.4005 34.4819 29 26.0768 32.0156 46.0435 30.2655 34.4093 45.3431 37.4833 39.6232 58.258 53.1507 60.208 58 61.5549 56.2228 58.6003 61.7171 33.5261 35.7771 36.0555 54.5894 38.3275 47.7074 58.3095 40.8044 59.9083 43.1741 44.5982 52.2398 52 54 54.231 57.2189 57.2189 60 62 62.2013 34.0588 28.1603 30.0832 29.4279 36.0555 33.5261 31.7648 32.3883 26 24.4131 36.8782 38.3275 37.3363 39.3573 36.0555 32.0156 41.3401 34.6554 42.4382 38.4187 44.2041 15.6205 13 12 17.2047 23.4307 15.8114 15 22.3607 17.72 34.4819 33.3766 13.4536 31.6228 10.2956 30.2324 28.4429 11.1803 16 26.9258 27.4591 23.5372 19.8494 18.0278 19.6977 24.7386 15.5242 6.3246 20.2237 24.7386 15.1327 20.0998 45.2769 26.9072 42.107 40 0 45.0444 35.2278 40.6079 45.5412 
40.3113 12.8062 21.2132 16.1245 19 26.9072 61.5224 15.1327 36.0694 35.3412 31.4006 29.6816 35 39.2938 38 40.3113 40 43.1741 46.0977 45.2769 46.0977 41.7253 45.9674 49.7695 49.4975 42.4853 56.8595 49.5782 63.5295 53.1507 50 70.7107 67.2681 68.7677 65.6049 74.3303 68.0074 73.4098 75 72.111 71.1688 58.6003 59.4811 56.8243 70.7743 62.6498 65.3911 58.3095 51 66.0984 62.9682 65.192 61.0328 81.5843 77.1298 72.2772 82.4621 73.3757 82.9699 78.1601 83.8153 55.9017 50.9902 46.0977 56.2939 62.0967 51.6624 46.8402 57.8705 52.2015 65.192 61.0328 55.4437 63.6318 50.4876 25 58.3095 41.7612 48.4665 61.2699 65 55.9017 33.541 32.311 28.7924 46.8722 30.5941 39.2046 25.4951 21.3776 30 25 7 32.45 5.8309 5.3852 45.0444 0 10.198 7.0711 5 
30.8058 6 13.9284 7.2111 9.2195 18.868 53.4135 5 28.3019 30.4138 24.6982 23.7697 34.4819 36 37.3631 38.3275 39.2938 40 43 43.2897 37.5366 33.8378 37.8021 44.911 41.4005 37.108 51.6624 41.8808 57.5847 45.4863 42.9418 62.482 59.4054 61.0328 58.3095 66.4003 60.9016 66.0379 67.7422 65.2993 61.0983 48.7647 49.7393 47.1699 60.8358 53 55.4617 48.8262 41.3401 55.9017 53.6004 55.8032 51.8556 71.3863 66.9403 62.0967 72.2772 63.2456 72.8011 68.0074 73.6817 45.7056 40.7922 35.9026 46.0977 51.923 41.4849 36.6879 47.7598 42.0595 58.258 54.4885 45.2769 56.4004 40.3113 16.4012 51.225 33.1059 40.3113 53.535 56.8243 48.2597 26.2488 24.4131 20.8087 40.3113 21.5407 29.6142 16.5529 11.1803 20.0998 15.1327 13.4536 23.3452 9.8995 6.4031 35.2278 10.198 0 5.8309 10.4403 
33.541 5.8309 14.1421 13.0384 14.8661 19.8494 54.4518 10.4403 29 28.7924 24.4131 22.8254 30.4138 33.3766 33.3766 35 35.3553 37.3363 40.3113 40 39.0512 34.6554 38.8973 43.3244 42.4264 35.8469 50.3289 42.5206 56.7979 46.0977 43.0116 63.6396 60.208 61.7171 58.6003 67.2681 61.0328 66.4003 68.0074 65.192 64.846 52 52.8015 50.0899 64.2573 55.9017 58.8727 51.4782 44.2832 60.407 56.0803 58.3095 54.0833 75.8024 71.1969 66.2873 76.4853 67.1863 76.9025 72.0347 77.6209 50.2494 45.2769 40.3113 50.4876 56.0892 45.7056 40.7922 51.6624 46.0977 64.0312 60.208 50.04 62.2013 45.0444 18.0278 57.0088 38.9102 46.1411 59.3633 62.6498 54.0833 32.0156 30.2324 26.6271 46.0109 27.313 35.171 22.3607 16.0312 25.4951 20.6155 13 25.5539 10.198 7 40.6079 7.0711 5.8309 0 5 
38.0789 10.4403 18.0278 17.4642 19.6469 23.8537 58.0517 15.2971 32.6497 30.8869 27.5862 25.6125 30 34.4819 33 35.3553 35 38.3275 41.2311 40.3113 43.0116 38.2884 42.638 45.1885 46.0977 38.0789 52.3259 45.9674 59.1692 49.4975 46.0977 67.2681 63.6396 65.0692 61.7171 70.7107 64.0312 69.527 71.0634 68.0074 69.6419 56.648 57.3847 54.626 68.9493 60.4152 63.5689 55.9017 48.8467 65.3758 60.4152 62.6498 58.3095 80.7527 76.1183 71.1969 81.3941 72.0347 81.7863 76.9025 82.4621 55.2268 50.2494 45.2769 55.4437 61 50.636 45.7056 56.5155 50.9902 68.0074 64.0312 55.0364 66.2873 50.04 22.3607 61.0328 43.4626 50.5371 63.6318 67.082 58.3095 36.0555 34.4819 30.8869 49.8197 31.9531 40.025 26.9258 21.0238 30.4138 25.4951 12 29.9666 10.4403 8.6023 45.5412 5 10.4403 5 0 
PICKUP_AND_DELIVERY_SECTION
1 0 0 1000000000 0 0 0
2 0 0 1000000000 0 10 10
3 0 0 1000000000 0 30 30
4 0 0 1000000000 0 10 20
5 0 0 1000000000 0 10 50
6 0 0 1000000000 0 10 20
7 0 0 1000000000 0 20 10
8 0 0 1000000000 0 20 10
9 0 0 1000000000 0 20 20
10 0 0 1000000000 0 10 30
11 0 0 1000000000 0 10 10
12 0 0 1000000000 0 10 10
13 0 0 1000000000 0 20 10
14 0 0 1000000000 0 30 40
15 0 0 1000000000 0 10 30
16 0 0 1000000000 0 40 10
17 0 0 1000000000 0 40 20
18 0 0 1000000000 0 20 20
19 0 0 1000000000 0 20 40
20 0 0 1000000000 0 10 10
21 0 0 1000000000 0 10 50
22 0 0 1000000000 0 20 10
23 0 0 1000000000 0 20 20
24 0 0 1000000000 0 10 10
25 0 0 1000000000 0 10 10
26 0 0 1000000000 0 40 30
27 0 0 1000000000 0 10 50
28 0 0 1000000000 0 10 30
29 0 0 1000000000 0 20 50
30 0 0 1000000000 0 10 30
31 0 0 1000000000 0 10 10
32 0 0 1000000000 0 20 40
33 0 0 1000000000 0 30 30
34 0 0 1000000000 0 40 50
35 0 0 1000000000 0 20 20
36 0 0 1000000000 0 10 50
37 0 0 1000000000 0 10 40
38 0 0 1000000000 0 20 50
39 0 0 1000000000 0 30 40
40 0 0 1000000000 0 20 50
41 0 0 1000000000 0 10 50
42 0 0 1000000000 0 10 50
43 0 0 1000000000 0 20 30
44 0 0 1000000000 0 10 20
45 0 0 1000000000 0 10 40
46 0 0 1000000000 0 10 50
47 0 0 1000000000 0 30 50
48 0 0 1000000000 0 10 40
49 0 0 1000000000 0 10 30
50 0 0 1000000000 0 10 20
51 0 0 1000000000 0 10 40
52 0 0 1000000000 0 10 30
53 0 0 1000000000 0 10 50
54 0 0 1000000000 0 20 50
55 0 0 1000000000 0 40 10
56 0 0 1000000000 0 10 40
57 0 0 1000000000 0 30 20
58 0 0 1000000000 0 40 20
59 0 0 1000000000 0 30 20
60 0 0 1000000000 0 10 10
61 0 0 1000000000 0 20 20
62 0 0 1000000000 0 10 40
63 0 0 1000000000 0 20 20
64 0 0 1000000000 0 50 50
65 0 0 1000000000 0 10 10
66 0 0 1000000000 0 10 40
67 0 0 1000000000 0 10 10
68 0 0 1000000000 0 10 10
69 0 0 1000000000 0 10 40
70 0 0 1000000000 0 10 50
71 0 0 1000000000 0 30 10
72 0 0 1000000000 0 20 40
73 0 0 1000000000 0 10 10
74 0 0 1000000000 0 10 40
75 0 0 1000000000 0 50 20
76 0 0 1000000000 0 20 40
77 0 0 1000000000 0 10 30
78 0 0 1000000000 0 10 30
79 0 0 1000000000 0 20 10
80 0 0 1000000000 0 10 10
81 0 0 1000000000 0 10 50
82 0 0 1000000000 0 30 40
83 0 0 1000000000 0 20 30
84 0 0 1000000000 0 10 20
85 0 0 1000000000 0 20 20
86 0 0 1000000000 0 30 10
87 0 0 1000000000 0 10 40
88 0 0 1000000000 0 20 50
89 0 0 1000000000 0 30 10
90 0 0 1000000000 0 10 30
91 0 0 1000000000 0 10 30
92 0 0 1000000000 0 10 10
93 0 0 1000000000 0 20 40
94 0 0 1000000000 0 40 20
95 0 0 1000000000 0 10 10
96 0 0 1000000000 0 30 40
97 0 0 1000000000 0 10 50
98 0 0 1000000000 0 30 50
99 0 0 1000000000 0 20 20
100 0 0 1000000000 0 10 50
101 0 0 1000000000 0 20 20
